9
1 0
2 0
3 59.4286
4 0
5 206.564
6 216.308
7 0
8 130.64
9 269.576
9
1 0
2 0
3 0
4 0
5 205.581
6 216.716
7 0
8 131.149
9 269.785
9
1 0
2 0
3 0
4 0
5 207.179
6 216.923
7 0
8 131.927
9 268.909
9
1 0
2 0
3 0
4 0
5 215.583
6 216.179
7 0
8 136.145
9 261.415
9
1 0
2 0
3 60.5714
4 0
5 224.485
6 212.679
7 0
8 141.867
9 251.593
9
1 0
2 0
3 0
4 0
5 232.511
6 213.231
7 0
8 148.941
9 245.538
9
1 0
2 0
3 0
4 0
5 240.3
6 209.6
7 0
8 154.519
9 237.851
9
1 0
2 0
3 56.5
4 0
5 246.884
6 206.892
7 0
8 161.2
9 230.031
9
1 0
2 0
3 0
4 0
5 253.023
6 203.642
7 0
8 165.067
9 221.785
9
1 0
2 0
3 0
4 0
5 259.907
6 201.231
7 0
8 170.182
9 214.646
9
1 0
2 0
3 0
4 0
5 265.167
6 197.91
7 0
8 176
9 206.646
9
1 0
2 0
3 0
4 0
5 271.404
6 193.292
7 0
8 179.462
9 196.97
9
1 0
2 0
3 0
4 0
5 276.72
6 189.433
7 0
8 183.692
9 190.4
9
1 0
2 0
3 52.8
4 0
5 281.6
6 186.646
7 0
8 188.143
9 182.149
9
1 0
2 0
3 0
4 0
5 283.102
6 180.836
7 0
8 193.412
9 176.185
9
1 0
2 0
3 0
4 0
5 285.583
6 174.708
7 0
8 197.559
9 169.672
9
1 0
2 0
3 0
4 0
5 287.667
6 169.169
7 0
8 202.286
9 162.092
9
1 0
2 0
3 0
4 0
5 289.412
6 164
7 0
8 203.789
9 154.209
9
1 0
2 0
3 0
4 0
5 289.36
6 159.446
7 0
8 207.368
9 148
9
1 0
2 0
3 0
4 0
5 289.224
6 154.388
7 0
8 207.509
9 143.212
9
1 0
2 0
3 0
4 0
5 289.846
6 150.154
7 0
8 210.038
9 139.569
9
1 0
2 0
3 0
4 0
5 288.231
6 146.667
7 0
8 211.586
9 133.108
9
1 0
2 0
3 0
4 60.5714
5 287.918
6 142.625
7 0
8 212.632
9 127.323
9
1 0
2 0
3 0
4 58.2857
5 284.222
6 137.062
7 0
8 213.085
9 120.8
9
1 0
2 0
3 0
4 52.6667
5 278.56
6 131.692
7 0
8 213.571
9 115.508
9
1 0
2 0
3 0
4 66
5 281.538
6 127.127
7 0
8 214.37
9 110.413
9
1 0
2 0
3 51.5556
4 58.6667
5 277.725
6 123.333
7 0
8 215.709
9 105.667
9
1 0
2 0
3 0
4 58.6667
5 269.704
6 118.96
7 58.8
8 215.373
9 102.367
9
1 0
2 0
3 0
4 60.32
5 271.2
6 115.652
7 57.3333
8 214.737
9 96.3721
9
1 0
2 0
3 0
4 64.16
5 266.588
6 110
7 60.7273
8 213.655
9 94.2439
9
1 0
2 0
3 0
4 63.0909
5 260
6 108.41
7 62.5
8 210.034
9 89.2222
9
1 0
2 0
3 0
4 65.6471
5 257.085
6 105.778
7 62.6667
8 211.368
9 87.6471
9
1 0
2 0
3 0
4 68.48
5 249.133
6 101
7 68
8 210.345
9 84
9
1 0
2 0
3 0
4 70.1667
5 249.778
6 98.7879
7 71.5714
8 208.151
9 79.7241
9
1 0
2 0
3 0
4 73.6
5 246.286
6 96.2424
7 68.8
8 207
9 78.4615
9
1 0
2 0
3 0
4 74.125
5 241.36
6 93.3333
7 71.0909
8 206.237
9 76
9
1 0
2 0
3 0
4 77.2632
5 236.929
6 91.3333
7 72.96
8 202.915
9 73.5
9
1 0
2 0
3 0
4 79.2432
5 229.161
6 90.4615
7 75.2653
8 200.508
9 69.8824
9
1 0
2 0
3 0
4 80.4571
5 230.092
6 85.2414
7 77.4468
8 198.438
9 71.5789
9
1 0
2 0
3 0
4 83.0303
5 224.828
6 85.2
7 77.4545
8 199.586
9 70.2222
9
1 0
2 0
3 0
4 80.75
5 225.677
6 85.037
7 76.8814
8 195.213
9 69.0667
9
1 0
2 0
3 0
4 83.3143
5 232.525
6 86.2667
7 76.0667
8 188.59
9 71.8
9
1 0
2 0
3 0
4 85.3659
5 235.724
6 87.8667
7 75.6364
8 181.836
9 69.2308
9
1 0
2 0
3 0
4 87.1111
5 237.574
6 88.1538
7 74.5185
8 180.123
9 67
9
1 0
2 0
3 0
4 88.7805
5 239.322
6 87
7 75.234
8 176.333
9 65.8462
9
1 0
2 0
3 0
4 89.5135
5 239.212
6 89.375
7 73.0909
8 170.847
9 64.2353
9
1 0
2 0
3 0
4 91.0698
5 242.984
6 90.7586
7 74.0952
8 164.945
9 64.1905
9
1 0
2 0
3 57
4 92.4211
5 245.206
6 91.0667
7 72.6957
8 157.852
9 65.8
9
1 0
2 0
3 56.4444
4 93.8667
5 248.968
6 91.871
7 69.9574
8 156.2
9 63.619
9
1 0
2 0
3 63.4286
4 94.8936
5 252.123
6 92.1481
7 68.3902
8 150.737
9 62.6667
9
1 0
2 0
3 0
4 97.6
5 255
6 91.8667
7 68.2286
8 146.387
9 63.5789
9
1 0
2 54.5
3 55.6364
4 97.3585
5 257.292
6 93.7143
7 66.25
8 143.579
9 59.6364
9
1 0
2 48.5
3 0
4 98.2222
5 258.375
6 96.2581
7 66.2222
8 139.724
9 65.6667
9
1 0
2 0
3 55.6923
4 98.9804
5 256.875
6 94.125
7 65.44
8 137.164
9 62.4
9
1 0
2 49.1429
3 58.2609
4 98.7
5 262.188
6 96.7059
7 68.1818
8 133.517
9 59.25
9
1 0
2 0
3 55.5
4 99.7551
5 259.873
6 96.25
7 65.2632
8 128.436
9 57.75
9
1 0
2 62
3 63.5294
4 101.5
5 263.815
6 97.4194
7 63.8095
8 125.895
9 56.6316
9
1 0
2 49
3 58.4
4 101.057
5 264.75
6 98.8
7 60.6
8 122.717
9 56.2667
9
1 0
2 58.75
3 60
4 101.68
5 267.125
6 97.1429
7 60.6316
8 119.245
9 55.1429
9
1 56.8
2 62.1176
3 59.2308
4 101.333
5 268.25
6 99.375
7 68
8 117.357
9 66.1333
9
1 0
2 54.9091
3 62.5714
4 102.889
5 268.554
6 100.387
7 56.8
8 114.667
9 56.4
9
1 48
2 55.2727
3 65.4194
4 105.04
5 268.5
6 99.125
7 59.4286
8 109.929
9 54
9
1 55.4286
2 59.4783
3 67.0857
4 104.936
5 269.169
6 99.8788
7 0
8 101.778
9 54.9333
9
1 55.7647
2 66.8
3 68.6512
4 103.308
5 268.375
6 101.875
7 54.8
8 98.7857
9 56
9
1 61.8824
2 64.8571
3 70.6977
4 104.14
5 263.879
6 102.25
7 60.4444
8 95.1373
9 54.4
9
1 53.1667
2 68.6486
3 72.5455
4 105.429
5 267.312
6 103.125
7 0
8 88.7347
9 53
9
1 59
2 73.4444
3 78.8
4 104.643
5 265.6
6 103.636
7 0
8 83.913
9 64.5714
9
1 60.1667
2 77.1915
3 80.9302
4 104.897
5 264.836
6 102.706
7 0
8 80.5455
9 54.6667
9
1 59.8519
2 80.5
3 83.3077
4 105.862
5 262.031
6 105
7 0
8 77.8605
9 54
9
1 61.92
2 84.0833
3 85.7143
4 104.984
5 258.892
6 103.412
7 0
8 72.9091
9 48
9
1 65.7931
2 85.3333
3 85.6949
4 104.774
5 256.938
6 104.129
7 0
8 72.1081
9 51.6
9
1 66.625
2 88.5714
3 89.6842
4 104.657
5 253.152
6 103.059
7 0
8 69.4634
9 0
9
1 67.0303
2 96.8696
3 93.2698
4 105.062
5 248.938
6 102.4
7 0
8 64.2353
9 0
9
1 70.8571
2 105.185
3 97.4375
4 104.97
5 241.313
6 99.5294
7 0
8 63.3333
9 0
9
1 76.1176
2 109.544
3 101.143
4 104.19
5 237.046
6 99.7647
7 0
8 57.7143
9 0
9
1 76.7407
2 115.448
3 103.758
4 103.562
5 232.968
6 99.4444
7 0
8 58.7826
9 0
9
1 80.4211
2 117.533
3 104.738
4 102.413
5 230.222
6 98.303
7 0
8 62.8889
9 0
9
1 81.5
2 122.456
3 106.448
4 102.061
5 227.062
6 97.2973
7 0
8 57.0667
9 0
9
1 85.1
2 124.759
3 109.292
4 101.016
5 221.118
6 97.561
7 0
8 58.5455
9 0
9
1 85.4
2 126.8
3 110.788
4 101.538
5 222.4
6 97.7297
7 0
8 58.5455
9 0
9
1 87.0244
2 128.746
3 110.5
4 100.97
5 219.761
6 96.5
7 0
8 51.4667
9 0
9
1 92.6486
2 137.079
3 115.818
4 99.125
5 212.738
6 94.6667
7 0
8 52.8889
9 0
9
1 97.6216
2 145.902
3 119.569
4 96.2462
5 204.597
6 93.3684
7 0
8 0
9 0
9
1 103.122
2 151.688
3 123.077
4 94.6462
5 195.746
6 90.5641
7 0
8 0
9 0
9
1 107.8
2 162.4
3 127.045
4 92.6061
5 189.455
6 89.6842
7 0
8 0
9 0
9
1 109.422
2 166.031
3 128
4 92.4308
5 184.127
6 88.7111
7 0
8 0
9 0
9
1 112
2 168.123
3 128.597
4 91.1875
5 182.606
6 87.5238
7 0
8 0
9 0
9
1 110.6
2 168.185
3 130.154
4 90.0308
5 183.438
6 87.7273
7 0
8 0
9 0
9
1 108.711
2 169.471
3 135.881
4 87.3793
5 185.548
6 89.7561
7 0
8 0
9 0
9
1 108.526
2 170.154
3 138.646
4 85.1636
5 186.215
6 91.9149
7 0
8 0
9 0
9
1 105.366
2 170.667
3 144.485
4 79.5349
5 191.672
6 96.3137
7 0
8 0
9 0
9
1 104.25
2 170.523
3 151.077
4 75.2857
5 197.587
6 101.283
7 0
8 0
9 0
9
1 97.1429
2 168.387
3 156.738
4 75.0345
5 200.923
6 105.667
7 0
8 0
9 0
9
1 96.4444
2 168.952
3 160.848
4 72.8889
5 202.523
6 108
7 0
8 0
9 0
9
1 95.1429
2 167.869
3 165.292
4 71
5 204.516
6 111.754
7 0
8 0
9 0
9
1 90.8718
2 166.067
3 172.896
4 65.5
5 208.483
6 116.545
7 0
8 0
9 0
9
1 88.8571
2 165.933
3 178.154
4 63.6
5 209.614
6 119.262
7 0
8 0
9 0
9
1 86.9091
2 165.524
3 178.925
4 64
5 209.613
6 119.015
7 0
8 0
9 0
9
1 87.0968
2 166.23
3 178.708
4 0
5 209.103
6 119.446
7 0
8 0
9 0
9
1 84.8205
2 164.452
3 184
4 60
5 211.088
6 120.688
7 0
8 0
9 0
9
1 83.4118
2 164.065
3 189.354
4 0
5 211.533
6 124.955
7 0
8 0
9 0
9
1 81.5758
2 162.035
3 195.403
4 0
5 212.714
6 128.554
7 0
8 0
9 0
9
1 76.6452
2 160.351
3 200.985
4 0
5 215.082
6 132.358
7 0
8 0
9 0
9
1 76.5
2 157.964
3 208.923
4 0
5 216.339
6 136.615
7 0
8 0
9 0
9
1 74
2 156.528
3 213.723
4 0
5 214.237
6 139.881
7 0
8 0
9 0
9
1 73.4286
2 154.039
3 218.646
4 0
5 215.228
6 143.446
7 0
8 0
9 0
9
1 69.5714
2 151.241
3 225.373
4 0
5 215.355
6 147.403
7 0
8 0
9 0
9
1 72.1818
2 149.569
3 229.292
4 0
5 214.571
6 149.6
7 0
8 0
9 0
9
1 66.2
2 146.717
3 235.463
4 0
5 213.22
6 153.846
7 0
8 0
9 0
9
1 66.3636
2 144.453
3 238.708
4 0
5 212.784
6 157.477
7 0
8 0
9 0
9
1 63.1304
2 141.778
3 244.896
4 0
5 210.667
6 160.677
7 0
8 0
9 0
9
1 59.7778
2 139.462
3 250.523
4 0
5 209.053
6 165.672
7 0
8 0
9 0
9
1 57.3333
2 133.167
3 244.364
4 0
5 201
6 163.636
7 0
8 0
9 0
9
1 0
2 130.933
3 245.913
4 0
5 194.25
6 166.4
7 0
8 0
9 0
9
1 56
2 127.911
3 261.5
4 0
5 204.226
6 177.968
7 0
8 0
9 0
9
1 54.2857
2 125.273
3 263.2
4 0
5 203.797
6 180.179
7 0
8 0
9 0
9
1 60.4
2 122
3 265.6
4 0
5 201.053
6 183.754
7 0
8 0
9 0
9
1 58
2 121.469
3 266.4
4 0
5 200.615
6 186.448
7 0
8 0
9 0
9
1 55.4286
2 118.745
3 268.125
4 0
5 197.448
6 187.877
7 0
8 0
9 0
9
1 0
2 115.915
3 270.061
4 0
5 195.368
6 189.6
7 0
8 0
9 56
9
1 53
2 113.641
3 272
4 0
5 193.887
6 192.727
7 0
8 0
9 0
9
1 0
2 112.49
3 273.292
4 0
5 191.862
6 195.692
7 0
8 0
9 0
9
1 0
2 109.167
3 273.742
4 0
5 188.6
6 196.836
7 0
8 0
9 0
9
1 0
2 107.25
3 274.954
4 0
5 184.968
6 200.308
7 0
8 0
9 0
9
1 0
2 105.362
3 275.312
4 0
5 182.169
6 201.791
7 0
8 0
9 0
9
1 0
2 104
3 274
4 0
5 178.828
6 204
7 0
8 0
9 0
9
1 0
2 100.976
3 273.108
4 0
5 177.574
6 205.313
7 0
8 0
9 57.2308
9
1 0
2 98.7879
3 274.034
4 0
5 174.508
6 207.938
7 0
8 0
9 0
9
1 0
2 95
3 274.125
4 0
5 171.931
6 208.985
7 0
8 0
9 0
9
1 0
2 92.5854
3 272.414
4 0
5 167.933
6 211.455
7 0
8 0
9 48
9
1 0
2 90.5714
3 271.273
4 0
5 163.615
6 213.908
7 0
8 0
9 0
9
1 62.6667
2 90.6316
3 269.905
4 0
5 162.129
6 214.909
7 0
8 0
9 54.2857
9
1 0
2 88.878
3 268.138
4 0
5 163.608
6 216.554
7 0
8 0
9 52.3636
9
1 0
2 86.1463
3 263.6
4 0
5 167.864
6 220.716
7 0
8 0
9 52
9
1 0
2 83.7778
3 259.517
4 0
5 171.322
6 222.954
7 0
8 0
9 56.4
9
1 0
2 81.4545
3 252.643
4 0
5 177.123
6 227.94
7 0
8 0
9 70.8571
9
1 0
2 79.5429
3 245.517
4 0
5 182.077
6 230.585
7 0
8 0
9 59.2
9
1 0
2 78
3 241.288
4 0
5 184.667
6 231.522
7 0
8 0
9 59.4667
9
1 0
2 76.8696
3 235.927
4 0
5 188.912
6 233.354
7 0
8 0
9 65.4
9
1 0
2 75.0345
3 232.787
4 0
5 190.357
6 233.908
7 0
8 0
9 64
9
1 0
2 76.4286
3 230.175
4 0
5 191.714
6 235.077
7 0
8 0
9 62
9
1 0
2 72.375
3 224.706
4 0
5 195.724
6 235.138
7 0
8 0
9 66.2857
9
1 0
2 71.8788
3 218.714
4 0
5 199.719
6 236.303
7 0
8 0
9 67.2727
9
1 0
2 71.68
3 213.724
4 0
5 203.39
6 237.477
7 0
8 0
9 68.7143
9
1 0
2 69.2414
3 207.6
4 0
5 206.255
6 235.94
7 0
8 0
9 70.6667
9
1 0
2 68.16
3 207.217
4 0
5 208.414
6 237.723
7 0
8 50.8571
9 72.8
9
1 0
2 66.9091
3 199.529
4 0
5 212.643
6 236.418
7 0
8 0
9 76.4615
9
1 0
2 64.7143
3 193.556
4 0
5 217.259
6 236.738
7 0
8 0
9 78.3784
9
1 0
2 62.72
3 189.098
4 0
5 221.818
6 235.164
7 0
8 0
9 82.0541
9
1 0
2 72
3 182.745
4 0
5 225.63
6 234.769
7 0
8 0
9 87.1628
9
1 0
2 58.5882
3 174.043
4 0
5 229.538
6 233.212
7 0
8 52.2857
9 89.8605
9
1 0
2 56.6154
3 170.16
4 0
5 230.836
6 233.169
7 0
8 53.4118
9 93.9394
9
1 0
2 56.4211
3 170.286
4 0
5 230.776
6 232.985
7 0
8 55.7647
9 93.6889
9
1 0
2 54.4
3 167.064
4 0
5 230.776
6 232.776
7 0
8 54.6667
9 95.4043
9
1 0
2 61.5
3 156.235
4 0
5 232.96
6 230.462
7 0
8 57.8667
9 106.609
9
1 0
2 0
3 151.739
4 0
5 237.333
6 230.746
7 0
8 59.1111
9 111.673
9
1 0
2 65.4545
3 149.684
4 0
5 237.509
6 229.908
7 0
8 58.3704
9 112.851
9
1 0
2 60.5
3 145.422
4 0
5 241.083
6 229.015
7 0
8 60.4615
9 117.909
9
1 0
2 0
3 140.435
4 0
5 243.846
6 229.231
7 0
8 65.1429
9 122.522
9
1 0
2 0
3 136
4 0
5 245.309
6 229.194
7 0
8 67.6667
9 127.2
9
1 0
2 0
3 131.289
4 0
5 247.234
6 230.708
7 0
8 67.6
9 133.043
9
1 0
2 0
3 129.156
4 0
5 247.547
6 230.215
7 0
8 71.4118
9 135.92
9
1 0
2 0
3 125.364
4 0
5 250.308
6 231.015
7 0
8 72.3243
9 137.083
9
1 0
2 0
3 119.822
4 0
5 250.431
6 230.4
7 0
8 73.1852
9 145.769
9
1 0
2 0
3 114.213
4 0
5 249.5
6 232.424
7 0
8 73.5135
9 151.933
9
1 0
2 0
3 107.2
4 0
5 245.581
6 233.538
7 0
8 74.9333
9 162.276
9
1 0
2 0
3 98.5263
4 0
5 245.878
6 234.806
7 0
8 80.9362
9 173.527
9
1 0
2 0
3 93.4359
4 0
5 244.408
6 235.877
7 0
8 83.913
9 179.525
9
1 0
2 0
3 89.5758
4 0
5 243.378
6 237.791
7 0
8 89.2381
9 185.333
9
1 0
2 0
3 83.3548
4 0
5 239.826
6 237.415
7 0
8 90.9767
9 191.119
9
1 0
2 0
3 79.625
4 0
5 238.553
6 237.254
7 0
8 92.7347
9 197.933
9
1 0
2 0
3 77.8182
4 0
5 236.5
6 237.231
7 0
8 95.6444
9 200.903
9
1 0
2 0
3 73.4545
4 0
5 233.36
6 237.313
7 0
8 99.5102
9 209.46
9
1 0
2 0
3 70.8571
4 0
5 232.089
6 235.508
7 0
8 103.36
9 215.939
9
1 0
2 0
3 66.3158
4 0
5 226.439
6 233.231
7 0
8 108.898
9 226.857
9
1 0
2 0
3 62.7692
4 0
5 220.105
6 228.554
7 0
8 113.193
9 237.049
9
1 0
2 0
3 64.7273
4 0
5 215.122
6 224
7 0
8 117.689
9 246.476
9
1 0
2 0
3 60.5714
4 0
5 208.596
6 220.657
7 0
8 121.379
9 254.312
9
1 0
2 0
3 0
4 0
5 205
6 217.415
7 0
8 124.83
9 261.6
9
1 0
2 0
3 0
4 0
5 199.915
6 212.955
7 0
8 129.283
9 268.862
9
1 0
2 0
3 0
4 0
5 198.703
6 211.815
7 0
8 129.511
9 272.239
9
1 0
2 0
3 0
4 0
5 196.6
6 210.03
7 0
8 130
9 270.277
9
1 0
2 0
3 0
4 0
5 197.366
6 209.846
7 0
8 128.214
9 269.254
9
1 0
2 0
3 0
4 0
5 196.727
6 210.154
7 0
8 128.98
9 269.785
9
1 0
2 0
3 0
4 0
5 196.455
6 209.477
7 0
8 128.245
9 269.791
