9
1 0
2 0
3 0
4 0
5 0
6 98.3529
7 0
8 76.8571
9 300.615
9
1 0
2 0
3 0
4 0
5 0
6 98.6667
7 0
8 77.2
9 302.364
9
1 0
2 0
3 0
4 0
5 0
6 104
7 0
8 78
9 301.667
9
1 0
2 0
3 0
4 0
5 0
6 111.059
7 0
8 82.2857
9 301.091
9
1 0
2 0
3 0
4 0
5 0
6 115.81
7 0
8 84.3333
9 300.5
9
1 0
2 0
3 0
4 0
5 62.5
6 121.636
7 0
8 85.8
9 300.174
9
1 0
2 0
3 0
4 0
5 0
6 126.4
7 0
8 88.6667
9 299.818
9
1 0
2 0
3 0
4 0
5 0
6 129.684
7 0
8 90.6667
9 300.148
9
1 0
2 0
3 0
4 0
5 65.1429
6 134.105
7 0
8 92.2667
9 297.6
9
1 0
2 0
3 0
4 0
5 72.3636
6 141.28
7 0
8 94.6667
9 296.64
9
1 0
2 0
3 0
4 0
5 81
6 145.091
7 0
8 97.4286
9 294.308
9
1 0
2 0
3 0
4 0
5 80.3636
6 149.6
7 0
8 99.1111
9 292.333
9
1 0
2 0
3 0
4 0
5 82.8571
6 153.524
7 0
8 100
9 290.4
9
1 0
2 0
3 0
4 0
5 87.4286
6 157.636
7 0
8 101
9 286.545
9
1 0
2 0
3 0
4 0
5 91.1111
6 161.913
7 0
8 103.692
9 285
9
1 0
2 0
3 0
4 0
5 101.455
6 167.04
7 0
8 105.429
9 278.88
9
1 0
2 0
3 0
4 0
5 107.733
6 172
7 0
8 106.667
9 269.6
9
1 0
2 0
3 0
4 0
5 111.467
6 174.24
7 0
8 106.545
9 267.538
9
1 0
2 0
3 0
4 0
5 114.947
6 178.4
7 0
8 109.429
9 259.68
9
1 0
2 0
3 0
4 0
5 125.067
6 180
7 0
8 110.353
9 250.308
9
1 0
2 0
3 0
4 0
5 129.882
6 185.6
7 0
8 109.778
9 241.12
9
1 0
2 0
3 0
4 0
5 133.684
6 187.556
7 0
8 109.231
9 235.167
9
1 0
2 0
3 0
4 0
5 141.6
6 190.08
7 0
8 110.5
9 225.481
9
1 0
2 0
3 0
4 0
5 141.25
6 189.231
7 0
8 110.222
9 222.833
9
1 0
2 0
3 0
4 0
5 141.667
6 188.96
7 0
8 110
9 223.538
9
1 0
2 0
3 0
4 0
5 147.333
6 192.32
7 0
8 109.143
9 216.167
9
1 0
2 0
3 0
4 0
5 152.267
6 192.889
7 0
8 110.667
9 209.12
9
1 0
2 0
3 0
4 0
5 157.333
6 194.08
7 0
8 109.474
9 202.923
9
1 0
2 0
3 0
4 0
5 167.75
6 197.185
7 0
8 110.667
9 192
9
1 0
2 0
3 0
4 0
5 172
6 197.44
7 0
8 109.684
9 184.769
9
1 0
2 0
3 0
4 0
5 177
6 197.92
7 0
8 109.684
9 179.36
9
1 0
2 0
3 0
4 0
5 184
6 198
7 0
8 108.667
9 174.615
9
1 0
2 0
3 56
4 0
5 190.118
6 196.8
7 0
8 108.941
9 168
9
1 0
2 0
3 60.5714
4 0
5 196.421
6 198.963
7 0
8 107.4
9 161.913
9
1 0
2 0
3 0
4 0
5 201.778
6 197.92
7 0
8 104.706
9 157.273
9
1 0
2 0
3 0
4 0
5 202.947
6 198.815
7 0
8 104.533
9 154
9
1 0
2 0
3 0
4 0
5 202.105
6 199.04
7 0
8 105.4
9 154.333
9
1 0
2 0
3 65.8182
4 0
5 205.647
6 198.88
7 0
8 106.588
9 151.652
9
1 0
2 0
3 65
4 0
5 209.333
6 198.667
7 0
8 104.174
9 147.667
9
1 0
2 0
3 65.7143
4 0
5 213.176
6 198.08
7 0
8 104.8
9 145.667
9
1 0
2 0
3 0
4 0
5 217.714
6 197.185
7 0
8 102.476
9 140.32
9
1 0
2 0
3 0
4 0
5 225.8
6 196.32
7 0
8 100.87
9 132.615
9
1 0
2 0
3 72.3333
4 0
5 233.053
6 193.76
7 0
8 99.5
9 125.333
9
1 0
2 0
3 73.4545
4 0
5 237.8
6 194.4
7 0
8 94.9474
9 119.556
9
1 0
2 0
3 74.3333
4 0
5 239.333
6 193.44
7 0
8 96.6667
9 117.391
9
1 0
2 0
3 77.6667
4 0
5 241.6
6 194.37
7 0
8 93.6
9 116.545
9
1 0
2 0
3 77.4286
4 0
5 243.25
6 192.8
7 0
8 93.8667
9 112.444
9
1 0
2 0
3 81.2308
4 0
5 248.889
6 189.12
7 0
8 92
9 103.818
9
1 0
2 0
3 84
4 0
5 252.211
6 187.556
7 0
8 91.1111
9 99.6
9
1 0
2 0
3 81.4545
4 0
5 253.556
6 187.2
7 0
8 89.7143
9 96.1818
9
1 0
2 0
3 85.8462
4 0
5 256.348
6 183.692
7 0
8 88
9 93.0526
9
1 0
2 0
3 89.6471
4 0
5 259.158
6 180.96
7 0
8 83.25
9 85.6
9
1 0
2 0
3 90.4
4 0
5 260.2
6 178.24
7 0
8 82.7273
9 84.1818
9
1 0
2 0
3 91.6923
4 0
5 262.118
6 174.37
7 0
8 79.75
9 79.4
9
1 0
2 0
3 94.5263
4 0
5 263.059
6 171.04
7 0
8 79.25
9 75.3043
9
1 0
2 0
3 93.2632
4 0
5 265.263
6 168.741
7 0
8 76.75
9 72.4444
9
1 0
2 0
3 96.4444
4 0
5 264.667
6 165.6
7 0
8 74.75
9 67.1579
9
1 0
2 0
3 99.3684
4 0
5 266.833
6 161.76
7 0
8 71.75
9 64.75
9
1 0
2 57.1429
3 102.105
4 0
5 266.4
6 157.077
7 0
8 71.1111
9 62.7692
9
1 0
2 62
3 102.444
4 0
5 265.043
6 152.48
7 0
8 67.6923
9 60.7273
9
1 0
2 68.3636
3 104.222
4 0
5 264.571
6 152.741
7 0
8 68.3636
9 56.2857
9
1 0
2 65.8824
3 104.235
4 0
5 264.4
6 148.96
7 0
8 65.0667
9 57.3333
9
1 0
2 72.2667
3 107.81
4 0
5 260.87
6 143.231
7 0
8 60.2667
9 0
9
1 0
2 76.8421
3 108.19
4 0
5 257.565
6 137.76
7 0
8 59.7333
9 52
9
1 0
2 77.5
3 108.8
4 0
5 257.167
6 134.72
7 0
8 56
9 0
9
1 0
2 83.0588
3 109.167
4 0
5 254.947
6 130.667
7 0
8 54.8
9 0
9
1 48.5714
2 87.4
3 110.333
4 59
5 252.2
6 126.24
7 0
8 0
9 0
9
1 49.7143
2 90
3 111.84
4 60
5 247.619
6 123.2
7 0
8 54.6667
9 0
9
1 56.5
2 94.3529
3 110.667
4 60.7273
5 244.522
6 119.84
7 0
8 54.4
9 0
9
1 0
2 97.3913
3 110.074
4 59.1111
5 240.522
6 116.167
7 0
8 0
9 0
9
1 0
2 98.9474
3 110.56
4 60
5 236.522
6 114.08
7 0
8 0
9 0
9
1 59.6667
2 105.636
3 110.963
4 62.4615
5 229.76
6 109.684
7 0
8 0
9 0
9
1 63.6667
2 110.4
3 110.4
4 67.7333
5 223.385
6 104.727
7 0
8 0
9 0
9
1 67.4286
2 114.609
3 110.4
4 66.4
5 217.524
6 100.727
7 0
8 0
9 0
9
1 74.4
2 121.455
3 109.538
4 67.0588
5 207.385
6 94.5263
7 0
8 0
9 0
9
1 77.4545
2 122.957
3 108.48
4 69
5 200.833
6 90
7 0
8 0
9 0
9
1 82.4615
2 129.12
3 107.407
4 72
5 192
6 88.2353
7 0
8 0
9 0
9
1 84.6154
2 130.88
3 107.52
4 73
5 186.88
6 82.9333
7 0
8 0
9 0
9
1 90.7692
2 136.48
3 105.231
4 76.5714
5 178.333
6 78.6667
7 0
8 0
9 0
9
1 93.8182
2 140.64
3 104.32
4 76.3333
5 173.63
6 77.3333
7 0
8 0
9 0
9
1 99.25
2 146.24
3 102.72
4 78.4
5 163.36
6 71.6667
7 0
8 0
9 0
9
1 103.077
2 150.615
3 101.778
4 79.6923
5 157.12
6 68.4444
7 0
8 0
9 0
9
1 109.412
2 153.167
3 100
4 82.4
5 152
6 63.3333
7 0
8 0
9 0
9
1 113.5
2 154.429
3 96.8889
4 84
5 145.833
6 61.2
7 0
8 0
9 0
9
1 116.75
2 159.333
3 96.32
4 82.6154
5 141.333
6 60.5
7 0
8 0
9 0
9
1 119.333
2 161.846
3 95.3043
4 85.44
5 137.76
6 0
7 0
8 0
9 0
9
1 123.25
2 164.8
3 93
4 86.8148
5 129.333
6 0
7 0
8 0
9 0
9
1 134.75
2 171.68
3 89.6
4 88.96
5 121.76
6 0
7 0
8 0
9 0
9
1 143.765
2 174.37
3 85.8
4 87.2593
5 117.44
6 0
7 0
8 0
9 0
9
1 148.923
2 176.32
3 86.0952
4 91.52
5 112
6 0
7 0
8 0
9 0
9
1 158
2 179.852
3 81.8462
4 89.3846
5 104.833
6 0
7 0
8 0
9 0
9
1 164.286
2 181.76
3 78.6667
4 90.0741
5 98.4615
6 0
7 0
8 0
9 0
9
1 167.667
2 183.68
3 78
4 92.6667
5 97.6
6 0
7 0
8 0
9 0
9
1 174
2 183.385
3 76.3077
4 92
5 92.64
6 0
7 0
8 0
9 0
9
1 180.222
2 178.615
3 74
4 92.48
5 89.6
6 0
7 0
8 0
9 0
9
1 184.706
2 185.481
3 74.5455
4 93
5 85.5
6 0
7 0
8 0
9 0
9
1 190
2 186.56
3 72.5
4 93.92
5 82.7692
6 0
7 0
8 0
9 0
9
1 194.25
2 186
3 69.8182
4 92.5
5 79.6667
6 0
7 0
8 0
9 0
9
1 194.667
2 185.28
3 68.4
4 93.44
5 75.2308
6 0
7 0
8 0
9 0
9
1 204.75
2 187.2
3 0
4 91.68
5 72.16
6 0
7 0
8 0
9 0
9
1 213.6
2 184.741
3 65.5
4 90.4
5 67.8095
6 0
7 0
8 0
9 0
9
1 216.267
2 185.12
3 0
4 91.6522
5 65.913
6 0
7 0
8 0
9 0
9
1 216
2 184.741
3 0
4 91.04
5 66.1053
6 0
7 0
8 0
9 0
9
1 220.444
2 183.68
3 0
4 89.037
5 63.2
6 0
7 0
8 0
9 0
9
1 224
2 183.04
3 0
4 89.3913
5 63.4
6 0
7 0
8 0
9 0
9
1 218
2 176.296
3 0
4 88.8
5 59.25
6 0
7 0
8 0
9 0
9
1 220.8
2 179.04
3 0
4 86.4
5 58.5
6 0
7 0
8 0
9 0
9
1 236.8
2 178.667
3 0
4 87.619
5 54.4615
6 0
7 0
8 0
9 0
9
1 239.5
2 177.12
3 0
4 87.3043
5 54.5
6 0
7 0
8 0
9 0
9
1 240
2 171.538
3 0
4 87.8095
5 56
6 0
7 0
8 0
9 0
9
1 225.333
2 176.32
3 0
4 87.04
5 54
6 0
7 0
8 0
9 0
9
1 240.923
2 175.2
3 0
4 85.5238
5 56.6667
6 0
7 0
8 0
9 0
9
1 244.267
2 171.704
3 0
4 85.913
5 51
6 0
7 0
8 0
9 0
9
1 230.857
2 171.68
3 0
4 85.5238
5 50.8571
6 0
7 0
8 0
9 0
