9
1 0
2 0
3 0
4 0
5 200.444
6 210.72
7 0
8 130.095
9 267.846
9
1 0
2 0
3 0
4 0
5 198.737
6 209.481
7 0
8 131.048
9 265.6
9
1 0
2 0
3 0
4 0
5 199.077
6 209.28
7 0
8 128.522
9 267.259
9
1 0
2 0
3 0
4 0
5 198.353
6 209.12
7 0
8 129.684
9 266.56
9
1 0
2 0
3 0
4 0
5 198.4
6 209.846
7 0
8 129.4
9 267.231
9
1 0
2 0
3 0
4 0
5 198.4
6 210.88
7 0
8 130.2
9 268.16
9
1 0
2 0
3 0
4 0
5 199.778
6 210.519
7 0
8 129.263
9 267.68
9
1 0
2 0
3 0
4 0
5 200
6 210.08
7 0
8 130.476
9 269.037
9
1 0
2 0
3 0
4 0
5 202.25
6 212
7 0
8 132.211
9 267.84
9
1 0
2 0
3 0
4 0
5 201.778
6 211.2
7 0
8 130
9 266.769
9
1 0
2 0
3 0
4 0
5 204
6 210.4
7 0
8 131.778
9 264.96
9
1 0
2 0
3 0
4 0
5 207.429
6 209.778
7 0
8 134.6
9 262.24
9
1 0
2 0
3 0
4 0
5 212.267
6 210.24
7 0
8 135.778
9 258.154
9
1 0
2 0
3 0
4 0
5 212.941
6 209.63
7 0
8 137.905
9 257.44
9
1 0
2 0
3 0
4 0
5 217.263
6 209.92
7 0
8 140.19
9 254.222
9
1 0
2 0
3 0
4 0
5 217.429
6 209.44
7 0
8 142.824
9 250.88
9
1 0
2 0
3 0
4 0
5 218
6 206.222
7 0
8 141.6
9 238.25
9
1 0
2 0
3 0
4 0
5 0
6 0
7 0
8 0
9 0
9
1 0
2 0
3 0
4 0
5 0
6 0
7 0
8 0
9 0
9
1 0
2 0
3 0
4 0
5 218.286
6 201.714
7 0
8 142.857
9 224.889
9
1 0
2 0
3 0
4 0
5 225.667
6 201.913
7 0
8 147.556
9 233.455
9
1 0
2 0
3 0
4 0
5 230.857
6 199.333
7 0
8 147.5
9 230.947
9
1 0
2 0
3 0
4 0
5 0
6 0
7 0
8 0
9 0
9
1 0
2 0
3 0
4 0
5 204
6 0
7 0
8 145.091
9 0
9
1 0
2 0
3 0
4 0
5 197.143
6 0
7 0
8 136
9 0
9
1 0
2 0
3 0
4 0
5 233.333
6 196
7 0
8 150.5
9 216.381
9
1 0
2 0
3 0
4 0
5 242.824
6 199.333
7 0
8 160.174
9 221.692
9
1 0
2 0
3 0
4 0
5 244.762
6 201.92
7 0
8 159.826
9 221.44
9
1 0
2 0
3 0
4 0
5 247.529
6 200.48
7 0
8 162.923
9 220
9
1 0
2 0
3 0
4 0
5 249.333
6 197.76
7 0
8 162.2
9 217.92
9
1 0
2 0
3 0
4 0
5 248.667
6 196
7 0
8 163.652
9 212.96
9
1 0
2 0
3 0
4 0
5 252.842
6 196.32
7 0
8 165.833
9 211.407
9
1 0
2 0
3 0
4 0
5 248.615
6 187.75
7 0
8 163.692
9 206.4
9
1 0
2 0
3 0
4 0
5 226.8
6 170.667
7 0
8 151.111
9 187.667
9
1 0
2 0
3 0
4 0
5 225.5
6 174.545
7 0
8 147.2
9 180.444
9
1 0
2 0
3 0
4 0
5 0
6 0
7 0
8 0
9 0
9
1 0
2 0
3 0
4 0
5 234.222
6 174.545
7 0
8 0
9 180
9
1 0
2 0
3 0
4 0
5 0
6 166.286
7 0
8 0
9 165.778
9
1 0
2 0
3 0
4 0
5 0
6 0
7 0
8 0
9 169.714
9
1 0
2 0
3 0
4 0
5 0
6 169.818
7 0
8 0
9 0
9
1 0
2 0
3 0
4 0
5 0
6 169.143
7 0
8 0
9 181.333
9
1 0
2 0
3 0
4 0
5 0
6 174.286
7 0
8 0
9 176.571
9
1 0
2 0
3 0
4 0
5 257.25
6 179.167
7 0
8 172.923
9 179.158
9
1 0
2 0
3 0
4 0
5 256
6 181.217
7 0
8 173.647
9 183.13
9
1 0
2 0
3 0
4 0
5 263.2
6 180.167
7 0
8 175.158
9 180.909
9
1 0
2 0
3 0
4 0
5 258.118
6 181.44
7 0
8 175.273
9 182.087
9
1 0
2 0
3 0
4 0
5 259.077
6 176.667
7 0
8 176
9 184.706
9
1 0
2 0
3 0
4 0
5 0
6 0
7 0
8 0
9 0
9
1 0
2 0
3 0
4 0
5 0
6 0
7 0
8 0
9 0
9
1 0
2 0
3 0
4 0
5 0
6 176.889
7 0
8 0
9 171.429
9
1 0
2 0
3 0
4 0
5 260.8
6 173.538
7 0
8 176.667
9 176.267
9
1 0
2 0
3 0
4 0
5 0
6 0
7 0
8 0
9 0
9
1 0
2 0
3 0
4 0
5 0
6 0
7 0
8 0
9 0
9
1 0
2 0
3 0
4 0
5 0
6 0
7 0
8 0
9 0
9
1 0
2 0
3 0
4 0
5 0
6 0
7 0
8 0
9 0
9
1 0
2 0
3 0
4 0
5 0
6 0
7 0
8 0
9 0
9
1 0
2 0
3 0
4 0
5 0
6 0
7 0
8 0
9 0
9
1 0
2 0
3 0
4 0
5 0
6 0
7 0
8 0
9 0
9
1 0
2 0
3 0
4 0
5 0
6 0
7 0
8 0
9 0
9
1 0
2 0
3 0
4 0
5 0
6 0
7 0
8 0
9 0
9
1 0
2 0
3 0
4 0
5 0
6 0
7 0
8 0
9 0
9
1 0
2 0
3 0
4 0
5 0
6 0
7 0
8 0
9 0
9
1 0
2 0
3 0
4 0
5 0
6 0
7 0
8 0
9 0
9
1 0
2 0
3 0
4 0
5 0
6 0
7 0
8 0
9 0
9
1 0
2 0
3 0
4 0
5 0
6 0
7 0
8 0
9 0
9
1 0
2 0
3 0
4 0
5 283.158
6 166.667
7 0
8 197.667
9 159.68
9
1 0
2 0
3 0
4 0
5 283
6 165.12
7 0
8 197.053
9 157.778
9
1 0
2 0
3 0
4 0
5 284
6 163.846
7 0
8 198.857
9 159.52
9
1 0
2 0
3 0
4 0
5 282.667
6 165.12
7 0
8 200.348
9 156.741
9
1 0
2 0
3 0
4 0
5 283.765
6 163.84
7 0
8 199.13
9 154.88
9
1 0
2 0
3 0
4 0
5 283.778
6 158.143
7 0
8 200
9 152.8
9
1 0
2 0
3 0
4 0
5 284.706
6 159.04
7 0
8 202.182
9 150.462
9
1 0
2 0
3 0
4 0
5 283.158
6 159.704
7 0
8 203.238
9 150.72
9
1 0
2 0
3 0
4 0
5 284.471
6 157.44
7 0
8 202.5
9 149.037
9
1 0
2 0
3 0
4 0
5 283.556
6 157.76
7 0
8 203.636
9 148.32
9
1 0
2 0
3 0
4 0
5 284.889
6 156.296
7 0
8 204.833
9 145.12
9
1 0
2 0
3 0
4 0
5 282.889
6 155.2
7 0
8 204.571
9 145.28
9
1 0
2 0
3 0
4 0
5 283.048
6 153.037
7 0
8 207.636
9 144
9
1 0
2 0
3 0
4 0
5 283.556
6 152
7 0
8 205.391
9 142.074
9
1 0
2 0
3 0
4 0
5 283.059
6 151.538
7 0
8 204.632
9 141.44
9
1 0
2 0
3 0
4 0
5 281.25
6 150.4
7 0
8 207.68
9 139.407
9
1 0
2 0
3 0
4 0
5 284
6 147.2
7 0
8 206.316
9 139.52
9
1 0
2 0
3 0
4 0
5 280.706
6 148.308
7 0
8 208.4
9 134.72
9
1 0
2 0
3 0
4 0
5 284.211
6 146.833
7 0
8 206.261
9 134.667
9
1 0
2 0
3 0
4 0
5 282.4
6 143.407
7 0
8 208.522
9 132.64
9
1 0
2 0
3 0
4 0
5 283.75
6 147.04
7 0
8 206.909
9 132.741
9
1 0
2 0
3 0
4 0
5 283.111
6 138.923
7 0
8 210.609
9 130.72
9
1 0
2 0
3 0
4 0
5 282.6
6 143.259
7 0
8 208.8
9 132.64
9
1 0
2 0
3 0
4 0
5 283.455
6 142.88
7 0
8 208
9 127.077
9
1 0
2 0
3 0
4 0
5 281.111
6 137.286
7 0
8 211.8
9 126.72
9
1 0
2 0
3 0
4 0
5 283.579
6 140
7 0
8 210.087
9 127.704
9
1 0
2 0
3 0
4 0
5 281.111
6 135.68
7 0
8 210.286
9 125.6
9
1 0
2 0
3 0
4 0
5 282.222
6 139.478
7 0
8 210
9 125.077
9
1 0
2 0
3 0
4 69.1429
5 282.4
6 138.833
7 0
8 210.095
9 125.12
9
1 0
2 0
3 0
4 0
5 281.714
6 137.077
7 0
8 211.652
9 121.6
9
1 0
2 0
3 0
4 0
5 269.2
6 135.833
7 0
8 212
9 121.185
9
1 0
2 0
3 0
4 0
5 280.87
6 134.462
7 0
8 210.2
9 121.12
9
1 0
2 0
3 0
4 0
5 278.25
6 134.56
7 0
8 212
9 120.148
9
1 0
2 0
3 0
4 0
5 280.2
6 133.185
7 0
8 211.13
9 117.44
9
1 0
2 0
3 0
4 0
5 279.368
6 132
7 0
8 210.783
9 118.154
9
1 0
2 0
3 0
4 0
5 279.091
6 132
7 0
8 211.304
9 116.96
9
1 0
2 0
3 0
4 0
5 278.316
6 130.182
7 0
8 210.182
9 116
9
1 0
2 0
3 0
4 0
5 278.105
6 129.12
7 0
8 212
9 113.44
9
1 0
2 0
3 0
4 0
5 278.4
6 128
7 0
8 209.455
9 113.28
9
1 0
2 0
3 0
4 0
5 276
6 126.88
7 0
8 210.353
9 113.333
9
1 0
2 0
3 0
4 0
5 277.143
6 126.88
7 0
8 211.238
9 111.5
9
1 0
2 0
3 0
4 0
5 277.143
6 126.087
7 0
8 212.154
9 108.741
9
1 0
2 0
3 0
4 0
5 273.905
6 125.263
7 0
8 211.818
9 109.905
9
1 0
2 0
3 0
4 0
5 275
6 123.833
7 0
8 213.4
9 108
9
1 0
2 0
3 0
4 0
5 273.684
6 120.8
7 0
8 211.81
9 106.783
9
1 0
2 0
3 0
4 0
5 273.636
6 123.238
7 0
8 210.909
9 106.8
9
1 0
2 0
3 0
4 0
5 273.474
6 122.2
7 0
8 209.6
9 106.087
9
1 0
2 0
3 0
4 61.8462
5 271.818
6 122.588
7 0
8 211.091
9 104.545
9
1 0
2 0
3 0
4 58.2857
5 270.783
6 121.714
7 0
8 211
9 103.692
9
1 0
2 0
3 0
4 0
5 271.765
6 118.6
7 0
8 210.727
9 101.739
9
1 0
2 0
3 0
4 60.5714
5 270.267
6 119.172
7 0
8 212
9 102.667
9
1 0
2 0
3 0
4 57.2
5 268
6 118.957
7 0
8 212.909
9 101.455
9
1 0
2 0
3 0
4 59.4286
5 268.8
6 117.895
7 0
8 210.667
9 100.889
9
1 0
2 0
3 0
4 59.5
5 267.368
6 118
7 0
8 214.105
9 98.8889
9
1 0
2 0
3 0
4 54.6667
5 264.762
6 116.421
7 0
8 213.4
9 96.5
9
1 0
2 0
3 0
4 56
5 267.619
6 113.714
7 0
8 213
9 95.3684
9
1 0
2 0
3 0
4 0
5 257.333
6 115.765
7 0
8 209.474
9 97
9
1 0
2 0
3 0
4 57.1429
5 262.8
6 113.176
7 0
8 210.833
9 92
9
1 0
2 0
3 0
4 57.5
5 262.6
6 113.25
7 0
8 211.333
9 92.9412
9
1 0
2 0
3 0
4 65.8182
5 264.19
6 110.105
7 0
8 212.381
9 93.2632
9
1 0
2 0
3 0
4 61.3333
5 251.826
6 109.067
7 0
8 211.238
9 91.0588
9
1 0
2 0
3 0
4 65.0909
5 262.889
6 108.235
7 0
8 210.364
9 91.7333
9
1 0
2 0
3 0
4 59.4286
5 260.211
6 108.286
7 61
8 211.273
9 90.1333
9
1 0
2 0
3 0
4 63.2727
5 259.652
6 105.667
7 60.5714
8 212
9 92
9
1 0
2 0
3 0
4 60.2857
5 250.727
6 107.789
7 70.5
8 212.381
9 88
9
1 0
2 0
3 0
4 62
5 256.211
6 105.846
7 0
8 211
9 90.4615
9
1 0
2 0
3 0
4 64.5714
5 257.273
6 107.143
7 60
8 211.5
9 89.0909
9
1 0
2 0
3 0
4 66
5 256
6 106.333
7 0
8 208.667
9 86.5455
9
1 0
2 0
3 0
4 64.8
5 253.6
6 105.231
7 62.8571
8 210.526
9 83.3333
9
1 0
2 0
3 0
4 64
5 245.2
6 102
7 0
8 209.92
9 84
9
1 0
2 0
3 0
4 65.1429
5 253.333
6 101.667
7 0
8 209.091
9 84.3333
9
1 0
2 0
3 0
4 0
5 244.381
6 103.429
7 0
8 208.8
9 85.0909
9
1 0
2 0
3 0
4 67.0769
5 227.231
6 98.8571
7 0
8 208.211
9 85.8182
9
1 0
2 0
3 0
4 66.1818
5 248.5
6 98.7692
7 69.2
8 208.421
9 81.6667
9
1 0
2 0
3 0
4 0
5 248
6 97
7 65.2308
8 208.2
9 80.9231
9
1 0
2 0
3 0
4 66.2857
5 236
6 97.3333
7 64.3333
8 207.636
9 80.3636
9
1 0
2 0
3 0
4 70.1818
5 246.8
6 95.0769
7 66.2857
8 206.667
9 80.3333
9
1 0
2 0
3 0
4 68.2857
5 243.4
6 97.0909
7 65.2
8 205.273
9 78
9
1 0
2 0
3 0
4 70.5455
5 242.5
6 94.9333
7 66.4615
8 199.652
9 77.3333
9
1 0
2 0
3 0
4 71.1429
5 232
6 94.6667
7 67.7647
8 207
9 76.6667
9
1 0
2 0
3 0
4 69.8462
5 240.182
6 93.4286
7 72
8 206.435
9 76.5
9
1 0
2 0
3 0
4 70
5 237.4
6 92
7 69.0667
8 200.444
9 75.6
9
1 0
2 0
3 0
4 73.2308
5 236
6 91.6667
7 68.2857
8 204.167
9 75.6364
9
1 0
2 0
3 0
4 74.2857
5 231.368
6 88.2667
7 70.2222
8 204
9 72.3636
9
1 0
2 0
3 0
4 72.4
5 231.048
6 85.3333
7 72
8 198.833
9 72.8889
9
1 0
2 0
3 0
4 75.4286
5 230.476
6 90
7 72.8696
8 201.913
9 70.8
9
1 0
2 0
3 0
4 77.0909
5 229.217
6 87.6667
7 71.2381
8 203
9 72
9
1 0
2 0
3 0
4 73.75
5 220.16
6 86.4615
7 74.7368
8 196.762
9 71.5
9
1 0
2 0
3 0
4 75.5
5 226.6
6 87.2727
7 74.9565
8 202.667
9 72
9
1 0
2 0
3 0
4 76.8
5 225.474
6 84.6154
7 73
8 201.167
9 72
9
1 0
2 0
3 0
4 76.9412
5 223.818
6 83.6667
7 73.3913
8 199.84
9 70.5
9
1 0
2 0
3 0
4 75.2727
5 222.609
6 83.2727
7 75.52
8 200.174
9 0
9
1 0
2 0
3 0
4 78.2857
5 221.739
6 85.6667
7 76.8696
8 201.28
9 0
9
1 0
2 0
3 0
4 79.6667
5 217.167
6 82.4
7 74.8
8 202.476
9 69.3333
9
1 0
2 0
3 0
4 77.7143
5 224.952
6 86.1818
7 74.3158
8 199.273
9 68
9
1 0
2 0
3 0
4 77.0667
5 221.273
6 84.3333
7 75.4286
8 200.593
9 71
9
1 0
2 0
3 0
4 79
5 223.091
6 82.4
7 76
8 199.455
9 66.8571
9
1 0
2 0
3 0
4 77.8824
5 220.6
6 83.2727
7 77.1667
8 199.84
9 69
9
1 0
2 0
3 0
4 75.2
5 224.952
6 81.8182
7 74.7368
8 198.364
9 0
9
1 0
2 0
3 0
4 76.2857
5 224.174
6 84
7 74.72
8 197.913
9 71.4286
9
1 0
2 0
3 0
4 79.0769
5 224.909
6 84
7 73.8
8 197.273
9 68.7273
9
1 0
2 0
3 0
4 80.2857
5 225.167
6 85.5385
7 73.1111
8 194.476
9 66.5
9
1 0
2 0
3 0
4 80.5
5 226.087
6 85.6667
7 74.6087
8 192.167
9 0
9
1 0
2 0
3 0
4 80
5 221.913
6 84.8889
7 74.4
8 186.957
9 67
9
1 0
2 0
3 0
4 79.1429
5 228.727
6 86
7 73.9048
8 189.926
9 0
9
1 0
2 0
3 0
4 80
5 222.167
6 82.8
7 75.5556
8 189.833
9 73.7143
9
1 0
2 0
3 0
4 76
5 226.857
6 85.3333
7 74.6
8 187.333
9 0
9
1 0
2 0
3 0
4 79.7143
5 231.048
6 84
7 73.8824
8 185.692
9 68.5
9
1 0
2 0
3 0
4 83.7333
5 230.88
6 84.8
7 71.5789
8 185.5
9 69
9
1 0
2 0
3 0
4 82.5714
5 223.818
6 87.3333
7 72.6
8 184.727
9 67.2
9
1 0
2 0
3 0
4 81.8667
5 228.87
6 84.6667
7 72.4
8 178.6
9 69
9
1 0
2 0
3 0
4 87.2
5 230.24
6 86
7 71.8
8 184.87
9 0
9
1 0
2 0
3 0
4 80.2857
5 232
6 87.6364
7 72.6
8 181.091
9 63.5
9
1 0
2 0
3 0
4 83.7333
5 235.5
6 88.3636
7 73.5
8 180.727
9 66
9
1 0
2 0
3 0
4 84
5 234.364
6 82.6667
7 71.6364
8 176
9 68.8
9
1 0
2 0
3 0
4 85.5
5 236.333
6 88
7 71.6
8 179.4
9 0
9
1 0
2 0
3 0
4 82.25
5 234.783
6 86.1818
7 73.6842
8 176.96
9 64.5
9
1 0
2 0
3 0
4 82.2857
5 230
6 89.2
7 71.4667
8 176.727
9 0
9
1 0
2 0
3 0
4 87.1429
5 236.8
6 86.6667
7 69.3333
8 179.238
9 0
9
1 0
2 0
3 0
4 85.2308
5 238.833
6 89.2
7 71.2727
8 175.81
9 0
9
1 0
2 0
3 0
4 84
5 236.148
6 88
7 73
8 174.957
9 65
9
1 0
2 0
3 0
4 85.5385
5 239.091
6 86.4615
7 69.7143
8 175.091
9 66.2222
9
1 0
2 0
3 0
4 84
5 237.12
6 88
7 72.4706
8 173.333
9 0
9
1 0
2 0
3 0
4 85.8667
5 240.522
6 90.7692
7 69.8947
8 169.273
9 0
9
1 0
2 0
3 0
4 87.0588
5 239.826
6 87.2727
7 71.1579
8 170.667
9 67
9
1 0
2 0
3 0
4 85.4737
5 240.522
6 90.9091
7 69.8462
8 170.833
9 65.3333
9
1 0
2 0
3 0
4 85.4118
5 241.333
6 88.3636
7 69.8824
8 170.783
9 64.5714
9
1 0
2 0
3 0
4 86.4
5 240.96
6 88
7 70.25
8 169.217
9 69.1429
9
1 0
2 0
3 0
4 85.8667
5 242.4
6 90.1538
7 71.0588
8 163.167
9 0
9
1 0
2 0
3 0
4 86
5 243.52
6 91.6
7 71
8 166.435
9 0
9
1 0
2 0
3 0
4 86.4
5 244
6 89.4545
7 70
8 164
9 0
9
1 0
2 0
3 0
4 85.6471
5 245.043
6 92.3636
7 68.7059
8 163.833
9 65.7778
9
1 0
2 0
3 0
4 85.0667
5 246.308
6 89.6667
7 68
8 160
9 62.8571
9
1 0
2 0
3 0
4 87.7333
5 245.833
6 90.4615
7 69.1429
8 164
9 62.2857
9
1 0
2 0
3 0
4 88.3478
5 246.5
6 92.3636
7 68.5
8 162.435
9 62.1818
9
1 0
2 0
3 0
4 87.4667
5 238.333
6 91.3333
7 68.6667
8 163
9 64.5714
9
1 0
2 0
3 0
4 88.25
5 247
6 92.3636
7 68.25
8 160.333
9 0
9
1 0
2 0
3 0
4 86.1176
5 249.385
6 92.3333
7 68.3077
8 158
9 0
9
1 0
2 0
3 0
4 86.1538
5 242.56
6 90.1818
7 66.6667
8 158.609
9 62.8571
9
1 0
2 0
3 0
4 86.5455
5 250.08
6 92.8
7 67.2
8 158.095
9 0
9
1 0
2 0
3 0
4 86.6667
5 252.615
6 91.3846
7 70.4615
8 157.76
9 0
9
1 0
2 0
3 0
4 90.25
5 252.167
6 92
7 67
8 156.48
9 0
9
1 0
2 0
3 0
4 90.8
5 252.593
6 92
7 66.5455
8 155.091
9 0
9
1 0
2 0
3 0
4 88.2667
5 251.333
6 95
7 66.6667
8 153.4
9 64
9
1 0
2 0
3 0
4 88.25
5 253.333
6 93.4545
7 65.8182
8 154.261
9 60.8889
9
1 0
2 0
3 0
4 89.3333
5 253
6 94.7692
7 67.25
8 152.333
9 0
9
1 0
2 0
3 0
4 89.5
5 252.348
6 94
7 65.8182
8 151.826
9 65.1429
9
1 0
2 0
3 0
4 88.8
5 256
6 96.6667
7 64.9231
8 149.913
9 0
9
1 0
2 0
3 0
4 88
5 246
6 93.6
7 64.3333
8 149.333
9 60.8889
9
1 0
2 0
3 0
4 89.6364
5 255.407
6 92.7273
7 66
8 148.952
9 0
9
1 0
2 0
3 0
4 89.8667
5 255.304
6 94.6667
7 65
8 149
9 0
9
1 0
2 0
3 0
4 89.4737
5 256
6 93.8182
7 64.8
8 148.87
9 0
9
1 0
2 0
3 59.4286
4 89.2632
5 257.44
6 96.7273
7 64.4444
8 147.652
9 66.8571
9
1 0
2 0
3 0
4 90.4
5 250.56
6 97.6667
7 65.5
8 146
9 61.6
9
1 0
2 0
3 0
4 89.6364
5 257.6
6 93.5385
7 62.8
8 145.143
9 59
9
1 0
2 0
3 0
4 88.8
5 259.652
6 98
7 0
8 140.522
9 62
9
1 0
2 0
3 0
4 90.8889
5 260.16
6 97.6667
7 61.6
8 143.8
9 0
9
1 0
2 0
3 56.5714
4 92
5 261.28
6 97.8462
7 63.2727
8 142.72
9 0
9
1 0
2 0
3 0
4 87.7647
5 254.72
6 98.1818
7 62.8
8 140.6
9 61.1429
9
1 0
2 0
3 0
4 91.6364
5 262.667
6 96.9231
7 60
8 139.429
9 0
9
1 0
2 0
3 0
4 90.9474
5 264.87
6 99.6364
7 61.7143
8 140.6
9 0
9
1 0
2 0
3 0
4 90.9091
5 262.222
6 99
7 0
8 139.304
9 0
9
1 0
2 0
3 0
4 91.1111
5 255.846
6 98
7 60.4
8 136.696
9 59.5
9
1 0
2 0
3 54.4
4 90.8235
5 265.12
6 99.6667
7 59.4286
8 135.455
9 0
9
1 0
2 0
3 54.5
4 92.9231
5 265.217
6 100
7 0
8 134.609
9 0
9
1 0
2 0
3 55
4 93.75
5 264.833
6 100.364
7 0
8 134.6
9 58.8571
9
1 0
2 0
3 0
4 91.2941
5 266.333
6 100.923
7 0
8 132.364
9 58.8571
9
1 0
2 0
3 60
4 92.2353
5 259.385
6 98.1818
7 0
8 131.81
9 0
9
1 0
2 0
3 54.8
4 93.5238
5 258.24
6 95.6923
7 0
8 130.2
9 61.8182
9
1 0
2 0
3 58.8
4 92.8889
5 267.091
6 102.154
7 57.7143
8 127.81
9 0
9
1 0
2 0
3 0
4 93.75
5 268
6 102.462
7 0
8 128.842
9 0
9
1 0
2 0
3 0
4 93.3333
5 269.926
6 101.846
7 0
8 126.727
9 0
9
1 0
2 0
3 58.2857
4 94.1176
5 269.667
6 100.727
7 0
8 121.273
9 0
9
1 0
2 0
3 57.7778
4 92.2
5 270.815
6 102.545
7 0
8 125.176
9 59.5
9
1 0
2 0
3 57
4 93.7778
5 269.667
6 101.091
7 0
8 124.8
9 0
9
1 0
2 0
3 0
4 93.6842
5 271.333
6 102
7 0
8 124
9 0
9
1 0
2 0
3 57.1429
4 94
5 271.333
6 104.615
7 0
8 119.429
9 57.5
9
1 0
2 0
3 0
4 92.75
5 272
6 102
7 0
8 119.619
9 0
9
1 0
2 0
3 60
4 96
5 265.185
6 103.143
7 0
8 118
9 0
9
1 0
2 0
3 61.3333
4 95.5294
5 273.76
6 101.818
7 0
8 116.19
9 58.8571
9
1 0
2 53.7143
3 60.8571
4 94.3158
5 272
6 101.667
7 0
8 115.048
9 56.4444
9
1 0
2 57.5
3 65.4545
4 96.5217
5 272
6 108.667
7 0
8 116.727
9 0
9
1 0
2 0
3 63.7143
4 92.2
5 263.667
6 104.333
7 0
8 113.647
9 57.1429
9
1 0
2 0
3 68.3636
4 96
5 272.444
6 107.077
7 0
8 107.455
9 0
9
1 0
2 59.5
3 65.8462
4 96.4
5 272.8
6 106
7 0
8 106.2
9 0
9
1 0
2 57.3333
3 67.75
4 95.3333
5 275.077
6 100.923
7 0
8 106.947
9 54.5
9
1 0
2 57.3333
3 66.5714
4 96
5 272.48
6 104.857
7 0
8 101.5
9 59.4286
9
1 0
2 65.5
3 72.9231
4 96.4211
5 272.48
6 106
7 0
8 104.381
9 0
9
1 0
2 60
3 69.1111
4 97.4737
5 273.926
6 106.667
7 0
8 101.75
9 0
9
1 0
2 64.8889
3 69.8824
4 97.4
5 273.667
6 106
7 0
8 99.8
9 0
9
1 0
2 61.4545
3 71.2
4 95.8182
5 272.769
6 99
7 0
8 98.7273
9 0
9
1 0
2 64
3 70.5
4 98.7368
5 273.167
6 105.667
7 0
8 100
9 57.7778
9
1 0
2 61.8182
3 71
4 96.9524
5 273.333
6 105.538
7 0
8 96.6667
9 0
9
1 0
2 65.0909
3 72.25
4 99
5 273.385
6 106.462
7 0
8 94.4
9 0
9
1 53
2 65.7778
3 72
4 97.1429
5 272.64
6 106.333
7 0
8 90.4348
9 0
9
1 59
2 68.2857
3 74.2857
4 98.1818
5 269.926
6 105.538
7 0
8 94.1053
9 0
9
1 51.1111
2 65.0667
3 75.6923
4 99.0476
5 254.222
6 105.333
7 0
8 90.1667
9 0
9
1 0
2 66.8235
3 74.6667
4 98.5
5 271.2
6 104.667
7 0
8 89.5238
9 0
9
1 50.8571
2 66.8571
3 76
4 97.6364
5 269.28
6 104.308
7 0
8 90.8
9 0
9
1 0
2 64
3 74
4 98.8235
5 267.84
6 105
7 0
8 89.75
9 53.3333
9
1 0
2 66.4615
3 72.9524
4 100.522
5 267.231
6 103.692
7 0
8 87.7647
9 0
9
1 56
2 69.1429
3 78.1053
4 100.381
5 266.56
6 102.769
7 0
8 85.7778
9 51.5556
9
1 53.1429
2 72.5
3 76.8889
4 99.1667
5 261.429
6 103.714
7 0
8 85.6471
9 0
9
1 53.1429
2 72
3 78.3529
4 99.6522
5 264.96
6 101.231
7 0
8 82.4
9 0
9
1 54.8
2 74.5
3 79.5556
4 100.5
5 258.154
6 107
7 0
8 82.5882
9 0
9
1 65.8182
2 74.9333
3 78.6667
4 101.217
5 262.615
6 105.231
7 0
8 79.75
9 0
9
1 56.5
2 72.2667
3 79.1111
4 100.421
5 255.077
6 106
7 0
8 80.8
9 0
9
1 58.5
2 78.1333
3 80.1905
4 102.167
5 256.429
6 104.333
7 0
8 80.4211
9 0
9
1 56.5
2 77.0667
3 81.1429
4 100.333
5 260.48
6 101.6
7 0
8 78.1053
9 0
9
1 59.5
2 80.4444
3 83.8333
4 101.44
5 259.538
6 103.667
7 0
8 76
9 0
9
1 58
2 81.3333
3 83.6364
4 100.364
5 259
6 100.571
7 0
8 75.5
9 0
9
1 60
2 81.7391
3 88
4 101.5
5 256.16
6 106.333
7 0
8 73.3333
9 0
9
1 65.6
2 82.1538
3 85.5652
4 101.6
5 257.481
6 102.571
7 0
8 72.5714
9 0
9
1 61.5385
2 83.1579
3 87.8095
4 100.667
5 253.44
6 105
7 0
8 72.6316
9 0
9
1 63.6923
2 82.8
3 87.3846
4 102.667
5 253.63
6 101.846
7 0
8 69.75
9 0
9
1 64.5
2 87.5789
3 88.16
4 101.739
5 251.36
6 102
7 0
8 69.5556
9 0
9
1 65.0909
2 88.4444
3 89.3333
4 102.88
5 249.76
6 100.308
7 0
8 65.8824
9 0
9
1 63.1111
2 90.3158
3 89.1429
4 102.909
5 249.385
6 101.846
7 0
8 68
9 0
9
1 65.0667
2 93.4545
3 90
4 103.455
5 246.56
6 100.667
7 0
8 63.5294
9 0
9
1 66.2222
2 97.1667
3 92.64
4 104
5 240.741
6 102.286
7 0
8 66
9 0
9
1 67.6923
2 99.619
3 94.88
4 104.48
5 240
6 98.6667
7 0
8 63
9 0
9
1 70.2857
2 101.091
3 94.963
4 103.111
5 239.077
6 98.1538
7 0
8 59.2
9 0
9
1 69.4545
2 100.8
3 94.5
4 103.52
5 238.333
6 98.9333
7 0
8 59
9 0
9
1 72.7273
2 104.87
3 96.8889
4 102.222
5 235.84
6 99.3846
7 0
8 58.2857
9 0
9
1 73.5385
2 104.842
3 99.3333
4 102.72
5 232.923
6 98.5714
7 0
8 59.2
9 0
9
1 77.0909
2 110.667
3 98.56
4 101.76
5 229.92
6 96
7 0
8 59.6667
9 0
9
1 76.6154
2 111.059
3 100.96
4 102.37
5 229.185
6 97.4286
7 0
8 61.5
9 0
9
1 76.8
2 112.348
3 102.24
4 102.88
5 227.36
6 97.1429
7 0
8 54.9091
9 0
9
1 79.4667
2 114
3 101.692
4 102.074
5 226
6 96.6154
7 0
8 52
9 0
9
1 77.5385
2 118.095
3 103.52
4 101.44
5 222.72
6 97.8462
7 0
8 56.3333
9 0
9
1 82.7692
2 121.6
3 105.185
4 102.56
5 221.28
6 96.3077
7 0
8 0
9 0
9
1 81.25
2 122.4
3 106.72
4 100.32
5 218.667
6 94.4615
7 0
8 0
9 0
9
1 85.8182
2 125.5
3 107.84
4 98.7692
5 216
6 93.8182
7 0
8 0
9 0
9
1 83.6923
2 129.143
3 108.148
4 99.2593
5 213.333
6 95.6667
7 0
8 0
9 0
9
1 86.5882
2 129.739
3 112.16
4 99.8333
5 212
6 92.2857
7 0
8 0
9 0
9
1 90.5
2 132
3 112.296
4 99.2308
5 209.92
6 92.5333
7 0
8 0
9 0
9
1 93
2 135.833
3 113.28
4 96.48
5 206.462
6 93.5
7 0
8 0
9 0
9
1 94.9333
2 136.296
3 114.615
4 96.64
5 206.24
6 90.6667
7 0
8 0
9 0
9
1 93.8462
2 142.261
3 116
4 96.4615
5 204.593
6 91.4667
7 0
8 0
9 0
9
1 95.0588
2 144
3 117.44
4 94.6154
5 201.12
6 91.1429
7 0
8 0
9 0
9
1 96.5714
2 147.231
3 119.259
4 94.2222
5 197.846
6 90.8571
7 0
8 0
9 0
9
1 102.909
2 148.64
3 123.04
4 94.72
5 195.2
6 90.9333
7 0
8 0
9 0
9
1 102
2 151.04
3 120.889
4 93.28
5 193.44
6 92
7 0
8 0
9 0
9
1 101.333
2 155.333
3 123.52
4 94.7692
5 191.407
6 89.7143
7 0
8 0
9 0
9
1 105.091
2 157.846
3 123.84
4 91.36
5 187
6 85.6471
7 0
8 0
9 0
9
1 103.111
2 158.88
3 123.538
4 93.3846
5 186.963
6 89.6
7 0
8 0
9 0
9
1 107.2
2 159.68
3 125.76
4 93.5
5 185.6
6 87.25
7 0
8 0
9 0
9
1 109.333
2 161.037
3 128.444
4 92.64
5 181.833
6 85.5
7 0
8 0
9 0
9
1 111.429
2 165.913
3 128.64
4 92
5 180.16
6 85.7778
7 0
8 0
9 0
9
1 107.778
2 164.444
3 130
4 90.6667
5 180.833
6 85.75
7 0
8 0
9 0
9
1 112.8
2 168.64
3 128.48
4 90.7692
5 178.923
6 84.2105
7 0
8 0
9 0
9
1 110.2
2 166.154
3 128
4 90
5 180.667
6 86
7 0
8 0
9 0
9
1 110
2 167.84
3 129.333
4 88.7407
5 180.923
6 86.4444
7 0
8 0
9 0
9
1 109.429
2 167.2
3 132
4 88.8
5 180.96
6 87.4667
7 0
8 0
9 0
9
1 109.333
2 167.852
3 131.852
4 88
5 182.4
6 89.8824
7 0
8 0
9 0
9
1 108.857
2 165.833
3 133.92
4 85.76
5 184.923
6 90.3636
7 0
8 0
9 0
9
1 105
2 165.037
3 132
4 84.8333
5 184.8
6 90.6667
7 0
8 0
9 0
9
1 106.667
2 161.92
3 136
4 84.7619
5 185.385
6 90.8235
7 0
8 0
9 0
9
1 104.889
2 169.76
3 136
4 83.6364
5 184.64
6 92.5
7 0
8 0
9 0
9
1 105.647
2 168.296
3 138.074
4 80.5714
5 186.24
6 92.2222
7 0
8 0
9 0
9
1 101
2 166.667
3 138.24
4 82.1176
5 188.167
6 92.6316
7 0
8 0
9 0
9
1 104
2 167.692
3 140.923
4 82.25
5 188.333
6 93.2727
7 0
8 0
9 0
9
1 104.235
2 168
3 142.08
4 79.3684
5 189.385
6 95.1304
7 0
8 0
9 0
9
1 103.5
2 167.36
3 143.04
4 82
5 189.739
6 96.6316
7 0
8 0
9 0
9
1 103.2
2 167.13
3 145.037
4 75.4286
5 190.167
6 98.0952
7 0
8 0
9 0
9
1 101.333
2 168.8
3 147.2
4 76.3077
5 191.333
6 96.5217
7 0
8 0
9 0
9
1 99.6923
2 168.593
3 148.615
4 76.6667
5 191.667
6 98.6667
7 0
8 0
9 0
9
1 100.4
2 168.8
3 149.6
4 75.6
5 192.462
6 100.32
7 0
8 0
9 0
9
1 98.8235
2 167.231
3 149.12
4 75.3846
5 193.6
6 101.8
7 0
8 0
9 0
9
1 97.5
2 167
3 152.308
4 72.3077
5 194.769
6 103.304
7 0
8 0
9 0
9
1 97.1429
2 168.16
3 155.36
4 76
5 195.81
6 103.619
7 0
8 0
9 0
9
1 96.6154
2 166.37
3 156.593
4 69.1429
5 199.13
6 104.96
7 0
8 0
9 0
9
1 93.25
2 164.5
3 160
4 67.5556
5 200.64
6 107.259
7 0
8 0
9 0
9
1 90.4
2 162.519
3 159.52
4 71.6364
5 204.167
6 109.12
7 0
8 0
9 0
9
1 92.5
2 166.286
3 161.12
4 72.5
5 202.833
6 108.833
7 0
8 0
9 0
9
1 92.2857
2 165.043
3 162.88
4 0
5 203.333
6 107.84
7 0
8 0
9 0
9
1 92.8889
2 162.5
3 162.963
4 69.1429
5 203.5
6 109.391
7 0
8 0
9 0
9
1 88
2 164.32
3 163.84
4 0
5 204.545
6 112
7 0
8 0
9 0
9
1 90.4
2 162.667
3 164.889
4 0
5 203.273
6 112.333
7 0
8 0
9 0
9
1 90.8
2 163.304
3 165.92
4 66.8571
5 205.538
6 111.84
7 0
8 0
9 0
9
1 88.7059
2 163.2
3 166.88
4 66.2857
5 205.5
6 113.12
7 0
8 0
9 0
9
1 89.0667
2 162.182
3 169.037
4 0
5 205.5
6 113.28
7 0
8 0
9 0
9
1 88
2 163.13
3 168.96
4 0
5 206.833
6 114.308
7 0
8 0
9 0
9
1 90.1538
2 162.08
3 170.667
4 0
5 207.826
6 115.84
7 0
8 0
9 0
9
1 81
2 160.333
3 174.08
4 0
5 210.222
6 118.222
7 0
8 0
9 0
9
1 88.2857
2 162.08
3 175.077
4 0
5 208.762
6 118.72
7 0
8 0
9 0
9
1 84.9231
2 160.19
3 176.48
4 0
5 211.385
6 120
7 0
8 0
9 0
9
1 79.1111
2 159.81
3 179.36
4 0
5 211.2
6 120.8
7 0
8 0
9 0
9
1 83.4667
2 160.348
3 179.556
4 0
5 211.13
6 121.6
7 0
8 0
9 0
9
1 80.9231
2 158.364
3 182.4
4 0
5 212.522
6 122.462
7 0
8 0
9 0
9
1 82.5
2 158.519
3 183.704
4 0
5 211.429
6 126.333
7 0
8 0
9 0
9
1 82
2 158.4
3 185.6
4 0
5 214.364
6 125.077
7 0
8 0
9 0
9
1 80.8889
2 158.364
3 187.2
4 0
5 213.913
6 125.76
7 0
8 0
9 0
9
1 79.2727
2 158.435
3 187.111
4 0
5 213.692
6 125.6
7 0
8 0
9 0
9
1 78.9333
2 155.5
3 188.96
4 0
5 216
6 126.72
7 0
8 0
9 0
9
1 76.3333
2 155.167
3 190.37
4 0
5 215.5
6 128.96
7 0
8 0
9 0
9
1 76.6667
2 155.667
3 192.64
4 0
5 217.905
6 128.741
7 0
8 0
9 0
9
1 75.6667
2 153.565
3 191.52
4 0
5 216.762
6 130.24
7 0
8 0
9 0
9
1 76.3077
2 153.391
3 194.24
4 0
5 217.6
6 131.111
7 0
8 0
9 0
9
1 77.7778
2 152.182
3 194.72
4 0
5 218.286
6 134.24
7 0
8 0
9 0
9
1 75.4286
2 152.87
3 198.37
4 0
5 218.957
6 132.96
7 0
8 0
9 0
9
1 71.6364
2 152.174
3 196.96
4 0
5 219.167
6 137.538
7 0
8 0
9 0
9
1 75
2 150.609
3 201.333
4 0
5 220
6 136.48
7 0
8 0
9 0
9
1 71.4286
2 150
3 200.96
4 0
5 220.462
6 136.593
7 0
8 0
9 0
9
1 72
2 150.857
3 201.92
4 0
5 221.333
6 139.2
7 0
8 0
9 0
9
1 70.8
2 147.368
3 204.96
4 0
5 220
6 139.077
7 0
8 0
9 0
9
1 71.6923
2 149
3 206.074
4 0
5 218.857
6 139.04
7 0
8 0
9 0
9
1 68
2 152.182
3 206.72
4 0
5 215.273
6 136.148
7 0
8 0
9 0
9
1 75.2
2 152.48
3 207.692
4 0
5 215.68
6 137.44
7 0
8 0
9 0
9
1 74.2857
2 151.304
3 211.36
4 0
5 216.522
6 141.037
7 0
8 0
9 0
9
1 71.6
2 150.6
3 212.16
4 0
5 216.2
6 141.76
7 0
8 0
9 0
9
1 70
2 148.727
3 212.741
4 0
5 216.174
6 144.32
7 0
8 0
9 0
9
1 68.8889
2 148
3 215.68
4 0
5 218.4
6 144
7 0
8 0
9 0
9
1 67.6
2 144.6
3 216.296
4 0
5 219.368
6 147.2
7 0
8 0
9 0
9
1 67.6667
2 144.5
3 218.24
4 0
5 219
6 147.111
7 0
8 0
9 0
9
1 65.7143
2 144.364
3 219.84
4 0
5 219
6 150.08
7 0
8 0
9 0
9
1 0
2 142.4
3 223.407
4 0
5 220.96
6 152.16
7 0
8 0
9 0
9
1 63.6364
2 143.5
3 225.12
4 0
5 218.476
6 153.28
7 0
8 0
9 0
9
1 60.8889
2 141.684
3 226.074
4 0
5 218.783
6 154.4
7 0
8 0
9 0
9
1 64.4444
2 140.19
3 227.36
4 0
5 219.333
6 154.074
7 0
8 0
9 0
9
1 64
2 139.667
3 229.44
4 0
5 220.696
6 159.2
7 0
8 0
9 0
9
1 0
2 135.765
3 230.308
4 0
5 221.524
6 159.111
7 0
8 0
9 0
9
1 70.5
2 135.2
3 232.16
4 0
5 221.167
6 161.92
7 0
8 0
9 0
9
1 0
2 133.8
3 232.593
4 0
5 220
6 164.8
7 0
8 0
9 0
9
1 60
2 134.526
3 232.8
4 0
5 221.6
6 165.231
7 0
8 0
9 0
9
1 56.5714
2 130.947
3 234.667
4 0
5 220.727
6 168.48
7 0
8 0
9 0
9
1 0
2 131.368
3 236.64
4 0
5 219.636
6 169.037
7 0
8 0
9 0
9
1 58.2857
2 128.571
3 238.333
4 0
5 221.818
6 172.48
7 0
8 0
9 0
9
1 0
2 128.706
3 238.667
4 0
5 220.5
6 173.76
7 0
8 0
9 0
9
1 0
2 123.619
3 242.08
4 0
5 219.238
6 175.04
7 0
8 0
9 0
9
1 0
2 124.222
3 242.923
4 0
5 220.174
6 178.56
7 0
8 0
9 0
9
1 0
2 125.556
3 243.04
4 0
5 220.522
6 177.926
7 0
8 0
9 0
9
1 0
2 122.833
3 243.84
4 0
5 221.714
6 179.84
7 0
8 0
9 0
9
1 0
2 121.333
3 244.32
4 0
5 220.167
6 180.148
7 0
8 0
9 0
9
1 0
2 118.889
3 246.4
4 0
5 217.143
6 182.4
7 0
8 0
9 0
9
1 0
2 119.4
3 247.231
4 0
5 217.565
6 184.32
7 0
8 0
9 0
9
1 0
2 120
3 246.72
4 0
5 218.261
6 184.148
7 0
8 0
9 0
9
1 0
2 116
3 247.231
4 0
5 214.333
6 184.96
7 0
8 0
9 0
9
1 0
2 115.75
3 250.88
4 0
5 214.783
6 190.074
7 0
8 0
9 0
9
1 0
2 114.824
3 253.92
4 0
5 212.87
6 191.68
7 0
8 0
9 0
9
1 0
2 114
3 253.538
4 0
5 212.909
6 192.96
7 0
8 0
9 0
9
1 0
2 111.111
3 254.24
4 0
5 210.727
6 193.12
7 0
8 0
9 0
9
1 0
2 110.588
3 254.667
4 0
5 210.8
6 194.56
7 0
8 0
9 0
9
1 0
2 110.118
3 252.667
4 0
5 207.5
6 196.593
7 0
8 0
9 0
9
1 0
2 107.6
3 254.08
4 0
5 208
6 197.6
7 0
8 0
9 0
9
1 0
2 105.75
3 254.667
4 0
5 205.92
6 200.444
7 0
8 0
9 0
9
1 0
2 106.667
3 258.24
4 0
5 206
6 200.32
7 0
8 0
9 0
9
1 0
2 105.75
3 256.923
4 0
5 204
6 201.231
7 0
8 0
9 0
9
1 0
2 104.444
3 256.64
4 0
5 201.76
6 203.2
7 0
8 0
9 0
9
1 0
2 106.133
3 257.926
4 0
5 202.667
6 205.44
7 0
8 0
9 0
9
1 0
2 102.353
3 258.72
4 0
5 200.842
6 205.037
7 0
8 0
9 0
9
1 0
2 101.524
3 258.154
4 0
5 197.913
6 207.04
7 0
8 0
9 0
9
1 0
2 99.75
3 258.88
4 0
5 196
6 207.704
7 0
8 0
9 53.7143
9
1 0
2 99
3 260
4 0
5 194.727
6 209.28
7 0
8 0
9 0
9
1 0
2 100.727
3 258.5
4 0
5 194
6 208.48
7 0
8 0
9 0
9
1 0
2 92.2667
3 260.87
4 0
5 190.4
6 211.077
7 0
8 0
9 0
9
1 0
2 94.2857
3 259.692
4 0
5 190.6
6 211.68
7 0
8 0
9 0
9
1 0
2 97.0667
3 260
4 0
5 189.8
6 211.556
7 0
8 0
9 0
9
1 0
2 92.5333
3 260.952
4 0
5 188.19
6 213.76
7 0
8 0
9 0
9
1 0
2 91.5
3 261.12
4 0
5 186.167
6 213.538
7 0
8 0
9 54.2222
9
1 0
2 92.8
3 259
4 0
5 185.684
6 214.08
7 0
8 0
9 0
9
1 0
2 91.3684
3 258.462
4 0
5 182
6 215.2
7 0
8 0
9 0
9
1 0
2 89.6
3 257.4
4 0
5 182.609
6 217.333
7 0
8 0
9 0
9
1 0
2 86.6667
3 257.833
4 0
5 180
6 218.08
7 0
8 0
9 0
9
1 0
2 87.0588
3 257.833
4 0
5 179.619
6 219.556
7 0
8 0
9 0
9
1 0
2 85.25
3 256.348
4 0
5 177
6 220
7 0
8 0
9 0
9
1 0
2 82.5
3 257.692
4 0
5 177.273
6 219.2
7 0
8 0
9 0
9
1 0
2 86.5714
3 255.818
4 0
5 174.182
6 220.741
7 0
8 0
9 62.2857
9
1 0
2 84
3 254.833
4 0
5 172
6 220.64
7 0
8 0
9 0
9
1 0
2 82.4615
3 254.737
4 0
5 171.077
6 221.481
7 0
8 0
9 0
9
1 0
2 83.6364
3 255.5
4 0
5 170.857
6 221.44
7 0
8 0
9 0
9
1 0
2 82.4
3 256
4 0
5 170.095
6 221.92
7 0
8 0
9 0
9
1 0
2 82.6667
3 254.364
4 0
5 169.667
6 220.615
7 0
8 0
9 0
9
1 0
2 80.75
3 251.652
4 0
5 174.2
6 223.04
7 0
8 0
9 0
9
1 0
2 79.6667
3 251.048
4 0
5 175.091
6 224.148
7 0
8 0
9 0
9
1 0
2 0
3 249.053
4 0
5 175.478
6 225.12
7 0
8 0
9 0
9
1 0
2 79.4286
3 248.167
4 0
5 177.12
6 224.769
7 0
8 0
9 0
9
1 0
2 80.2857
3 246.667
4 0
5 175.636
6 227.68
7 0
8 0
9 0
9
1 0
2 78.5714
3 244
4 0
5 178.087
6 227.2
7 0
8 0
9 0
9
1 0
2 77.8667
3 242.857
4 0
5 180.545
6 227.111
7 0
8 0
9 0
9
1 0
2 76.5333
3 243
4 0
5 179.826
6 226.4
7 0
8 0
9 0
9
1 0
2 78.8
3 243.579
4 0
5 181
6 226.667
7 0
8 0
9 0
9
1 0
2 76.5333
3 240
4 0
5 182.2
6 227.2
7 0
8 0
9 0
9
1 0
2 78.5714
3 238.727
4 0
5 180.348
6 227.04
7 0
8 0
9 56
9
1 0
2 76.3333
3 235.8
4 0
5 185.143
6 231.52
7 0
8 0
9 58.2857
9
1 0
2 77.8462
3 237.28
4 0
5 184.381
6 228
7 0
8 0
9 0
9
1 0
2 76.3333
3 233.44
4 0
5 185.143
6 229.481
7 0
8 0
9 63.5
9
1 0
2 74.4615
3 232.174
4 0
5 184.545
6 230.4
7 0
8 0
9 0
9
1 0
2 76
3 233.905
4 0
5 187.667
6 229.692
7 0
8 0
9 0
9
1 0
2 72.6667
3 229.524
4 0
5 188.174
6 231.04
7 0
8 0
9 63.4286
9
1 0
2 72.6154
3 228.909
4 0
5 188.211
6 230.88
7 0
8 0
9 0
9
1 0
2 76.6667
3 227.789
4 0
5 190.286
6 232
7 0
8 0
9 62.2857
9
1 0
2 76.25
3 227.826
4 0
5 189.739
6 233.12
7 0
8 0
9 60.5714
9
1 0
2 75.6364
3 225.217
4 0
5 190.435
6 232.741
7 0
8 0
9 62.8571
9
1 0
2 72.9231
3 222.957
4 0
5 193.091
6 232.16
7 0
8 0
9 66.8571
9
1 0
2 72
3 218.727
4 0
5 194.909
6 232.48
7 0
8 0
9 66
9
1 0
2 71.6364
3 216.727
4 0
5 197.913
6 232.923
7 0
8 0
9 0
9
1 0
2 69.5
3 213.273
4 0
5 199.6
6 234.56
7 0
8 0
9 68.8889
9
1 0
2 67
3 212.952
4 0
5 199.273
6 235.852
7 0
8 0
9 69.4545
9
1 0
2 70.3333
3 211.455
4 0
5 200.348
6 235.04
7 0
8 0
9 68.7273
9
1 0
2 68.3333
3 208.952
4 0
5 203.636
6 235.385
7 0
8 0
9 68.5
9
1 0
2 67.2
3 210.353
4 0
5 202.727
6 234.88
7 0
8 0
9 69.6
9
1 0
2 68.3333
3 209.053
4 0
5 204.727
6 235.84
7 0
8 0
9 0
9
1 0
2 67.6
3 206.8
4 0
5 204.348
6 236
7 0
8 0
9 71
9
1 0
2 69.6
3 207.158
4 0
5 204.762
6 234.56
7 0
8 0
9 71.0769
9
1 0
2 68.5
3 205.263
4 0
5 206.783
6 234.815
7 0
8 0
9 70.5
9
1 0
2 65.7778
3 202.526
4 0
5 208.19
6 234.08
7 0
8 0
9 72
9
1 0
2 65.3333
3 200.48
4 0
5 209.333
6 234.24
7 0
8 0
9 73.2308
9
1 0
2 64.4
3 199
4 0
5 211.429
6 234
7 0
8 0
9 74.1818
9
1 0
2 62.5
3 197.391
4 0
5 211.818
6 235.04
7 0
8 0
9 76
9
1 0
2 0
3 197.905
4 0
5 211.619
6 234.519
7 0
8 0
9 74.2857
9
1 0
2 62.4
3 194.889
4 0
5 213.273
6 235.68
7 0
8 0
9 76.8571
9
1 0
2 63.6667
3 192.667
4 0
5 215.636
6 231.385
7 0
8 0
9 81.6
9
1 0
2 64.4444
3 192
4 0
5 214.105
6 235.68
7 0
8 0
9 79
9
1 0
2 62.6667
3 190.316
4 0
5 214.353
6 233.92
7 0
8 0
9 78.1538
9
1 0
2 0
3 188.571
4 0
5 218.8
6 235.111
7 0
8 0
9 81.25
9
1 0
2 64
3 186.476
4 0
5 217.455
6 234.08
7 0
8 0
9 80.6154
9
1 0
2 72.8889
3 183.789
4 0
5 220.2
6 233.926
7 0
8 0
9 83.4667
9
1 0
2 64.4444
3 183.2
4 0
5 220.444
6 231.84
7 0
8 0
9 82.6667
9
1 0
2 0
3 182.6
4 0
5 222.167
6 232.462
7 0
8 0
9 84.5714
9
1 0
2 58.8571
3 180.444
4 0
5 224.364
6 232.64
7 0
8 0
9 85.8667
9
1 0
2 0
3 177.8
4 0
5 222.667
6 231.2
7 0
8 0
9 87.7333
9
1 0
2 0
3 175.579
4 0
5 224.8
6 232.148
7 0
8 55.4286
9 88
9
1 0
2 0
3 177.091
4 0
5 223.2
6 232.16
7 0
8 0
9 88.2857
9
1 0
2 0
3 178.588
4 0
5 223.636
6 232.741
7 0
8 0
9 92.9231
9
1 0
2 66.8571
3 176.706
4 0
5 223.579
6 232.96
7 0
8 0
9 85.75
9
1 0
2 0
3 176.6
4 0
5 223.158
6 231.52
7 0
8 0
9 86
9
1 0
2 56.5
3 175.238
4 0
5 225.895
6 232
7 0
8 0
9 86.5263
9
1 0
2 0
3 172.762
4 0
5 227.048
6 231.2
7 0
8 0
9 89.8824
9
1 0
2 57.3333
3 168.889
4 0
5 227.429
6 229.63
7 0
8 0
9 92.2353
9
1 0
2 0
3 165.524
4 0
5 233
6 231.52
7 0
8 0
9 95.6923
9
1 0
2 0
3 166.783
4 0
5 231.636
6 229.44
7 0
8 53.1429
9 93.6471
9
1 0
2 77.7143
3 165.333
4 0
5 232.381
6 229.231
7 0
8 57.3333
9 96
9
1 0
2 0
3 163.4
4 0
5 230.609
6 229.92
7 0
8 63
9 97.8667
9
1 0
2 0
3 164.444
4 0
5 230.5
6 229.185
7 0
8 0
9 98.8571
9
1 0
2 59.4286
3 167.478
4 0
5 230.8
6 230.4
7 0
8 0
9 97.0667
9
1 0
2 0
3 161.143
4 0
5 232.19
6 230.154
7 0
8 0
9 97.5
9
1 0
2 0
3 157.111
4 0
5 233.913
6 228.8
7 0
8 0
9 102.105
9
1 0
2 0
3 153.333
4 0
5 236.211
6 228.96
7 0
8 0
9 103.556
9
1 0
2 0
3 153.111
4 0
5 239
6 228
7 0
8 0
9 105.778
9
1 0
2 0
3 151.2
4 0
5 239.273
6 229.28
7 0
8 0
9 106.75
9
1 0
2 0
3 151.158
4 0
5 235.8
6 227.704
7 0
8 57.1429
9 109.4
9
1 0
2 0
3 151
4 0
5 239.091
6 230.88
7 0
8 60.8
9 112
9
1 0
2 0
3 146.444
4 0
5 237.684
6 228.444
7 0
8 57.4545
9 110.5
9
1 0
2 0
3 145.647
4 0
5 237.455
6 226.4
7 0
8 60.8
9 110.8
9
1 0
2 0
3 144
4 0
5 238
6 225.92
7 0
8 58.75
9 116.444
9
1 0
2 0
3 146
4 0
5 236
6 228.16
7 0
8 57.7778
9 115.75
9
1 0
2 0
3 140.381
4 0
5 235.294
6 226.4
7 0
8 0
9 116.421
9
1 0
2 0
3 140.222
4 0
5 236.444
6 225.185
7 0
8 59.5
9 117.111
9
1 0
2 0
3 140.889
4 0
5 237.412
6 228.16
7 0
8 66.8571
9 123.238
9
1 0
2 0
3 136.842
4 0
5 238.526
6 224.923
7 0
8 0
9 122.824
9
1 0
2 0
3 135.8
4 0
5 240.2
6 227.36
7 0
8 64.3333
9 126
9
1 0
2 0
3 132.364
4 0
5 240.571
6 226.323
7 0
8 64
9 128.762
9
1 0
2 0
3 133.6
4 0
5 243.529
6 227.385
7 0
8 65.6
9 128.471
9
1 0
2 0
3 131.333
4 0
5 241.818
6 227.52
7 0
8 64
9 129.778
9
1 0
2 0
3 0
4 0
5 232.571
6 225.2
7 0
8 0
9 0
9
1 0
2 0
3 0
4 0
5 0
6 0
7 0
8 0
9 0
9
1 0
2 0
3 0
4 0
5 0
6 0
7 0
8 0
9 0
9
1 0
2 0
3 0
4 0
5 0
6 0
7 0
8 0
9 0
9
1 0
2 0
3 0
4 0
5 0
6 0
7 0
8 0
9 0
9
1 0
2 0
3 0
4 0
5 0
6 0
7 0
8 0
9 0
9
1 0
2 0
3 0
4 0
5 0
6 0
7 0
8 0
9 0
9
1 0
2 0
3 0
4 0
5 0
6 0
7 0
8 0
9 0
9
1 0
2 0
3 0
4 0
5 0
6 0
7 0
8 0
9 0
9
1 0
2 0
3 0
4 0
5 0
6 0
7 0
8 0
9 0
9
1 0
2 0
3 0
4 0
5 0
6 0
7 0
8 0
9 0
9
1 0
2 0
3 0
4 0
5 0
6 0
7 0
8 0
9 0
9
1 0
2 0
3 0
4 0
5 0
6 0
7 0
8 0
9 0
9
1 0
2 0
3 0
4 0
5 212.571
6 199.5
7 0
8 0
9 0
9
1 0
2 0
3 106.286
4 0
5 234.857
6 221.778
7 0
8 0
9 148.5
9
1 0
2 0
3 103
4 0
5 232
6 219.294
7 0
8 0
9 156
9
1 0
2 0
3 102.667
4 0
5 242.824
6 231.2
7 0
8 76.5714
9 165.143
9
1 0
2 0
3 103.692
4 0
5 242.364
6 231.407
7 0
8 78.5714
9 165.053
9
1 0
2 0
3 98.8571
4 0
5 243.2
6 233.28
7 0
8 77.4286
9 168.909
9
1 0
2 0
3 99.1429
4 0
5 244.8
6 233.63
7 0
8 78.2222
9 170.087
9
1 0
2 0
3 96.8571
4 0
5 239.556
6 233.92
7 0
8 78.4
9 174
9
1 0
2 0
3 94.1333
4 0
5 243.304
6 233.76
7 0
8 83.1111
9 173.714
9
1 0
2 0
3 93.8462
4 0
5 240
6 231.385
7 0
8 84
9 175.455
9
1 0
2 0
3 88.4444
4 0
5 241.895
6 235.04
7 0
8 83.6
9 180.667
9
1 0
2 0
3 89.3333
4 0
5 240.706
6 233.926
7 0
8 84
9 183.2
9
1 0
2 0
3 84.5714
4 0
5 236
6 233.76
7 0
8 85.1111
9 182.308
9
1 0
2 0
3 85.3333
4 0
5 239
6 233.385
7 0
8 85.4118
9 183.167
9
1 0
2 0
3 85.6
4 0
5 240.471
6 236.48
7 0
8 87.7143
9 187.36
9
1 0
2 0
3 83.4667
4 0
5 240
6 236.296
7 0
8 90.4444
9 190.5
9
1 0
2 0
3 80.9231
4 0
5 240
6 236.32
7 0
8 90.3529
9 191.455
9
1 0
2 0
3 84
4 0
5 235.333
6 236.148
7 0
8 90.3158
9 193
9
1 0
2 0
3 80.5
4 0
5 236.842
6 235.2
7 0
8 92
9 194
9
1 0
2 0
3 80
4 0
5 239.5
6 236.16
7 0
8 92.5333
9 198.364
9
1 0
2 0
3 76.3636
4 0
5 235.5
6 236.308
7 0
8 92.8889
9 198.609
9
1 0
2 0
3 78.6667
4 0
5 237.778
6 236
7 0
8 97.0526
9 200.667
9
1 0
2 0
3 77.1429
4 0
5 237.053
6 235.852
7 0
8 98.6667
9 203.652
9
1 0
2 0
3 73.7778
4 0
5 231.765
6 233.92
7 0
8 96.381
9 203.846
9
1 0
2 0
3 76.8
4 0
5 234.571
6 235.36
7 0
8 99.7647
9 209.833
9
1 0
2 0
3 0
4 0
5 231.556
6 232.8
7 0
8 99.8095
9 208.148
9
1 0
2 0
3 68
4 0
5 228
6 231.36
7 0
8 100.2
9 212
9
1 0
2 0
3 67.2
4 0
5 228.889
6 230.963
7 0
8 102.588
9 213.667
9
1 0
2 0
3 0
4 0
5 226.133
6 232.64
7 0
8 102.545
9 218.308
9
1 0
2 0
3 0
4 0
5 226.824
6 232.615
7 0
8 102.667
9 221
9
1 0
2 0
3 0
4 0
5 227.733
6 231.84
7 0
8 105.778
9 222.462
9
1 0
2 0
3 0
4 0
5 226.133
6 231.36
7 0
8 108.421
9 225.5
9
1 0
2 0
3 0
4 0
5 225.75
6 228.148
7 0
8 110.727
9 224.16
9
1 0
2 0
3 0
4 0
5 225
6 229.76
7 0
8 111.8
9 230
9
1 0
2 0
3 0
4 0
5 220
6 227.613
7 0
8 111.667
9 230
9
1 0
2 0
3 0
4 0
5 219.25
6 226.4
7 0
8 112.762
9 230.769
9
1 0
2 0
3 0
4 0
5 217.412
6 225.6
7 0
8 114.444
9 232.8
9
1 0
2 0
3 0
4 0
5 220
6 226.154
7 0
8 115.2
9 238.308
9
1 0
2 0
3 0
4 0
5 217.231
6 224.64
7 0
8 116.632
9 240.333
9
1 0
2 0
3 0
4 0
5 214.353
6 220.148
7 0
8 116.889
9 242.24
9
1 0
2 0
3 0
4 0
5 213.714
6 220.64
7 0
8 118.545
9 244.889
9
1 0
2 0
3 0
4 0
5 211.111
6 221.385
7 0
8 121.905
9 249.12
9
1 0
2 0
3 0
4 0
5 208.75
6 218.08
7 0
8 120.667
9 252.923
9
1 0
2 0
3 0
4 0
5 206.667
6 219.2
7 0
8 121.455
9 255.84
9
1 0
2 0
3 0
4 0
5 207.429
6 215.852
7 0
8 125.556
9 256.8
9
1 0
2 0
3 0
4 0
5 204.25
6 215.68
7 0
8 128
9 260.769
9
1 0
2 0
3 0
4 0
5 205.778
6 215.407
7 0
8 129.263
9 262.08
9
1 0
2 0
3 0
4 0
5 202.118
6 214.88
7 0
8 126.316
9 262.667
9
1 0
2 0
3 0
4 0
5 201.412
6 211.52
7 0
8 127.6
9 261.833
9
1 0
2 0
3 0
4 0
5 200.923
6 210.769
7 0
8 129.217
9 263.36
9
1 0
2 0
3 0
4 0
5 199.111
6 210.56
7 0
8 129.333
9 265.28
9
1 0
2 0
3 0
4 0
5 200.533
6 211.852
7 0
8 131.111
9 269.44
9
1 0
2 0
3 0
4 0
5 198
6 208.64
7 0
8 133.524
9 269.185
9
1 0
2 0
3 0
4 0
5 195.733
6 208
7 0
8 130
9 271.167
9
1 0
2 0
3 0
4 0
5 195.2
6 208
7 0
8 132
9 270.667
9
1 0
2 0
3 0
4 0
5 191.143
6 204.48
7 0
8 130.737
9 273.92
9
1 0
2 0
3 0
4 0
5 193.333
6 206.37
7 0
8 134.316
9 275.84
9
1 0
2 0
3 0
4 0
5 191.529
6 204.16
7 0
8 134.737
9 277.846
9
1 0
2 0
3 0
4 0
5 190
6 201.778
7 0
8 132
9 276.32
9
1 0
2 0
3 0
4 0
5 191.385
6 204.96
7 0
8 136.471
9 279.704
9
1 0
2 0
3 0
4 0
5 193.714
6 204.32
7 0
8 136.2
9 279.2
9
1 0
2 0
3 0
4 0
5 194.933
6 202.923
7 0
8 137.524
9 278
9
1 0
2 0
3 0
4 0
5 189.143
6 204.32
7 0
8 135.778
9 277.6
9
1 0
2 0
3 0
4 0
5 189.895
6 202.222
7 0
8 135.273
9 277.28
9
1 0
2 0
3 0
4 0
5 190.2
6 201.92
7 0
8 138.182
9 275.556
