9
1 0
2 0
3 0
4 0
5 0
6 170.909
7 0
8 103.429
9 274.769
9
1 0
2 0
3 0
4 0
5 0
6 170.667
7 0
8 103.6
9 274.769
9
1 0
2 0
3 0
4 0
5 0
6 173.667
7 0
8 104.5
9 273.6
9
1 0
2 0
3 0
4 0
5 107.2
6 173.455
7 0
8 102.667
9 270.462
9
1 0
2 0
3 0
4 0
5 0
6 175.333
7 0
8 105.6
9 265.231
9
1 0
2 0
3 0
4 0
5 109.143
6 180.923
7 0
8 105.455
9 259.077
9
1 0
2 0
3 0
4 0
5 114.857
6 178.769
7 0
8 105.778
9 256.364
9
1 0
2 0
3 0
4 0
5 118.857
6 184.727
7 0
8 106.182
9 252.923
9
1 0
2 0
3 0
4 0
5 124
6 181.846
7 0
8 108.4
9 248.615
9
1 0
2 0
3 0
4 0
5 125.778
6 186.462
7 0
8 108.4
9 239.692
9
1 0
2 0
3 0
4 0
5 129.6
6 186.769
7 0
8 107.5
9 235.273
9
1 0
2 0
3 0
4 0
5 130.5
6 188
7 0
8 108
9 231.077
9
1 0
2 0
3 0
4 0
5 137.5
6 192
7 0
8 108.4
9 228.615
9
1 0
2 0
3 0
4 0
5 139.556
6 192.308
7 0
8 108.5
9 220.364
9
1 0
2 0
3 0
4 0
5 145.5
6 193
7 0
8 0
9 212.727
9
1 0
2 0
3 0
4 0
5 151.5
6 193.091
7 0
8 108.8
9 208
9
1 0
2 0
3 0
4 0
5 160
6 197.846
7 0
8 109.333
9 200.308
9
1 0
2 0
3 0
4 0
5 160.571
6 196.615
7 0
8 109.6
9 193.091
9
1 0
2 0
3 0
4 0
5 165.6
6 197.846
7 0
8 106
9 190.909
9
1 0
2 0
3 0
4 0
5 170.286
6 197.455
7 0
8 108.444
9 185.818
9
1 0
2 0
3 0
4 0
5 0
6 197.846
7 0
8 105.333
9 179.385
9
1 0
2 0
3 0
4 0
5 176.5
6 199.385
7 0
8 108
9 175.2
9
1 0
2 0
3 0
4 0
5 0
6 200.667
7 0
8 106.286
9 173.818
9
1 0
2 0
3 0
4 0
5 184.571
6 201.091
7 0
8 104.333
9 167.692
9
1 0
2 0
3 0
4 0
5 186.8
6 198.154
7 0
8 104.889
9 167.077
9
1 0
2 0
3 0
4 0
5 193.333
6 200.923
7 0
8 104
9 159.6
9
1 0
2 0
3 0
4 0
5 200.8
6 198.667
7 0
8 101.778
9 152.667
9
1 0
2 0
3 0
4 0
5 204.571
6 200
7 0
8 103.2
9 148
9
1 0
2 0
3 0
4 0
5 212.5
6 200.923
7 0
8 103.556
9 142.667
9
1 0
2 0
3 0
4 0
5 215.111
6 198.462
7 0
8 100.444
9 140.727
9
1 0
2 0
3 0
4 0
5 219.111
6 200.727
7 0
8 100.4
9 135.692
9
1 0
2 0
3 0
4 0
5 224
6 196.364
7 0
8 100
9 133.846
9
1 0
2 0
3 0
4 0
5 228.571
6 197.231
7 0
8 100.4
9 130.154
9
1 0
2 0
3 0
4 0
5 232
6 195.385
7 0
8 98.2222
9 125.091
9
1 0
2 0
3 0
4 0
5 233.333
6 194.909
7 0
8 96.5714
9 121.538
9
1 0
2 0
3 0
4 0
5 239.429
6 194.667
7 0
8 95
9 116.923
9
1 0
2 0
3 0
4 0
5 240.4
6 191.692
7 0
8 95.1111
9 113.667
9
1 0
2 0
3 79.4286
4 0
5 242.222
6 191.692
7 0
8 91.2
9 108.8
9
1 0
2 0
3 81.1429
4 0
5 247.111
6 190.545
7 0
8 0
9 106.909
9
1 0
2 0
3 0
4 0
5 247.111
6 190.909
7 0
8 92.4444
9 102.769
9
1 0
2 0
3 0
4 0
5 250.667
6 186.154
7 0
8 90.6667
9 100.364
9
1 0
2 0
3 0
4 0
5 252.4
6 186.154
7 0
8 86.8571
9 95.5556
9
1 0
2 0
3 83.5556
4 0
5 254
6 185.091
7 0
8 0
9 92
9
1 0
2 0
3 87
4 0
5 256.5
6 181.333
7 0
8 83
9 86
9
1 0
2 0
3 85.5
4 0
5 258.222
6 179.077
7 0
8 0
9 82.9091
9
1 0
2 0
3 88.5
4 0
5 260
6 177.538
7 0
8 80.5
9 80.8
9
1 0
2 0
3 92.5714
4 0
5 262
6 174.909
7 0
8 0
9 77.3333
9
1 0
2 0
3 0
4 0
5 0
6 170
7 0
8 76
9 75.5556
9
1 0
2 0
3 0
4 0
5 264.364
6 169.231
7 0
8 73.5
9 68.5714
9
1 0
2 0
3 95.5556
4 0
5 264.571
6 166.769
7 0
8 0
9 68
9
1 0
2 0
3 96.4444
4 0
5 265
6 166.545
7 0
8 73.7778
9 66
9
1 0
2 0
3 98.8571
4 0
5 264.4
6 161.538
7 0
8 72.5714
9 0
9
1 0
2 0
3 97.5
4 0
5 264.4
6 159.385
7 0
8 70.6667
9 61.7143
9
1 0
2 0
3 100
4 0
5 265.333
6 155.692
7 0
8 0
9 0
9
1 0
2 64
3 103.333
4 0
5 265.2
6 153.091
7 0
8 0
9 0
9
1 0
2 67.5556
3 104.5
4 0
5 262.857
6 144.727
7 0
8 0
9 0
9
1 0
2 0
3 104
4 0
5 262.4
6 142.769
7 0
8 60.8
9 0
9
1 0
2 78.5
3 104
4 0
5 260
6 140.308
7 0
8 59
9 0
9
1 0
2 76
3 108.333
4 0
5 258.667
6 134.182
7 0
8 0
9 0
9
1 0
2 81.7143
3 106.4
4 0
5 253.778
6 132
7 0
8 0
9 0
9
1 0
2 86.4
3 109.091
4 0
5 250.909
6 126.462
7 0
8 55.5
9 0
9
1 0
2 86.6667
3 109.667
4 0
5 246
6 122.154
7 0
8 0
9 0
9
1 0
2 91
3 109.846
4 0
5 243.556
6 120.364
7 0
8 0
9 0
9
1 0
2 94.5455
3 109.091
4 0
5 240
6 117.333
7 0
8 0
9 0
9
1 0
2 96.4444
3 108.364
4 0
5 238.667
6 115.692
7 0
8 0
9 0
9
1 0
2 101
3 109.231
4 58.2857
5 237
6 113.091
7 0
8 0
9 0
9
1 57.1429
2 102.182
3 109.846
4 57.7143
5 234
6 110.4
7 0
8 0
9 0
9
1 0
2 104.444
3 108
4 0
5 228
6 107.6
7 0
8 0
9 0
9
1 0
2 110.286
3 107.385
4 64.5714
5 225.2
6 104.667
7 0
8 0
9 0
9
1 0
2 111.111
3 108
4 64
5 220.667
6 101.778
7 0
8 0
9 0
9
1 0
2 115.2
3 107.385
4 65.6
5 213.818
6 98.2857
7 0
8 0
9 0
9
1 70
2 119.6
3 106.909
4 76
5 208.923
6 93.0909
7 0
8 0
9 0
9
1 0
2 120
3 107.077
4 68
5 205.846
6 92
7 0
8 0
9 0
9
1 0
2 126.182
3 106.462
4 69.6667
5 197
6 87.2
7 0
8 0
9 0
9
1 79.5556
2 128.333
3 106.333
4 72
5 192
6 0
7 0
8 0
9 0
9
1 0
2 130.545
3 103.636
4 72.7273
5 188
6 82.2857
7 0
8 0
9 0
9
1 0
2 131.692
3 102.769
4 74.4615
5 183.333
6 0
7 0
8 0
9 0
9
1 88.5
2 136.615
3 103.077
4 75.3846
5 178.333
6 0
7 0
8 0
9 0
9
1 92.5
2 137.538
3 103.636
4 75.2
5 177.6
6 75.4286
7 0
8 0
9 0
9
1 0
2 138.182
3 101.818
4 75.0769
5 172.308
6 0
7 0
8 0
9 0
9
1 93.7143
2 141.333
3 100.615
4 77.5385
5 168.923
6 0
7 0
8 0
9 0
9
1 98
2 145.846
3 100
4 79
5 164.8
6 0
7 0
8 0
9 0
9
1 97
2 147.077
3 99.2727
4 78.8
5 160.444
6 0
7 0
8 0
9 0
9
1 0
2 148
3 97.8182
4 80.3077
5 158.154
6 0
7 0
8 0
9 0
9
1 0
2 148.308
3 99.0769
4 80.9231
5 157.231
6 0
7 0
8 0
9 0
9
1 0
2 150.769
3 96.9231
4 82.4615
5 157.333
6 0
7 0
8 0
9 0
9
1 108
2 152.308
3 97.0909
4 80.8
5 154.545
6 0
7 0
8 0
9 0
9
1 109.5
2 151.273
3 96.3636
4 83
5 152.923
6 0
7 0
8 0
9 0
9
1 112.889
2 154.154
3 96.3077
4 83.6923
5 147.692
6 0
7 0
8 0
9 0
9
1 0
2 157.231
3 93.2308
4 84
5 148
6 0
7 0
8 0
9 0
9
1 116.889
2 147.385
3 95.2727
4 84
5 140.727
6 0
7 0
8 0
9 0
9
1 119.429
2 160.727
3 93.8182
4 84.9231
5 139.692
6 0
7 0
8 0
9 0
9
1 117.5
2 159.692
3 91.3846
4 86.1538
5 138.333
6 0
7 0
8 0
9 0
9
1 0
2 162.462
3 91.3846
4 85.3333
5 136.364
6 0
7 0
8 0
9 0
9
1 124
2 163.636
3 89.2
4 86.5455
5 134.769
6 0
7 0
8 0
9 0
9
1 0
2 164.667
3 88.9231
4 90.4615
5 130.333
6 0
7 0
8 0
9 0
9
1 130.5
2 166.462
3 89.4545
4 89.8462
5 126.462
6 0
7 0
8 0
9 0
9
1 133.5
2 168.308
3 88.4444
4 90.5455
5 123.636
6 0
7 0
8 0
9 0
9
1 138.222
2 159.667
3 88.8
4 90.9091
5 122.462
6 0
7 0
8 0
9 0
9
1 0
2 171
3 85.6
4 93.5385
5 120
6 0
7 0
8 0
9 0
9
1 0
2 173.231
3 83.6
4 91.0769
5 115.385
6 0
7 0
8 0
9 0
9
1 149.714
2 174.462
3 0
4 90.9091
5 113.455
6 0
7 0
8 0
9 0
9
1 0
2 176.727
3 0
4 91.6667
5 110.769
6 0
7 0
8 0
9 0
9
1 0
2 174.462
3 0
4 93.2308
5 107.077
6 0
7 0
8 0
9 0
9
1 155
2 176.615
3 0
4 93.3333
5 107
6 0
7 0
8 0
9 0
9
1 156.571
2 178.154
3 0
4 93.2
5 104.364
6 0
7 0
8 0
9 0
9
1 0
2 177.818
3 0
4 92.6154
5 102.462
6 0
7 0
8 0
9 0
9
1 0
2 170.286
3 0
4 93.2308
5 99.6923
6 0
7 0
8 0
9 0
9
1 0
2 178.769
3 0
4 94.4615
5 98.5455
6 0
7 0
8 0
9 0
9
1 0
2 182.333
3 0
4 89
5 98.3333
6 0
7 0
8 0
9 0
9
1 0
2 181.091
3 0
4 93.8462
5 95.6923
6 0
7 0
8 0
9 0
9
1 0
2 179.692
3 0
4 92
5 95.6923
6 0
7 0
8 0
9 0
9
1 168.444
2 178.462
3 0
4 94
5 96
6 0
7 0
8 0
9 0
9
1 172
2 179.273
3 0
4 94.8
5 95.3846
6 0
7 0
8 0
9 0
9
1 0
2 179
3 0
4 94.7692
5 96
6 0
7 0
8 0
9 0
9
1 170.286
2 181.231
3 0
4 95.6667
5 94.6667
6 0
7 0
8 0
9 0
