9
1 0
2 0
3 0
4 0
5 0
6 97.5
7 0
8 0
9 301.455
9
1 0
2 0
3 0
4 0
5 0
6 99
7 0
8 0
9 301
9
1 0
2 0
3 0
4 0
5 0
6 102.182
7 0
8 80.5714
9 303.636
9
1 0
2 0
3 0
4 0
5 0
6 105.143
7 0
8 0
9 303.6
9
1 0
2 0
3 0
4 0
5 0
6 109.778
7 0
8 83.4286
9 304.364
9
1 0
2 0
3 0
4 0
5 0
6 110
7 0
8 83.6
9 301.2
9
1 0
2 0
3 0
4 0
5 0
6 114.5
7 0
8 85.1429
9 305.333
9
1 0
2 0
3 0
4 0
5 0
6 118.857
7 0
8 86.6667
9 300.333
9
1 0
2 0
3 0
4 0
5 0
6 119.2
7 0
8 86.6667
9 303.385
9
1 0
2 0
3 0
4 0
5 0
6 118.667
7 0
8 0
9 301.667
9
1 0
2 0
3 0
4 0
5 0
6 120
7 0
8 0
9 304
9
1 0
2 0
3 0
4 0
5 0
6 121
7 0
8 0
9 301.538
9
1 0
2 0
3 0
4 0
5 0
6 124.667
7 0
8 0
9 300.667
9
1 0
2 0
3 0
4 0
5 0
6 129.455
7 0
8 92
9 302.545
9
1 0
2 0
3 0
4 0
5 0
6 131.111
7 0
8 92
9 299.636
9
1 0
2 0
3 0
4 0
5 0
6 137.6
7 0
8 0
9 300.364
9
1 0
2 0
3 0
4 0
5 0
6 141.091
7 0
8 0
9 300.333
9
1 0
2 0
3 0
4 0
5 73.7143
6 140.4
7 0
8 0
9 298.909
9
1 0
2 0
3 0
4 0
5 0
6 146.5
7 0
8 98
9 296.727
9
1 0
2 0
3 0
4 0
5 0
6 147.111
7 0
8 98.5
9 297.091
9
1 0
2 0
3 0
4 0
5 0
6 149.333
7 0
8 0
9 294.333
9
1 0
2 0
3 0
4 0
5 0
6 151.636
7 0
8 0
9 295.273
9
1 0
2 0
3 0
4 0
5 88.4444
6 157
7 0
8 0
9 290.154
9
1 0
2 0
3 0
4 0
5 0
6 161
7 0
8 104.444
9 285.846
9
1 0
2 0
3 0
4 0
5 0
6 164
7 0
8 105
9 285.538
9
1 0
2 0
3 0
4 0
5 0
6 166
7 0
8 104.8
9 283.636
9
1 0
2 0
3 0
4 0
5 0
6 168.364
7 0
8 104.889
9 281.231
9
1 0
2 0
3 0
4 0
5 102.286
6 168.308
7 0
8 106.4
9 279.692
9
1 0
2 0
3 0
4 0
5 0
6 170.462
7 0
8 109.455
9 277
9
1 0
2 0
3 0
4 0
5 111
6 176
7 0
8 108.889
9 269.091
9
1 0
2 0
3 0
4 0
5 0
6 176.364
7 0
8 110.4
9 263.385
9
1 0
2 0
3 0
4 0
5 0
6 178.769
7 0
8 108.4
9 262.667
9
1 0
2 0
3 0
4 0
5 119.429
6 179.077
7 0
8 111
9 258.8
9
1 0
2 0
3 0
4 0
5 120.5
6 179.667
7 0
8 112
9 257.667
9
1 0
2 0
3 0
4 0
5 120
6 180.727
7 0
8 110.909
9 256.308
9
1 0
2 0
3 0
4 0
5 123
6 183.692
7 0
8 111.5
9 252.308
9
1 0
2 0
3 0
4 0
5 130.222
6 185.846
7 0
8 112.5
9 244
9
1 0
2 0
3 0
4 0
5 136.444
6 187.636
7 0
8 0
9 232.923
9
1 0
2 0
3 0
4 0
5 0
6 189.091
7 0
8 112.444
9 228
9
1 0
2 0
3 0
4 0
5 143.429
6 191.385
7 0
8 113.455
9 224
9
1 0
2 0
3 0
4 0
5 144.889
6 191.385
7 0
8 0
9 221.2
9
1 0
2 0
3 0
4 0
5 0
6 191.636
7 0
8 112.889
9 209.231
9
1 0
2 0
3 0
4 0
5 0
6 193.846
7 0
8 112
9 204.667
9
1 0
2 0
3 0
4 0
5 164.571
6 196.308
7 0
8 110.857
9 195
9
1 0
2 0
3 0
4 0
5 173.5
6 197.846
7 0
8 113
9 184.8
9
1 0
2 0
3 0
4 0
5 180.444
6 198.182
7 0
8 110
9 176.308
9
1 0
2 0
3 0
4 0
5 188.5
6 198.154
7 0
8 110.182
9 172.615
9
1 0
2 0
3 0
4 0
5 193.2
6 199.077
7 0
8 110.667
9 166.909
9
1 0
2 0
3 0
4 0
5 199.111
6 198.667
7 0
8 109
9 158.4
9
1 0
2 0
3 0
4 0
5 201.5
6 200
7 0
8 106.8
9 158.462
9
1 0
2 0
3 0
4 0
5 209.2
6 199.385
7 0
8 103
9 151.077
9
1 0
2 0
3 0
4 0
5 215.2
6 200
7 0
8 110.222
9 147.2
9
1 0
2 0
3 0
4 0
5 220
6 202.182
7 0
8 101.714
9 141.333
9
1 0
2 0
3 0
4 0
5 224.571
6 197.818
7 0
8 104
9 133.455
9
1 0
2 0
3 0
4 0
5 233
6 197.538
7 0
8 99.2
9 125.846
9
1 0
2 0
3 77
4 0
5 242
6 193.846
7 0
8 97.7143
9 116
9
1 0
2 0
3 0
4 0
5 248
6 193.091
7 0
8 94.2857
9 109.538
9
1 0
2 0
3 0
4 0
5 249.333
6 189.333
7 0
8 94.5
9 102.545
9
1 0
2 0
3 0
4 0
5 253.5
6 188.308
7 0
8 90.8571
9 99.6364
9
1 0
2 0
3 0
4 0
5 255.111
6 186.769
7 0
8 88.4444
9 97.6
9
1 0
2 0
3 88.5
4 0
5 258
6 180.727
7 0
8 83.4286
9 89.6667
9
1 0
2 0
3 0
4 0
5 264
6 176.615
7 0
8 0
9 80
9
1 0
2 0
3 92.4444
4 0
5 265.333
6 174.154
7 0
8 78
9 76.5
9
1 0
2 0
3 94.8571
4 0
5 268.5
6 168.667
7 0
8 0
9 72
9
1 0
2 0
3 97.5
4 0
5 268
6 163.273
7 0
8 0
9 66.2222
9
1 0
2 0
3 0
4 0
5 266.545
6 158.769
7 0
8 71.4286
9 61.5
9
1 0
2 64
3 104
4 0
5 266.545
6 154.462
7 0
8 67
9 0
9
1 0
2 68.4444
3 105.333
4 0
5 264.727
6 146.545
7 0
8 0
9 0
9
1 0
2 0
3 107.2
4 0
5 262.4
6 141.818
7 0
8 60
9 0
9
1 0
2 0
3 108.889
4 0
5 257.455
6 135.692
7 0
8 57.1429
9 0
9
1 0
2 84
3 110.182
4 0
5 252.889
6 130.154
7 0
8 0
9 0
9
1 0
2 90
3 108.308
4 0
5 250
6 126.909
7 0
8 0
9 0
9
1 0
2 95
3 110.182
4 0
5 242.5
6 120.667
7 0
8 0
9 0
9
1 0
2 101.333
3 112.364
4 0
5 239.273
6 115.692
7 0
8 0
9 0
9
1 0
2 104
3 110.769
4 0
5 231.2
6 110
7 0
8 0
9 0
9
1 0
2 106.4
3 111.077
4 61.1429
5 228
6 108.4
7 0
8 0
9 0
9
1 0
2 111.111
3 112
4 63.5556
5 222.909
6 104.364
7 0
8 0
9 0
9
1 0
2 113.333
3 110.667
4 66.1818
5 216.923
6 100
7 0
8 0
9 0
9
1 0
2 120
3 107.692
4 72.4
5 209.333
6 96.8889
7 0
8 0
9 0
9
1 0
2 121.846
3 108.923
4 69.5
5 204.364
6 94.2222
7 0
8 0
9 0
9
1 0
2 127.273
3 108
4 71
5 198.667
6 89.7143
7 0
8 0
9 0
9
1 82.8571
2 131.2
3 108.923
4 73.2308
5 191.385
6 84
7 0
8 0
9 0
9
1 0
2 133.333
3 106
4 74.1538
5 185.667
6 0
7 0
8 0
9 0
9
1 91
2 139.273
3 105.231
4 76
5 178.909
6 0
7 0
8 0
9 0
9
1 0
2 141.091
3 105.091
4 74.5
5 170.769
6 76.5714
7 0
8 0
9 0
9
1 0
2 145.091
3 104.308
4 77.8462
5 168.667
6 0
7 0
8 0
9 0
9
1 100
2 146.769
3 104.308
4 80
5 164.923
6 0
7 0
8 0
9 0
9
1 103
2 149.846
3 101.538
4 80.8
5 161.091
6 0
7 0
8 0
9 0
9
1 106
2 151.636
3 101.818
4 82.1818
5 155.333
6 0
7 0
8 0
9 0
9
1 0
2 155
3 100
4 81.8462
5 151.692
6 0
7 0
8 0
9 0
9
1 114.286
2 157.231
3 97.2308
4 82.1538
5 146.462
6 0
7 0
8 0
9 0
9
1 113.714
2 158.154
3 97.8462
4 83.6364
5 146.545
6 0
7 0
8 0
9 0
9
1 0
2 159.273
3 97.0909
4 84.7273
5 145.538
6 0
7 0
8 0
9 0
9
1 0
2 160.333
3 95.0769
4 85.2308
5 143.692
6 0
7 0
8 0
9 0
9
1 0
2 164.308
3 94.7692
4 85.8462
5 136.615
6 0
7 0
8 0
9 0
9
1 125.778
2 165.538
3 92
4 86.5455
5 134.182
6 0
7 0
8 0
9 0
9
1 129.714
2 166.545
3 94.9091
4 85.6667
5 130.154
6 0
7 0
8 0
9 0
9
1 0
2 171.077
3 88.8
4 88.3077
5 125.538
6 0
7 0
8 0
9 0
9
1 142
2 166
3 84.5714
4 90
5 119
6 0
7 0
8 0
9 0
9
1 152
2 178.154
3 0
4 91.2727
5 110.545
6 0
7 0
8 0
9 0
9
1 0
2 170
3 0
4 92.6667
5 106.769
6 0
7 0
8 0
9 0
9
1 158.857
2 180.923
3 0
4 90.5455
5 104
6 0
7 0
8 0
9 0
9
1 167
2 183.385
3 0
4 93.3333
5 102
6 0
7 0
8 0
9 0
9
1 168.5
2 184.923
3 0
4 93.5
5 98.1818
6 0
7 0
8 0
9 0
9
1 0
2 185.818
3 0
4 92
5 94
6 0
7 0
8 0
9 0
9
1 180
2 185.538
3 0
4 92.4
5 88.7273
6 0
7 0
8 0
9 0
9
1 190
2 187.077
3 0
4 94
5 84.3636
6 0
7 0
8 0
9 0
9
1 192.5
2 187.667
3 0
4 92
5 81.6
6 0
7 0
8 0
9 0
9
1 0
2 186.545
3 0
4 94.1818
5 76.7273
6 0
7 0
8 0
9 0
9
1 205
2 186.769
3 0
4 91.6364
5 74.5455
6 0
7 0
8 0
9 0
9
1 209.143
2 184.923
3 0
4 91.2
5 69.4545
6 0
7 0
8 0
9 0
9
1 213
2 185.333
3 0
4 92
5 68.7273
6 0
7 0
8 0
9 0
9
1 213.714
2 184.727
3 0
4 91.2727
5 68.4
6 0
7 0
8 0
9 0
9
1 220
2 184.308
3 0
4 92
5 66.3333
6 0
7 0
8 0
9 0
9
1 201.5
2 182.769
3 0
4 92
5 65
6 0
7 0
8 0
9 0
9
1 208
2 183.077
3 0
4 92.4444
5 61.3333
6 0
7 0
8 0
9 0
9
1 0
2 182.909
3 0
4 90.4
5 59.1111
6 0
7 0
8 0
9 0
9
1 230.857
2 183.077
3 0
4 89.6
5 66.2857
6 0
7 0
8 0
9 0
9
1 0
2 182.462
3 0
4 91.4286
5 0
6 0
7 0
8 0
9 0
