9
1 0
2 0
3 0
4 0
5 0
6 0
7 0
8 0
9 290.154
9
1 0
2 0
3 0
4 0
5 0
6 0
7 0
8 0
9 290.909
9
1 0
2 0
3 0
4 0
5 0
6 0
7 0
8 0
9 290.462
9
1 0
2 0
3 0
4 0
5 0
6 0
7 0
8 0
9 291.111
9
1 0
2 0
3 0
4 0
5 0
6 0
7 0
8 0
9 289
9
1 0
2 0
3 0
4 0
5 0
6 0
7 0
8 0
9 291.667
9
1 0
2 0
3 0
4 0
5 0
6 0
7 0
8 0
9 290.4
9
1 0
2 0
3 0
4 0
5 0
6 0
7 0
8 0
9 289.091
9
1 0
2 0
3 0
4 0
5 0
6 0
7 0
8 0
9 292.615
9
1 0
2 0
3 0
4 0
5 0
6 0
7 0
8 0
9 291.667
9
1 0
2 0
3 0
4 0
5 0
6 0
7 0
8 0
9 292.889
9
1 0
2 0
3 0
4 0
5 0
6 0
7 0
8 0
9 290.462
9
1 0
2 0
3 0
4 0
5 0
6 0
7 0
8 0
9 290.182
9
1 0
2 0
3 0
4 0
5 0
6 0
7 0
8 0
9 293.538
9
1 0
2 0
3 0
4 0
5 0
6 0
7 0
8 0
9 290.545
9
1 0
2 0
3 0
4 0
5 0
6 0
7 0
8 0
9 292
9
1 0
2 0
3 0
4 0
5 0
6 0
7 0
8 0
9 290.909
9
1 0
2 0
3 0
4 0
5 0
6 0
7 0
8 0
9 288.923
9
1 0
2 0
3 0
4 0
5 0
6 0
7 0
8 0
9 291.273
9
1 0
2 0
3 0
4 0
5 0
6 0
7 0
8 0
9 292
9
1 0
2 0
3 0
4 0
5 0
6 0
7 0
8 0
9 290.333
9
1 0
2 0
3 0
4 0
5 0
6 0
7 0
8 0
9 290.154
9
1 0
2 0
3 0
4 0
5 0
6 0
7 0
8 0
9 291.692
9
1 0
2 0
3 0
4 0
5 0
6 0
7 0
8 0
9 0
9
1 0
2 0
3 0
4 0
5 0
6 0
7 0
8 0
9 0
9
1 0
2 0
3 0
4 0
5 0
6 0
7 0
8 0
9 0
9
1 0
2 0
3 0
4 0
5 0
6 0
7 0
8 0
9 0
9
1 0
2 0
3 0
4 0
5 0
6 0
7 0
8 0
9 0
9
1 0
2 0
3 0
4 0
5 0
6 0
7 0
8 0
9 0
9
1 0
2 0
3 0
4 0
5 0
6 0
7 0
8 0
9 0
9
1 0
2 0
3 0
4 0
5 0
6 0
7 0
8 0
9 0
9
1 0
2 0
3 0
4 0
5 0
6 0
7 0
8 0
9 278.182
9
1 0
2 0
3 0
4 0
5 0
6 0
7 0
8 0
9 279
9
1 0
2 0
3 0
4 0
5 0
6 0
7 0
8 0
9 285.333
9
1 0
2 0
3 0
4 0
5 0
6 0
7 0
8 0
9 285.143
9
1 0
2 0
3 0
4 0
5 0
6 0
7 0
8 0
9 288
9
1 0
2 0
3 0
4 0
5 0
6 0
7 0
8 0
9 288.667
9
1 0
2 0
3 0
4 0
5 0
6 0
7 0
8 0
9 287.692
9
1 0
2 0
3 0
4 0
5 0
6 0
7 0
8 0
9 288
9
1 0
2 0
3 0
4 0
5 0
6 0
7 0
8 0
9 285.091
9
1 0
2 0
3 0
4 0
5 0
6 0
7 0
8 0
9 286
9
1 0
2 0
3 0
4 0
5 0
6 0
7 0
8 0
9 286.545
9
1 0
2 0
3 0
4 0
5 0
6 0
7 0
8 0
9 286.545
9
1 0
2 0
3 0
4 0
5 0
6 0
7 0
8 0
9 284.364
9
1 0
2 0
3 0
4 0
5 0
6 0
7 0
8 0
9 285.846
9
1 0
2 0
3 0
4 0
5 0
6 0
7 0
8 0
9 283
9
1 0
2 0
3 0
4 0
5 0
6 0
7 0
8 0
9 284.4
9
1 0
2 0
3 0
4 0
5 0
6 0
7 0
8 0
9 284.4
9
1 0
2 0
3 0
4 0
5 0
6 0
7 0
8 0
9 284
9
1 0
2 0
3 0
4 0
5 0
6 0
7 0
8 0
9 281.333
9
1 0
2 0
3 0
4 0
5 0
6 0
7 0
8 0
9 281.455
9
1 0
2 0
3 0
4 0
5 0
6 0
7 0
8 0
9 280.4
9
1 0
2 0
3 0
4 0
5 0
6 0
7 0
8 0
9 280.667
9
1 0
2 0
3 0
4 0
5 0
6 0
7 0
8 0
9 278.909
9
1 0
2 0
3 0
4 0
5 0
6 0
7 0
8 0
9 280.364
9
1 0
2 0
3 0
4 0
5 0
6 0
7 0
8 0
9 277.667
9
1 0
2 0
3 0
4 0
5 0
6 0
7 0
8 0
9 278.154
9
1 0
2 0
3 0
4 0
5 0
6 0
7 0
8 0
9 276.667
9
1 0
2 0
3 0
4 0
5 0
6 0
7 0
8 0
9 275.636
9
1 0
2 0
3 0
4 0
5 0
6 0
7 0
8 0
9 276.667
9
1 0
2 0
3 0
4 0
5 0
6 0
7 0
8 0
9 271.636
9
1 0
2 0
3 0
4 0
5 0
6 0
7 0
8 0
9 273
9
1 0
2 0
3 0
4 0
5 0
6 0
7 0
8 0
9 273.6
9
1 0
2 0
3 0
4 0
5 0
6 0
7 0
8 0
9 268.923
9
1 0
2 0
3 0
4 0
5 0
6 0
7 0
8 0
9 269.231
9
1 0
2 0
3 0
4 0
5 0
6 0
7 0
8 0
9 267.2
9
1 0
2 0
3 0
4 0
5 0
6 0
7 0
8 0
9 265.455
9
1 0
2 0
3 0
4 0
5 0
6 0
7 0
8 0
9 263
9
1 0
2 0
3 0
4 0
5 0
6 0
7 0
8 0
9 260.333
9
1 0
2 0
3 0
4 0
5 0
6 0
7 0
8 0
9 259.556
9
1 0
2 0
3 0
4 0
5 0
6 163
7 0
8 0
9 257.667
9
1 0
2 0
3 0
4 0
5 0
6 0
7 0
8 0
9 254.769
9
1 0
2 0
3 0
4 0
5 0
6 167.636
7 0
8 0
9 253.091
9
1 0
2 0
3 0
4 0
5 0
6 166.8
7 0
8 0
9 247.2
9
1 0
2 0
3 0
4 0
5 0
6 166.857
7 0
8 0
9 245.667
9
1 0
2 0
3 0
4 0
5 0
6 166.857
7 0
8 0
9 240.923
9
1 0
2 0
3 0
4 0
5 0
6 174
7 0
8 0
9 239.667
9
1 0
2 0
3 0
4 0
5 0
6 172.5
7 0
8 0
9 236.727
9
1 0
2 0
3 0
4 0
5 0
6 0
7 0
8 0
9 234.333
9
1 0
2 0
3 0
4 0
5 0
6 172.889
7 0
8 0
9 232
9
1 0
2 0
3 0
4 0
5 0
6 173.818
7 0
8 0
9 227.636
9
1 0
2 0
3 0
4 0
5 0
6 175.556
7 0
8 0
9 226.8
9
1 0
2 0
3 0
4 0
5 0
6 0
7 0
8 0
9 223.077
9
1 0
2 0
3 0
4 0
5 0
6 176
7 0
8 0
9 223.385
9
1 0
2 0
3 0
4 0
5 0
6 175
7 0
8 0
9 218.667
9
1 0
2 0
3 0
4 0
5 0
6 178.5
7 0
8 0
9 213.091
9
1 0
2 0
3 0
4 0
5 0
6 180.571
7 0
8 0
9 209.538
9
1 0
2 0
3 0
4 0
5 0
6 180.889
7 0
8 0
9 205.538
9
1 0
2 0
3 0
4 0
5 0
6 179
7 0
8 0
9 205.818
9
1 0
2 0
3 0
4 0
5 0
6 179.429
7 0
8 0
9 205.333
9
1 0
2 0
3 0
4 0
5 0
6 180.571
7 0
8 0
9 201
9
1 0
2 0
3 0
4 0
5 0
6 184
7 0
8 0
9 197.091
9
1 0
2 0
3 0
4 0
5 155.2
6 181.5
7 0
8 0
9 196.889
9
1 0
2 0
3 0
4 0
5 0
6 194.286
7 0
8 0
9 194
9
1 0
2 0
3 0
4 0
5 162
6 184
7 0
8 0
9 188
9
1 0
2 0
3 0
4 0
5 166.286
6 183.6
7 0
8 0
9 186.909
9
1 0
2 0
3 0
4 0
5 166.8
6 184.333
7 0
8 0
9 183.636
9
1 0
2 0
3 0
4 0
5 167.111
6 187.5
7 0
8 0
9 181
9
1 0
2 0
3 0
4 0
5 169.091
6 186.4
7 0
8 0
9 178.286
9
1 0
2 0
3 0
4 0
5 171.5
6 186.5
7 0
8 0
9 176
9
1 0
2 0
3 0
4 0
5 178.8
6 181.778
7 0
8 0
9 171
9
1 0
2 0
3 0
4 0
5 176.727
6 189.5
7 0
8 0
9 168
9
1 0
2 0
3 0
4 0
5 180.5
6 186.8
7 0
8 0
9 0
9
1 0
2 0
3 0
4 0
5 183.667
6 187.111
7 0
8 0
9 0
9
1 0
2 0
3 0
4 0
5 186.182
6 185.143
7 0
8 0
9 0
9
1 0
2 0
3 0
4 0
5 189.818
6 182.857
7 0
8 0
9 0
9
1 0
2 0
3 0
4 0
5 190.667
6 184
7 0
8 0
9 0
9
1 0
2 0
3 0
4 0
5 196
6 0
7 0
8 0
9 0
9
1 0
2 0
3 0
4 0
5 199.667
6 0
7 0
8 0
9 0
9
1 0
2 0
3 0
4 0
5 198.8
6 186.857
7 0
8 0
9 0
9
1 0
2 0
3 0
4 0
5 200.923
6 0
7 0
8 0
9 0
9
1 0
2 0
3 0
4 0
5 201.667
6 186
7 0
8 0
9 0
9
1 0
2 0
3 0
4 0
5 207.2
6 0
7 0
8 0
9 0
9
1 0
2 0
3 0
4 0
5 209.333
6 181.714
7 0
8 0
9 0
9
1 0
2 0
3 0
4 0
5 214.333
6 189.5
7 0
8 0
9 0
9
1 0
2 0
3 0
4 0
5 215.636
6 184.571
7 0
8 0
9 0
9
1 0
2 0
3 0
4 0
5 214.8
6 182.286
7 0
8 0
9 0
9
1 0
2 0
3 0
4 0
5 219.077
6 0
7 0
8 0
9 0
9
1 0
2 0
3 0
4 0
5 220.923
6 0
7 0
8 0
9 0
9
1 0
2 0
3 0
4 0
5 222.333
6 0
7 0
8 0
9 0
9
1 0
2 0
3 0
4 0
5 221.6
6 0
7 0
8 0
9 0
9
1 0
2 0
3 0
4 0
5 225.538
6 0
7 0
8 0
9 0
9
1 0
2 0
3 0
4 0
5 225.667
6 0
7 0
8 0
9 0
9
1 0
2 0
3 0
4 0
5 232
6 0
7 0
8 0
9 0
9
1 0
2 0
3 0
4 0
5 232.4
6 0
7 0
8 0
9 0
9
1 0
2 0
3 0
4 0
5 231.077
6 0
7 0
8 0
9 0
9
1 0
2 0
3 0
4 0
5 232.615
6 0
7 0
8 0
9 0
9
1 0
2 0
3 0
4 0
5 234.909
6 0
7 0
8 0
9 0
9
1 0
2 0
3 0
4 0
5 237.818
6 0
7 0
8 0
9 0
9
1 0
2 0
3 0
4 0
5 238.667
6 0
7 0
8 0
9 0
9
1 0
2 0
3 0
4 0
5 237.231
6 0
7 0
8 0
9 0
9
1 0
2 0
3 0
4 0
5 240.727
6 0
7 0
8 0
9 0
9
1 0
2 0
3 0
4 0
5 242
6 0
7 0
8 0
9 0
9
1 0
2 0
3 0
4 0
5 242.909
6 0
7 0
8 0
9 0
9
1 0
2 0
3 0
4 0
5 242.667
6 0
7 0
8 0
9 0
9
1 0
2 0
3 0
4 0
5 246.909
6 0
7 0
8 0
9 0
9
1 0
2 0
3 0
4 0
5 246.769
6 0
7 0
8 0
9 0
9
1 0
2 0
3 0
4 0
5 248.333
6 0
7 0
8 0
9 0
9
1 0
2 0
3 0
4 0
5 250.667
6 0
7 0
8 0
9 0
9
1 0
2 0
3 0
4 0
5 249.2
6 0
7 0
8 0
9 0
9
1 0
2 0
3 0
4 0
5 249.667
6 0
7 0
8 0
9 0
9
1 0
2 0
3 0
4 0
5 250.462
6 0
7 0
8 0
9 0
9
1 0
2 0
3 0
4 0
5 250.8
6 0
7 0
8 0
9 0
9
1 0
2 0
3 0
4 0
5 252.667
6 0
7 0
8 0
9 0
9
1 0
2 0
3 0
4 0
5 252
6 0
7 0
8 0
9 0
9
1 0
2 0
3 0
4 0
5 253
6 0
7 0
8 0
9 0
9
1 0
2 0
3 0
4 0
5 255.636
6 0
7 0
8 0
9 0
9
1 0
2 0
3 0
4 0
5 256.308
6 0
7 0
8 0
9 0
9
1 0
2 0
3 0
4 0
5 257.231
6 0
7 0
8 0
9 0
9
1 0
2 0
3 0
4 0
5 256.667
6 0
7 0
8 0
9 0
9
1 0
2 0
3 0
4 0
5 258.909
6 0
7 0
8 0
9 0
9
1 0
2 0
3 0
4 0
5 258.769
6 0
7 0
8 0
9 0
9
1 0
2 0
3 0
4 0
5 258.333
6 0
7 0
8 0
9 0
9
1 0
2 0
3 0
4 0
5 258.333
6 0
7 0
8 0
9 0
9
1 0
2 0
3 0
4 0
5 258.545
6 0
7 0
8 0
9 0
9
1 0
2 0
3 0
4 0
5 259.077
6 0
7 0
8 0
9 0
9
1 0
2 0
3 0
4 0
5 259.692
6 0
7 0
8 0
9 0
9
1 0
2 0
3 0
4 0
5 260.364
6 0
7 0
8 0
9 0
9
1 0
2 0
3 0
4 0
5 260.333
6 0
7 0
8 0
9 0
9
1 0
2 0
3 0
4 0
5 260
6 0
7 0
8 0
9 0
9
1 0
2 0
3 0
4 0
5 260.615
6 0
7 0
8 0
9 0
9
1 0
2 0
3 0
4 0
5 260.8
6 0
7 0
8 0
9 0
9
1 0
2 0
3 0
4 0
5 259.636
6 0
7 0
8 0
9 0
9
1 0
2 0
3 0
4 0
5 261.143
6 0
7 0
8 0
9 0
9
1 0
2 0
3 0
4 0
5 0
6 0
7 0
8 0
9 0
9
1 0
2 0
3 0
4 0
5 0
6 0
7 0
8 0
9 0
9
1 0
2 0
3 0
4 0
5 260.333
6 0
7 0
8 0
9 0
9
1 0
2 0
3 0
4 0
5 260.364
6 0
7 0
8 0
9 0
9
1 0
2 0
3 0
4 0
5 262.333
6 0
7 0
8 0
9 0
9
1 0
2 0
3 0
4 0
5 260
6 0
7 0
8 0
9 0
9
1 0
2 0
3 0
4 0
5 259.077
6 0
7 0
8 0
9 0
9
1 0
2 0
3 0
4 0
5 255
6 0
7 0
8 0
9 0
9
1 0
2 0
3 0
4 0
5 258.286
6 0
7 0
8 0
9 0
9
1 0
2 0
3 0
4 0
5 258.909
6 0
7 0
8 0
9 0
9
1 0
2 0
3 0
4 0
5 258.154
6 0
7 0
8 0
9 0
9
1 0
2 0
3 0
4 0
5 259.333
6 0
7 0
8 0
9 0
9
1 0
2 0
3 0
4 0
5 256.8
6 0
7 0
8 0
9 0
9
1 0
2 0
3 0
4 0
5 0
6 0
7 0
8 0
9 0
9
1 0
2 0
3 0
4 0
5 0
6 0
7 0
8 0
9 0
9
1 0
2 0
3 0
4 0
5 0
6 0
7 0
8 0
9 0
9
1 0
2 0
3 0
4 0
5 253
6 0
7 0
8 0
9 0
9
1 0
2 0
3 0
4 0
5 0
6 0
7 0
8 0
9 0
9
1 0
2 0
3 0
4 0
5 247.273
6 0
7 0
8 0
9 0
9
1 0
2 0
3 0
4 0
5 0
6 0
7 0
8 0
9 0
9
1 0
2 0
3 0
4 0
5 250.857
6 0
7 0
8 0
9 0
9
1 0
2 0
3 0
4 0
5 247.556
6 0
7 0
8 0
9 0
9
1 0
2 0
3 0
4 0
5 236
6 0
7 0
8 0
9 0
9
1 0
2 0
3 0
4 0
5 0
6 0
7 0
8 0
9 0
9
1 0
2 0
3 0
4 0
5 248
6 0
7 0
8 0
9 0
9
1 0
2 0
3 0
4 0
5 242
6 0
7 0
8 0
9 0
9
1 0
2 0
3 0
4 0
5 245.455
6 0
7 0
8 0
9 0
9
1 0
2 0
3 0
4 0
5 238.909
6 0
7 0
8 0
9 0
9
1 0
2 0
3 0
4 0
5 243.111
6 0
7 0
8 0
9 0
9
1 0
2 0
3 0
4 0
5 241
6 0
7 0
8 0
9 0
9
1 0
2 0
3 0
4 0
5 236
6 0
7 0
8 0
9 0
9
1 0
2 0
3 0
4 0
5 0
6 0
7 0
8 0
9 0
9
1 0
2 0
3 0
4 0
5 231.111
6 0
7 0
8 0
9 0
9
1 0
2 0
3 0
4 0
5 233.333
6 0
7 0
8 0
9 0
9
1 0
2 0
3 0
4 0
5 0
6 0
7 0
8 0
9 0
9
1 0
2 0
3 0
4 0
5 0
6 0
7 0
8 0
9 0
9
1 0
2 0
3 0
4 0
5 0
6 0
7 0
8 0
9 0
9
1 0
2 0
3 0
4 0
5 228.667
6 0
7 0
8 0
9 0
9
1 0
2 0
3 0
4 0
5 227.273
6 0
7 0
8 0
9 0
9
1 0
2 0
3 0
4 0
5 222.8
6 0
7 0
8 0
9 0
9
1 0
2 0
3 0
4 0
5 219.667
6 0
7 0
8 0
9 0
9
1 0
2 0
3 0
4 0
5 216.923
6 0
7 0
8 0
9 0
9
1 0
2 0
3 0
4 0
5 212.8
6 0
7 0
8 0
9 0
9
1 0
2 0
3 0
4 0
5 209.818
6 0
7 0
8 0
9 0
9
1 0
2 0
3 0
4 0
5 207.667
6 0
7 0
8 0
9 0
9
1 0
2 0
3 0
4 0
5 205.846
6 0
7 0
8 0
9 0
9
1 0
2 0
3 0
4 0
5 207.273
6 0
7 0
8 0
9 0
9
1 0
2 0
3 0
4 0
5 202.667
6 0
7 0
8 0
9 0
9
1 0
2 0
3 0
4 0
5 202.154
6 0
7 0
8 0
9 0
9
1 0
2 0
3 0
4 0
5 198.909
6 0
7 0
8 0
9 0
9
1 0
2 0
3 0
4 0
5 197.818
6 0
7 0
8 0
9 0
9
1 0
2 0
3 0
4 0
5 198.154
6 0
7 0
8 0
9 0
9
1 0
2 0
3 0
4 0
5 197
6 0
7 0
8 0
9 0
9
1 0
2 0
3 0
4 0
5 193.6
6 0
7 0
8 0
9 0
9
1 0
2 0
3 0
4 0
5 195.429
6 0
7 0
8 0
9 0
9
1 0
2 0
3 0
4 0
5 193.333
6 0
7 0
8 0
9 0
9
1 0
2 0
3 0
4 0
5 190.857
6 0
7 0
8 0
9 0
9
1 0
2 0
3 0
4 0
5 195.6
6 0
7 0
8 0
9 0
9
1 0
2 0
3 0
4 0
5 196
6 0
7 0
8 0
9 0
9
1 0
2 0
3 0
4 0
5 191.333
6 0
7 0
8 0
9 0
9
1 0
2 0
3 0
4 0
5 187.2
6 0
7 0
8 0
9 0
9
1 0
2 0
3 0
4 0
5 0
6 0
7 0
8 0
9 0
9
1 0
2 0
3 0
4 0
5 0
6 0
7 0
8 0
9 0
9
1 0
2 0
3 0
4 0
5 0
6 0
7 0
8 0
9 0
9
1 0
2 0
3 0
4 0
5 168.727
6 0
7 0
8 0
9 0
9
1 0
2 0
3 0
4 0
5 0
6 0
7 0
8 0
9 0
9
1 0
2 0
3 0
4 0
5 163
6 0
7 0
8 0
9 0
9
1 0
2 0
3 0
4 0
5 161.5
6 0
7 0
8 0
9 0
9
1 0
2 0
3 0
4 0
5 0
6 0
7 0
8 0
9 0
9
1 0
2 0
3 0
4 0
5 0
6 0
7 0
8 0
9 0
9
1 0
2 0
3 0
4 0
5 0
6 0
7 0
8 0
9 0
9
1 0
2 0
3 0
4 0
5 0
6 0
7 0
8 0
9 0
9
1 0
2 0
3 0
4 0
5 0
6 0
7 0
8 0
9 0
9
1 0
2 0
3 0
4 0
5 0
6 0
7 0
8 0
9 0
9
1 0
2 0
3 0
4 0
5 0
6 0
7 0
8 0
9 0
9
1 0
2 0
3 0
4 0
5 0
6 0
7 0
8 0
9 0
9
1 0
2 0
3 0
4 0
5 0
6 0
7 0
8 0
9 0
9
1 0
2 0
3 0
4 0
5 0
6 0
7 0
8 0
9 0
9
1 0
2 0
3 0
4 0
5 0
6 0
7 0
8 0
9 0
9
1 0
2 0
3 0
4 0
5 0
6 0
7 0
8 0
9 0
9
1 0
2 0
3 0
4 0
5 0
6 0
7 0
8 0
9 0
9
1 0
2 0
3 0
4 0
5 0
6 0
7 0
8 0
9 0
9
1 0
2 0
3 0
4 0
5 0
6 0
7 0
8 0
9 0
9
1 0
2 0
3 0
4 0
5 0
6 0
7 0
8 0
9 0
9
1 0
2 0
3 0
4 0
5 0
6 0
7 0
8 0
9 0
9
1 0
2 0
3 0
4 0
5 0
6 0
7 0
8 0
9 0
9
1 0
2 0
3 0
4 0
5 0
6 0
7 0
8 0
9 0
9
1 0
2 0
3 0
4 0
5 0
6 0
7 0
8 0
9 0
9
1 0
2 0
3 0
4 0
5 0
6 0
7 0
8 0
9 0
9
1 0
2 0
3 0
4 0
5 0
6 0
7 0
8 0
9 0
9
1 0
2 0
3 0
4 0
5 0
6 0
7 0
8 0
9 0
9
1 0
2 0
3 0
4 0
5 0
6 0
7 0
8 0
9 0
9
1 0
2 0
3 0
4 0
5 0
6 0
7 0
8 0
9 0
9
1 0
2 0
3 0
4 0
5 0
6 0
7 0
8 0
9 0
9
1 0
2 0
3 0
4 0
5 0
6 0
7 0
8 0
9 0
9
1 0
2 0
3 0
4 0
5 0
6 0
7 0
8 0
9 0
9
1 0
2 0
3 0
4 0
5 0
6 0
7 0
8 0
9 0
9
1 166.182
2 0
3 0
4 0
5 0
6 0
7 0
8 0
9 0
9
1 170
2 0
3 0
4 0
5 0
6 0
7 0
8 0
9 0
9
1 174.4
2 0
3 0
4 0
5 0
6 0
7 0
8 0
9 0
9
1 175.6
2 0
3 0
4 0
5 0
6 0
7 0
8 0
9 0
9
1 179.273
2 0
3 0
4 0
5 0
6 0
7 0
8 0
9 0
9
1 180.364
2 0
3 0
4 0
5 0
6 0
7 0
8 0
9 0
9
1 182.769
2 0
3 0
4 0
5 0
6 0
7 0
8 0
9 0
9
1 187.2
2 0
3 0
4 0
5 0
6 0
7 0
8 0
9 0
9
1 186.667
2 0
3 0
4 0
5 0
6 0
7 0
8 0
9 0
9
1 188
2 0
3 0
4 0
5 0
6 0
7 0
8 0
9 0
9
1 194.462
2 0
3 0
4 0
5 0
6 0
7 0
8 0
9 0
9
1 194.4
2 0
3 0
4 0
5 0
6 0
7 0
8 0
9 0
9
1 200.8
2 0
3 0
4 0
5 0
6 0
7 0
8 0
9 0
9
1 201.846
2 0
3 0
4 0
5 0
6 0
7 0
8 0
9 0
9
1 204.308
2 0
3 0
4 0
5 0
6 0
7 0
8 0
9 0
9
1 205.714
2 0
3 0
4 0
5 0
6 0
7 0
8 0
9 0
9
1 207.077
2 0
3 0
4 0
5 0
6 0
7 0
8 0
9 0
9
1 210.182
2 0
3 0
4 0
5 0
6 0
7 0
8 0
9 0
9
1 210.545
2 0
3 0
4 0
5 0
6 0
7 0
8 0
9 0
9
1 211.636
2 0
3 0
4 0
5 0
6 0
7 0
8 0
9 0
9
1 214.154
2 0
3 0
4 0
5 0
6 0
7 0
8 0
9 0
9
1 211.333
2 0
3 0
4 0
5 0
6 0
7 0
8 0
9 0
9
1 217.818
2 0
3 0
4 0
5 0
6 0
7 0
8 0
9 0
9
1 212.4
2 0
3 0
4 0
5 0
6 0
7 0
8 0
9 0
9
1 217.455
2 0
3 0
4 0
5 0
6 0
7 0
8 0
9 0
9
1 220.667
2 0
3 0
4 0
5 0
6 0
7 0
8 0
9 0
9
1 220.364
2 0
3 0
4 0
5 0
6 0
7 0
8 0
9 0
9
1 220.923
2 0
3 0
4 0
5 0
6 0
7 0
8 0
9 0
9
1 224.667
2 0
3 0
4 0
5 0
6 0
7 0
8 0
9 0
9
1 226.333
2 0
3 0
4 0
5 0
6 0
7 0
8 0
9 0
9
1 229.2
2 0
3 0
4 0
5 0
6 0
7 0
8 0
9 0
9
1 227.692
2 0
3 0
4 0
5 0
6 0
7 0
8 0
9 0
9
1 228.308
2 0
3 0
4 0
5 0
6 0
7 0
8 0
9 0
9
1 232.615
2 0
3 0
4 0
5 0
6 0
7 0
8 0
9 0
9
1 231.2
2 0
3 0
4 0
5 0
6 0
7 0
8 0
9 0
9
1 232.923
2 0
3 0
4 0
5 0
6 0
7 0
8 0
9 0
9
1 234.8
2 0
3 0
4 0
5 0
6 0
7 0
8 0
9 0
9
1 233.667
2 0
3 0
4 0
5 0
6 0
7 0
8 0
9 0
9
1 233.6
2 0
3 0
4 0
5 0
6 0
7 0
8 0
9 0
