9
1 0
2 0
3 0
4 0
5 199.333
6 210.051
7 0
8 128.552
9 266.974
9
1 0
2 0
3 0
4 0
5 199.692
6 210.154
7 0
8 130.065
9 266.564
9
1 0
2 0
3 0
4 0
5 198.154
6 209.333
7 0
8 127.75
9 267.179
9
1 0
2 0
3 0
4 0
5 200.615
6 212.615
7 0
8 130.069
9 266.667
9
1 0
2 0
3 0
4 0
5 202.909
6 209.103
7 0
8 129.636
9 261.241
9
1 0
2 0
3 0
4 0
5 201.647
6 205.481
7 0
8 131.111
9 249.571
9
1 0
2 0
3 54
4 0
5 211.091
6 205.333
7 0
8 135.5
9 250.323
9
1 0
2 0
3 50.4
4 0
5 215.111
6 206.703
7 0
8 139.429
9 246.526
9
1 0
2 0
3 0
4 0
5 0
6 0
7 0
8 0
9 0
9
1 0
2 0
3 0
4 0
5 0
6 0
7 0
8 0
9 0
9
1 0
2 0
3 0
4 0
5 0
6 0
7 0
8 0
9 0
9
1 0
2 0
3 0
4 0
5 240.348
6 202.359
7 0
8 157.161
9 229.231
9
1 0
2 0
3 0
4 0
5 244
6 201.231
7 0
8 160.516
9 223.897
9
1 0
2 0
3 0
4 0
5 249.143
6 198.872
7 0
8 164
9 217.436
9
1 0
2 0
3 0
4 0
5 253.28
6 197.641
7 0
8 167.467
9 213.641
9
1 0
2 0
3 0
4 0
5 255.355
6 195.487
7 0
8 171.152
9 208.103
9
1 0
2 0
3 0
4 0
5 259.467
6 192.103
7 0
8 173.29
9 202.872
9
1 0
2 0
3 0
4 0
5 264.32
6 191.385
7 0
8 176.516
9 196.205
9
1 0
2 0
3 0
4 0
5 267.857
6 188.513
7 0
8 178.824
9 192
9
1 0
2 0
3 0
4 0
5 268.8
6 185.846
7 0
8 181
9 188.923
9
1 0
2 0
3 0
4 0
5 272.571
6 184.615
7 0
8 184.258
9 184.923
9
1 0
2 0
3 0
4 0
5 275.68
6 181.436
7 0
8 186.194
9 180.615
9
1 0
2 0
3 0
4 0
5 277.103
6 178.051
7 0
8 188.848
9 177.436
9
1 0
2 0
3 0
4 0
5 276.64
6 177.128
7 0
8 190.194
9 174.872
9
1 0
2 0
3 0
4 0
5 278.069
6 174.872
7 0
8 192.5
9 171.077
9
1 0
2 0
3 0
4 0
5 278.8
6 172.41
7 0
8 194.25
9 170.256
9
1 0
2 0
3 0
4 0
5 280
6 170.359
7 0
8 195.25
9 165.231
9
1 0
2 0
3 0
4 0
5 280.5
6 166.154
7 0
8 197
9 163.179
9
1 0
2 0
3 0
4 0
5 281.92
6 165.1
7 0
8 199.333
9 158.769
9
1 0
2 0
3 0
4 0
5 283.2
6 161.949
7 0
8 200.606
9 153.949
9
1 0
2 0
3 0
4 0
5 283.613
6 157.641
7 0
8 201.889
9 149.641
9
1 0
2 0
3 0
4 0
5 282.483
6 154.769
7 0
8 203.647
9 144.103
9
1 0
2 0
3 0
4 0
5 281.935
6 151.692
7 0
8 206.235
9 140.41
9
1 0
2 0
3 0
4 0
5 282.8
6 148.513
7 0
8 206
9 137.846
9
1 0
2 0
3 0
4 0
5 284
6 146.154
7 0
8 208.133
9 135.077
9
1 0
2 0
3 0
4 0
5 282.483
6 144
7 0
8 208.914
9 131.795
9
1 0
2 0
3 0
4 0
5 281.857
6 141.538
7 0
8 208.941
9 128.308
9
1 0
2 0
3 0
4 0
5 272.133
6 137.368
7 0
8 210.171
9 124.923
9
1 0
2 0
3 0
4 0
5 278.429
6 134.421
7 0
8 210.5
9 120.821
9
1 0
2 0
3 0
4 0
5 278.462
6 133.514
7 0
8 210.625
9 119.692
9
1 0
2 0
3 0
4 0
5 278.545
6 132.556
7 0
8 211.226
9 117.895
9
1 0
2 0
3 0
4 0
5 276.552
6 128.97
7 0
8 212.235
9 113.622
9
1 0
2 0
3 0
4 0
5 276
6 127.333
7 0
8 213.294
9 111.282
9
1 0
2 0
3 0
4 55.4286
5 272.741
6 124.118
7 0
8 213.444
9 110.162
9
1 0
2 0
3 0
4 58.5
5 272.516
6 124.138
7 0
8 213.419
9 108.5
9
1 0
2 0
3 0
4 54.4615
5 269.6
6 119.333
7 0
8 212.588
9 105.333
9
1 0
2 0
3 0
4 52.3077
5 268.625
6 118.839
7 0
8 212.727
9 103.034
9
1 0
2 0
3 0
4 57.8667
5 266.857
6 116.154
7 0
8 212.903
9 98.4828
9
1 0
2 0
3 0
4 56.3636
5 265.286
6 114.308
7 0
8 212.625
9 97.4194
9
1 0
2 0
3 0
4 55.2727
5 263.034
6 112.308
7 0
8 212.824
9 96.8333
9
1 0
2 0
3 0
4 62.2857
5 260.533
6 113.037
7 0
8 212.686
9 95.2
9
1 0
2 0
3 0
4 62.5714
5 258.452
6 108.857
7 0
8 213.412
9 92.8
9
1 0
2 0
3 0
4 61.1765
5 258
6 108.16
7 59.5556
8 212.121
9 93.0435
9
1 0
2 0
3 0
4 61.3333
5 254.514
6 103.13
7 59.4286
8 212.848
9 90.7826
9
1 0
2 0
3 0
4 62.6667
5 253.176
6 105.043
7 65.7143
8 212.471
9 88
9
1 0
2 0
3 0
4 62.3333
5 252
6 103
7 0
8 211.625
9 85
9
1 0
2 0
3 0
4 67.4667
5 249.455
6 101.333
7 0
8 212
9 87.7647
9
1 0
2 0
3 0
4 63.7647
5 248.364
6 100
7 61.6667
8 210.667
9 84.1905
9
1 0
2 0
3 0
4 65.25
5 240.471
6 100
7 61.3333
8 209.647
9 82.5263
9
1 0
2 0
3 0
4 63.6667
5 244.485
6 96.1905
7 69
8 210.182
9 82.25
9
1 0
2 0
3 0
4 67.1111
5 236.941
6 96.4
7 63.2
8 209.125
9 80.2353
9
1 0
2 0
3 0
4 68.3333
5 239.75
6 93.9048
7 66.2222
8 208.235
9 78.8889
9
1 0
2 0
3 0
4 68
5 239.273
6 92
7 66.75
8 208.824
9 77.1765
9
1 0
2 0
3 0
4 70.3158
5 234.375
6 90.5263
7 67.6667
8 207.867
9 75
9
1 0
2 0
3 0
4 72.8889
5 232.125
6 88.8889
7 67.2
8 205.5
9 76.2667
9
1 0
2 0
3 0
4 69.3333
5 229.29
6 87.5294
7 68.32
8 205.778
9 74.1333
9
1 0
2 0
3 0
4 73.3333
5 228.941
6 87.2
7 69.037
8 204.432
9 72.3333
9
1 0
2 0
3 0
4 74.9565
5 225.75
6 86.7692
7 70.1538
8 204.706
9 72.8889
9
1 0
2 0
3 0
4 74.087
5 222.333
6 86.1333
7 71.2
8 202.556
9 72.6667
9
1 0
2 0
3 0
4 74.4762
5 222.909
6 84
7 71.6
8 202.444
9 72.3636
9
1 0
2 0
3 0
4 72.3077
5 223.355
6 85.7778
7 71.04
8 202.162
9 69.2
9
1 0
2 0
3 0
4 73.6
5 224.125
6 85.5
7 70.08
8 201.444
9 72.2857
9
1 0
2 0
3 0
4 75.0909
5 220.343
6 85.8
7 72.6957
8 196.889
9 70.5714
9
1 0
2 0
3 0
4 75.1429
5 223.375
6 84.4706
7 71.0476
8 197.765
9 70.4
9
1 0
2 0
3 0
4 75.1667
5 222.909
6 85.6842
7 72.1379
8 197.412
9 70.4
9
1 0
2 0
3 0
4 77.7391
5 225.375
6 86.2222
7 71.8571
8 198.788
9 72.8
9
1 0
2 0
3 0
4 77.0667
5 225.059
6 86.5263
7 72.1379
8 195.263
9 72
9
1 0
2 0
3 0
4 78.9474
5 231.647
6 85.8
7 72.625
8 193.029
9 68.8571
9
1 0
2 0
3 0
4 77.2
5 227.2
6 88.4211
7 71.1111
8 191.314
9 69.25
9
1 0
2 0
3 0
4 77.2632
5 228.903
6 87.5789
7 69.5714
8 186.333
9 69.6667
9
1 0
2 0
3 0
4 77.9048
5 234.171
6 86.8235
7 71.1304
8 185.75
9 67
9
1 0
2 0
3 0
4 79.4783
5 230.824
6 87.5294
7 68.8
8 183.5
9 65.6667
9
1 0
2 0
3 0
4 79.619
5 236.571
6 89.5
7 69.2174
8 182.375
9 69
9
1 0
2 0
3 0
4 78.2609
5 240.778
6 90.1176
7 68.5
8 176.774
9 68.2857
9
1 0
2 0
3 0
4 81.92
5 235.314
6 88.2105
7 67.5556
8 180.571
9 68
9
1 0
2 0
3 0
4 83.8261
5 242.105
6 87.2941
7 69.8462
8 179.2
9 67.6364
9
1 0
2 0
3 0
4 80.1667
5 241.375
6 92.2857
7 68.3333
8 175
9 67.6364
9
1 0
2 0
3 0
4 84.64
5 244.889
6 92.5333
7 66.4348
8 174.171
9 71
9
1 0
2 0
3 0
4 85.6923
5 245.73
6 91.2
7 67.8182
8 171.294
9 69.7778
9
1 0
2 0
3 0
4 87.3846
5 241.7
6 90
7 68.4211
8 167.294
9 70.1818
9
1 0
2 0
3 0
4 85.3846
5 246.629
6 90.6667
7 67.6522
8 163.892
9 66.5455
9
1 0
2 0
3 0
4 85.12
5 242.703
6 91.0588
7 71.6364
8 167.059
9 66
9
1 0
2 0
3 0
4 85.6
5 243.027
6 91
7 67
8 164.242
9 64
9
1 0
2 0
3 0
4 84.1538
5 249
6 92.8421
7 68
8 162.667
9 64.4444
9
1 0
2 0
3 0
4 86.8571
5 247.778
6 91.5789
7 67.1111
8 161.189
9 66.9091
9
1 0
2 0
3 0
4 85.4545
5 244.842
6 93.1111
7 73.12
8 160.903
9 64.5333
9
1 0
2 0
3 0
4 86.08
5 248.865
6 89.8824
7 67.0588
8 158.486
9 64.6154
9
1 0
2 0
3 0
4 86.2609
5 250.743
6 94.7368
7 64
8 158.595
9 63.0769
9
1 0
2 0
3 0
4 86.88
5 242.27
6 94.4444
7 70
8 156.606
9 62.5
9
1 0
2 0
3 0
4 85.7143
5 249.029
6 94.4
7 66
8 155.152
9 64
9
1 0
2 0
3 0
4 86.4828
5 255.243
6 93.4737
7 64.2353
8 152.824
9 62.1333
9
1 0
2 0
3 0
4 87.2593
5 254
6 94.2222
7 62.8235
8 149.75
9 62.9333
9
1 0
2 0
3 0
4 86.8333
5 257.053
6 96
7 63.7778
8 145.6
9 65.0909
9
1 0
2 0
3 0
4 90.3704
5 257.714
6 96.25
7 63.5294
8 147.879
9 70.8
9
1 0
2 0
3 0
4 87.8333
5 251.2
6 96.8889
7 62.7692
8 146.235
9 63.2727
9
1 0
2 0
3 60
4 86.5185
5 256.727
6 94.3529
7 65.3333
8 142.778
9 63.2
9
1 0
2 0
3 0
4 88.7692
5 253.789
6 98.3529
7 64
8 144.727
9 62.1818
9
1 0
2 0
3 0
4 89
5 262.421
6 99.7895
7 63
8 136.533
9 59
9
1 0
2 0
3 63
4 90.1429
5 262.105
6 98.1053
7 65.5
8 137.647
9 61.3333
9
1 0
2 0
3 54.4615
4 90.72
5 265.436
6 96.6
7 59.2
8 132.4
9 60.8
9
1 0
2 0
3 53.2
4 92
5 265.667
6 98.2222
7 0
8 134.353
9 63.7333
9
1 0
2 0
3 66.7692
4 91.8333
5 266.211
6 100
7 0
8 126.667
9 57.75
9
1 0
2 0
3 56.5
4 91.7647
5 266.632
6 102.6
7 0
8 125
9 62.1333
9
1 0
2 55
3 56.5
4 91.5714
5 265.778
6 100.889
7 0
8 123.75
9 58.7692
9
1 0
2 0
3 56.2857
4 90.7586
5 266.703
6 101.053
7 62.6667
8 121.25
9 58.5
9
1 0
2 0
3 59.4286
4 91.7241
5 267
6 101.263
7 0
8 121
9 61.3333
9
1 0
2 0
3 60.3333
4 92.16
5 267.784
6 99.4
7 0
8 116.645
9 54.4
9
1 0
2 0
3 61
4 93.4286
5 263.684
6 102.526
7 0
8 117.29
9 58
9
1 0
2 50.2857
3 64
4 92.1212
5 268.308
6 102.737
7 0
8 111.226
9 60
9
1 0
2 54
3 63.0588
4 93.7778
5 270.256
6 102.667
7 0
8 113.125
9 57.7778
9
1 0
2 55
3 65.8
4 94.9231
5 271.077
6 102.667
7 0
8 111.059
9 59.2
9
1 0
2 53.8182
3 65.7778
4 93.875
5 269.053
6 104.632
7 0
8 107.625
9 0
9
1 0
2 60.3333
3 65.1852
4 94.8387
5 270.595
6 102.889
7 0
8 105.529
9 58.5
9
1 0
2 57.1765
3 67.0588
4 94.875
5 263.59
6 102.737
7 0
8 103.429
9 0
9
1 0
2 58.6667
3 68.48
4 94.1935
5 270.256
6 104.842
7 0
8 100.615
9 56
9
1 0
2 59.2
3 69.913
4 95.8667
5 270.974
6 105.053
7 0
8 97.3333
9 57.5
9
1 56.7273
2 60.75
3 69.6
4 95.7419
5 270.051
6 104.4
7 0
8 99.0968
9 53.6667
9
1 0
2 63.2
3 69.8182
4 95
5 270.256
6 105.053
7 0
8 96.1538
9 55.1429
9
1 50.6667
2 64.8
3 74.4286
4 99.7647
5 263.5
6 104.632
7 0
8 93.3793
9 0
9
1 52.2857
2 63.4667
3 71.7143
4 96.2286
5 268.541
6 105.053
7 0
8 92.6897
9 0
9
1 56
2 66.8148
3 72.4444
4 97.2941
5 268.718
6 104.842
7 0
8 90.4
9 52.7273
9
1 52.7273
2 67.1111
3 74.8571
4 96.8
5 262.842
6 105.474
7 0
8 85.12
9 50.8571
9
1 54.9091
2 68.9412
3 75.8667
4 97.6216
5 267.027
6 104.2
7 0
8 85.75
9 50.9091
9
1 54.4615
2 71.3333
3 79.8621
4 97.6
5 261.538
6 103.579
7 0
8 82.4828
9 0
9
1 56.9231
2 72.48
3 79.6471
4 97.7778
5 259.1
6 103.4
7 0
8 82.72
9 0
9
1 56
2 74.6154
3 81.75
4 98.2353
5 262.974
6 105
7 0
8 78.9231
9 0
9
1 56.3077
2 76.5926
3 82.9333
4 97.0588
5 262.667
6 105.895
7 0
8 78.6207
9 0
9
1 61.6
2 77.3333
3 83.1765
4 97.7143
5 261.231
6 105.8
7 0
8 74.2857
9 0
9
1 60.75
2 79.3333
3 85.8065
4 98.375
5 259.895
6 106.2
7 0
8 75.84
9 0
9
1 56.3333
2 82.4286
3 85.6
4 97.6667
5 258.737
6 105.053
7 0
8 70.3704
9 52
9
1 59.0769
2 82.8333
3 86.6286
4 97.7297
5 258.171
6 105.053
7 0
8 71.1304
9 0
9
1 62.9333
2 86.303
3 87.8824
4 97.2632
5 256.842
6 105.455
7 0
8 71.3043
9 0
9
1 63.5
2 87.5385
3 89.8889
4 98.3158
5 254.737
6 104.211
7 0
8 69
9 0
9
1 60.2222
2 89.28
3 91.3333
4 98.5641
5 254.162
6 103.81
7 0
8 66.6667
9 0
9
1 61
2 90.1714
3 93.8824
4 98.1622
5 252.103
6 103.667
7 0
8 69.0435
9 0
9
1 66.9091
2 94.8333
3 92.4324
4 97.7895
5 249.579
6 103.826
7 0
8 64.7619
9 0
9
1 65.6471
2 96.4138
3 95.5789
4 97.2632
5 248.718
6 102.957
7 0
8 61.8824
9 0
9
1 66.2222
2 100.625
3 97.6216
4 94.9474
5 246.359
6 103.304
7 0
8 65.2
9 0
9
1 69.3333
2 102.069
3 100.324
4 94.7778
5 243.385
6 103.6
7 0
8 59.25
9 0
9
1 72.6
2 105.419
3 100.8
4 94.6667
5 242.154
6 103.81
7 0
8 58.5263
9 0
9
1 69
2 107.03
3 102.256
4 96.2
5 240.973
6 102
7 0
8 58.4
9 0
9
1 72.1818
2 110.533
3 102.7
4 93.8947
5 238.737
6 103.4
7 0
8 56
9 0
9
1 72.7059
2 111.459
3 103.897
4 94.6667
5 236.526
6 101.273
7 0
8 55.4286
9 0
9
1 71.7333
2 113.375
3 106.632
4 93.0256
5 234.974
6 102.4
7 0
8 51.6
9 0
9
1 77.3333
2 116.649
3 107.897
4 92.5128
5 232.103
6 100.364
7 0
8 55.2
9 0
9
1 78.2222
2 118.125
3 108.2
4 94.3158
5 232.105
6 102.957
7 0
8 54.8
9 0
9
1 79.4286
2 118.424
3 109.949
4 92.9231
5 228.923
6 100.333
7 0
8 61.3333
9 0
9
1 80.5714
2 120.5
3 111.487
4 91.4872
5 229.231
6 102.462
7 0
8 57.6
9 0
9
1 81.2
2 122.788
3 112.632
4 93.0256
5 226.359
6 100.333
7 0
8 56
9 0
9
1 82.3636
2 124
3 112.923
4 91.3846
5 225.333
6 101.44
7 0
8 52
9 0
9
1 82.6087
2 125.538
3 112.718
4 92.1053
5 224.421
6 99.8333
7 0
8 59
9 0
9
1 85.6
2 126.286
3 114.256
4 92.5128
5 223.795
6 101.2
7 0
8 50.2222
9 0
9
1 81.6
2 127.579
3 114.154
4 91.3684
5 221.949
6 99.84
7 0
8 0
9 0
9
1 84.5714
2 131.222
3 116.718
4 93.2632
5 217.846
6 98.2222
7 0
8 0
9 0
9
1 85
2 133.829
3 117.538
4 90.9474
5 216
6 98.2222
7 0
8 54.2857
9 0
9
1 87.7895
2 136.343
3 118.462
4 89.4359
5 214.162
6 98.0952
7 0
8 0
9 0
9
1 89.6667
2 136.914
3 119.179
4 89.5385
5 211.59
6 96.2
7 0
8 0
9 0
9
1 90.6
2 139.889
3 119.897
4 88.6154
5 209.744
6 95.68
7 0
8 0
9 0
9
1 93.0435
2 142.162
3 120.923
4 90.0513
5 206.947
6 95.5556
7 0
8 0
9 0
9
1 94.087
2 144.114
3 122.667
4 90.7368
5 205.838
6 95.1667
7 0
8 0
9 0
9
1 93.4545
2 146.947
3 123.897
4 88.1026
5 204.211
6 94.88
7 0
8 0
9 0
9
1 97
2 146.2
3 126.359
4 88.9231
5 202.105
6 96.4286
7 0
8 0
9 0
9
1 95.5789
2 149.333
3 125.946
4 88
5 198.462
6 93.3793
7 0
8 0
9 0
9
1 95.8182
2 153.053
3 126.2
4 87.5676
5 196.513
6 92.2581
7 0
8 0
9 0
9
1 98.2
2 149.7
3 126.667
4 84.5556
5 193.436
6 92.6667
7 0
8 0
9 0
9
1 99.8261
2 156.216
3 129.231
4 85.8947
5 192.222
6 92.4138
7 0
8 0
9 0
9
1 102.909
2 159.351
3 130.359
4 84.5556
5 192.444
6 91.3846
7 0
8 0
9 0
9
1 103.68
2 159.895
3 128.718
4 85
5 188.108
6 91.36
7 0
8 0
9 0
9
1 103.231
2 161.744
3 129.949
4 85.1765
5 187.795
6 89.7778
7 0
8 0
9 0
9
1 104.154
2 162.27
3 129.949
4 84.9231
5 186.737
6 89.6923
7 0
8 0
9 0
9
1 103.857
2 164.615
3 132.205
4 82.0606
5 187.568
6 91.5714
7 0
8 0
9 0
9
1 102.222
2 162.256
3 134.974
4 83.7419
5 187.135
6 92.8889
7 0
8 0
9 0
9
1 103.478
2 163.158
3 136.615
4 81.5172
5 188.205
6 93.25
7 0
8 0
9 0
9
1 100.545
2 163.385
3 138.872
4 79.7333
5 188
6 95.5
7 0
8 0
9 0
9
1 102.182
2 165.641
3 140.41
4 80.5
5 192
6 96.6667
7 0
8 0
9 0
9
1 100.8
2 164.308
3 141.846
4 77.5385
5 192.216
6 98.8966
7 0
8 0
9 0
9
1 99.4545
2 165.579
3 145.231
4 76
5 195.351
6 99.375
7 0
8 0
9 0
9
1 100
2 165.474
3 147.282
4 74.4
5 195.263
6 98.8889
7 0
8 0
9 0
9
1 98.5
2 163.59
3 149.128
4 72
5 195.059
6 100.387
7 0
8 0
9 0
9
1 95.3043
2 163.889
3 151
4 72.4211
5 196.842
6 101.73
7 0
8 0
9 0
9
1 94.9091
2 164.615
3 153.436
4 72.2105
5 198.4
6 104.333
7 0
8 0
9 0
9
1 95.2381
2 165.297
3 155.282
4 71.2
5 198.919
6 105.667
7 0
8 0
9 0
9
1 94.4
2 164
3 154.974
4 69.2308
5 199.778
6 105.128
7 0
8 0
9 0
9
1 93.28
2 163.684
3 158.462
4 72.9231
5 200.216
6 106.444
7 0
8 0
9 0
9
1 91.619
2 164.353
3 160.718
4 71.7143
5 201.486
6 107.897
7 0
8 0
9 0
9
1 93.4
2 164.432
3 160.821
4 68.8
5 201.838
6 108.222
7 0
8 0
9 0
9
1 90.5
2 161.838
3 161.641
4 68.5333
5 201.405
6 109.789
7 0
8 0
9 0
9
1 92
2 163.657
3 164.205
4 67.4286
5 204.324
6 110.333
7 0
8 0
9 0
9
1 89.1852
2 164
3 165.231
4 63.7143
5 205.818
6 112.324
7 0
8 0
9 0
9
1 89.8824
2 163
3 169.2
4 66.8
5 205.405
6 114.316
7 0
8 0
9 0
9
1 87.5294
2 161.667
3 169.538
4 0
5 204.444
6 114.154
7 0
8 0
9 0
9
1 87.6364
2 162.333
3 171.692
4 64
5 206.154
6 115.692
7 0
8 0
9 0
9
1 86.8571
2 164.216
3 176.308
4 0
5 208.364
6 118.462
7 0
8 0
9 0
9
1 83.8182
2 160.222
3 177.538
4 0
5 208.571
6 118.872
7 0
8 0
9 0
9
1 83.1111
2 157.818
3 177.949
4 0
5 208.706
6 119.385
7 0
8 0
9 0
9
1 80.8333
2 158.667
3 180.718
4 0
5 211.294
6 121.368
7 0
8 0
9 0
9
1 83.5556
2 157.667
3 185.436
4 0
5 212.588
6 124.205
7 0
8 0
9 0
9
1 80.2
2 157.081
3 188.41
4 0
5 212.457
6 126.974
7 0
8 0
9 0
9
1 77.6842
2 154.444
3 189.538
4 0
5 213.625
6 125.846
7 0
8 0
9 0
9
1 74.5882
2 154.71
3 191.8
4 0
5 214.778
6 130.154
7 0
8 0
9 0
9
1 75.5294
2 153.455
3 192.718
4 0
5 214.303
6 128
7 0
8 0
9 0
9
1 78
2 153.333
3 194.359
4 0
5 215.556
6 130.564
7 0
8 0
9 0
9
1 75.2941
2 153.091
3 196.923
4 0
5 218.111
6 132.3
7 0
8 0
9 0
9
1 74
2 152.625
3 197.538
4 0
5 217.486
6 132.103
7 0
8 0
9 0
9
1 73.5
2 150.897
3 201.538
4 0
5 217.455
6 137.846
7 0
8 0
9 0
9
1 74.6
2 152.242
3 202.769
4 0
5 220
6 138.564
7 0
8 0
9 0
9
1 70.4615
2 150.25
3 205.846
4 0
5 217.714
6 140.103
7 0
8 0
9 0
9
1 69.3333
2 149.091
3 206.769
4 0
5 218.737
6 140.308
7 0
8 0
9 0
9
1 70.4
2 147.059
3 208.41
4 0
5 221.371
6 142.051
7 0
8 0
9 0
9
1 68.3077
2 147.2
3 211.179
4 0
5 220.114
6 144.41
7 0
8 0
9 0
9
1 66.6667
2 146.769
3 213.949
4 0
5 220.25
6 145.231
7 0
8 0
9 0
9
1 68
2 144.69
3 214.667
4 0
5 220.353
6 146.974
7 0
8 0
9 0
9
1 66.0952
2 144.242
3 216.718
4 0
5 219.444
6 148.923
7 0
8 0
9 0
9
1 65.4286
2 142.625
3 218.872
4 0
5 220.485
6 149.641
7 0
8 0
9 0
9
1 62
2 142.462
3 219.692
4 0
5 220.556
6 151.179
7 0
8 0
9 0
9
1 0
2 137.455
3 216.615
4 0
5 214
6 149.6
7 0
8 0
9 0
9
1 0
2 0
3 0
4 0
5 0
6 0
7 0
8 0
9 0
9
1 0
2 0
3 0
4 0
5 0
6 0
7 0
8 0
9 0
9
1 0
2 0
3 0
4 0
5 0
6 0
7 0
8 0
9 0
9
1 59.0476
2 133.647
3 226.051
4 0
5 218.857
6 158.051
7 0
8 0
9 0
9
1 0
2 0
3 0
4 0
5 208.889
6 156.571
7 0
8 0
9 0
9
1 0
2 0
3 0
4 0
5 0
6 0
7 0
8 0
9 0
9
1 56.6667
2 131.733
3 232.632
4 0
5 220.118
6 162.256
7 0
8 0
9 0
9
1 60
2 132.588
3 234.154
4 0
5 220.457
6 165.026
7 0
8 0
9 0
9
1 0
2 130.533
3 235.158
4 0
5 219.226
6 166.667
7 0
8 0
9 0
9
1 0
2 129.29
3 236.923
4 0
5 220
6 168.308
7 0
8 0
9 0
9
1 66
2 128.471
3 238.564
4 0
5 218.889
6 170.564
7 0
8 0
9 0
9
1 52.5714
2 125.379
3 239.897
4 0
5 217.647
6 171.795
7 0
8 0
9 0
9
1 62.2857
2 126.429
3 239.897
4 0
5 218.235
6 172.205
7 0
8 0
9 0
9
1 61.2
2 125.333
3 242.051
4 0
5 219.765
6 174.256
7 0
8 0
9 0
9
1 0
2 123.867
3 242.974
4 0
5 217.714
6 177.128
7 0
8 0
9 0
9
1 59.4286
2 122.4
3 242.051
4 0
5 217.625
6 177.538
7 0
8 0
9 0
9
1 0
2 120.933
3 244
4 0
5 215.459
6 178.9
7 0
8 0
9 0
9
1 0
2 121.231
3 244.737
4 0
5 217.125
6 181.128
7 0
8 0
9 0
9
1 0
2 118.375
3 246.27
4 0
5 215.647
6 183.795
7 0
8 0
9 0
9
1 0
2 118.75
3 246.632
4 0
5 215.529
6 183.897
7 0
8 0
9 0
9
1 0
2 116.133
3 248.923
4 0
5 213.486
6 188
7 0
8 0
9 0
9
1 0
2 113.037
3 249.333
4 0
5 213.765
6 189.846
7 0
8 0
9 0
9
1 0
2 112.615
3 251.692
4 0
5 211.273
6 192.308
7 0
8 0
9 0
9
1 0
2 108.769
3 252.923
4 0
5 210.839
6 195.385
7 0
8 0
9 0
9
1 0
2 107.52
3 253.263
4 0
5 208.778
6 197.846
7 0
8 0
9 0
9
1 0
2 104.889
3 254
4 0
5 207.222
6 201.744
7 0
8 0
9 0
9
1 0
2 104.381
3 254.842
4 0
5 206.743
6 202.051
7 0
8 0
9 0
9
1 0
2 101.92
3 254.051
4 0
5 204.353
6 204.9
7 0
8 0
9 0
9
1 0
2 100.857
3 255.543
4 0
5 201.625
6 206.667
7 0
8 0
9 56.5
9
1 0
2 98.6087
3 254.526
4 0
5 199.778
6 206.154
7 0
8 0
9 0
9
1 0
2 97.76
3 255.135
4 0
5 199.467
6 207.282
7 0
8 0
9 52.4444
9
1 0
2 97.1667
3 255.692
4 0
5 194.057
6 208.923
7 0
8 0
9 0
9
1 0
2 103.636
3 256.914
4 0
5 193.081
6 211.897
7 0
8 0
9 0
9
1 0
2 93.3333
3 256.973
4 0
5 188.973
6 211.385
7 0
8 0
9 0
9
1 0
2 92.6154
3 256.316
4 0
5 188.941
6 213.026
7 0
8 0
9 54.2857
9
1 0
2 90.3077
3 257.622
4 0
5 186.556
6 214.974
7 0
8 0
9 0
9
1 0
2 89.2174
3 256.889
4 0
5 185.444
6 215.282
7 0
8 0
9 0
9
1 0
2 88.8333
3 256
4 0
5 181.529
6 216
7 0
8 0
9 53.7778
9
1 0
2 87.6923
3 257.6
4 0
5 180.686
6 216.923
7 0
8 0
9 0
9
1 0
2 86.1176
3 254.424
4 0
5 178.118
6 217.846
7 0
8 0
9 0
9
1 0
2 84
3 254.706
4 0
5 176.421
6 218.051
7 0
8 0
9 0
9
1 0
2 85.4
3 255.243
4 0
5 173.939
6 219.282
7 0
8 0
9 0
9
1 0
2 82.9565
3 253.189
4 0
5 173.2
6 219.795
7 0
8 0
9 56.5
9
1 0
2 82.8
3 252.973
4 0
5 174.118
6 220.718
7 0
8 0
9 59.1111
9
1 0
2 82.4762
3 252
4 0
5 174.194
6 220.205
7 0
8 0
9 54.2222
9
1 0
2 79.4
3 248.222
4 0
5 175.771
6 222.462
7 0
8 0
9 0
9
1 0
2 83.1111
3 247.5
4 0
5 176.774
6 223.282
7 0
8 0
9 55.2727
9
1 0
2 79.0476
3 244.4
4 0
5 179.765
6 224.41
7 0
8 0
9 0
9
1 0
2 78
3 240.824
4 0
5 183.172
6 226.462
7 0
8 0
9 60.8889
9
1 0
2 77.2632
3 237.444
4 0
5 184.588
6 227.59
7 0
8 0
9 59
9
1 0
2 75.7778
3 235.484
4 0
5 186.424
6 227.487
7 0
8 0
9 57.4545
9
1 0
2 74.8235
3 232.914
4 0
5 186.667
6 230.256
7 0
8 0
9 58.9333
9
1 0
2 75.25
3 230.118
4 0
5 189.486
6 229.436
7 0
8 0
9 61.3333
9
1 0
2 74.8571
3 225.818
4 0
5 192.111
6 230.462
7 0
8 0
9 69.6667
9
1 0
2 73.8824
3 223.294
4 0
5 194
6 231.282
7 0
8 0
9 62.4
9
1 0
2 73.6
3 219.636
4 0
5 194.909
6 231.179
7 0
8 0
9 62.8571
9
1 0
2 70.6667
3 219.294
4 0
5 198.667
6 231.7
7 0
8 0
9 66.75
9
1 0
2 70.4444
3 216.375
4 0
5 200.387
6 232.205
7 0
8 0
9 65.8824
9
1 0
2 68.6667
3 214.323
4 0
5 200.471
6 233.231
7 0
8 0
9 68.8
9
1 0
2 70.7692
3 213.161
4 0
5 201.467
6 233.128
7 0
8 0
9 70.4
9
1 0
2 68.8571
3 211.067
4 0
5 202.71
6 234.974
7 0
8 0
9 70.9333
9
1 0
2 67.4286
3 207.412
4 0
5 202.889
6 232.923
7 0
8 0
9 68
9
1 0
2 66.9333
3 203.742
4 0
5 204.706
6 233.231
7 0
8 0
9 72
9
1 0
2 65.7778
3 199.333
4 0
5 209.333
6 233.231
7 0
8 0
9 70.6
9
1 0
2 61.75
3 197.091
4 0
5 210.471
6 233.744
7 0
8 0
9 74.6667
9
1 0
2 65.4545
3 193
4 0
5 212.276
6 234.256
7 0
8 0
9 74.4
9
1 0
2 62.8
3 192.875
4 0
5 212.857
6 232.9
7 0
8 0
9 81.6471
9
1 0
2 66
3 190.065
4 0
5 213.333
6 233.026
7 0
8 0
9 77.6471
9
1 0
2 63.3333
3 186.4
4 0
5 217.103
6 233.128
7 0
8 0
9 79.2
9
1 0
2 61.8824
3 185.161
4 0
5 219.355
6 231.59
7 0
8 0
9 83.4
9
1 0
2 60.5714
3 182.483
4 0
5 220.966
6 232.615
7 0
8 0
9 80.9524
9
1 0
2 62.8889
3 179.067
4 0
5 221.935
6 230.051
7 0
8 0
9 85.8571
9
1 0
2 57.8462
3 178.323
4 0
5 226
6 229.538
7 0
8 0
9 88
9
1 0
2 0
3 176.258
4 0
5 225.677
6 230.769
7 0
8 0
9 87.6667
9
1 0
2 64.4444
3 173.067
4 0
5 224.375
6 230.769
7 0
8 0
9 87.1111
9
1 0
2 63
3 167.714
4 0
5 228.5
6 228.308
7 0
8 69.1429
9 92.5217
9
1 0
2 54
3 164.148
4 0
5 231.355
6 229.026
7 0
8 58.8
9 97.3913
9
1 0
2 57.1429
3 161.733
4 0
5 232.375
6 227.385
7 0
8 0
9 97.4286
9
1 0
2 0
3 159.484
4 0
5 234.194
6 227.897
7 0
8 0
9 99.5862
9
1 0
2 0
3 155.172
4 0
5 234.71
6 226.872
7 0
8 0
9 101.6
9
1 0
2 0
3 150.375
4 0
5 240.143
6 227.487
7 0
8 60.8889
9 106.5
9
1 0
2 48.5714
3 146.074
4 0
5 241.032
6 225.538
7 0
8 59.7143
9 112
9
1 0
2 0
3 144
4 0
5 240.625
6 225.231
7 0
8 59.2
9 115.704
9
1 0
2 0
3 142.621
4 0
5 241.059
6 226.051
7 0
8 58.1176
9 115.333
9
1 0
2 0
3 139.385
4 0
5 242.714
6 225.026
7 0
8 64
9 118.968
9
1 0
2 0
3 138.483
4 0
5 242.667
6 226.256
7 0
8 56.8889
9 119.862
9
1 0
2 0
3 138.857
4 0
5 242.452
6 226.051
7 0
8 71.3846
9 123
9
1 0
2 0
3 135.111
4 0
5 240.828
6 224.2
7 0
8 67
9 123.2
9
1 0
2 0
3 130.4
4 0
5 244.143
6 225.538
7 0
8 63.3333
9 128.69
9
1 0
2 0
3 128.429
4 0
5 246.345
6 226.154
7 0
8 63.4286
9 129.6
9
1 0
2 0
3 127.304
4 0
5 243.448
6 225.538
7 0
8 64.4444
9 132.242
9
1 0
2 0
3 123.556
4 0
5 247
6 226.769
7 0
8 65.6
9 135.429
9
1 0
2 0
3 118.452
4 0
5 246
6 226.051
7 0
8 68.6316
9 141.143
9
1 0
2 0
3 117.037
4 0
5 246.963
6 225.436
7 0
8 69.4545
9 145.867
9
1 0
2 0
3 112.696
4 0
5 245.867
6 227.897
7 0
8 72.3333
9 148.364
9
1 0
2 0
3 112.154
4 0
5 246.167
6 228.513
7 0
8 72.381
9 152.353
9
1 0
2 0
3 109
4 0
5 246.452
6 229.231
7 0
8 74.5185
9 153.161
9
1 0
2 0
3 109.143
4 0
5 245.935
6 227.59
7 0
8 73.44
9 157.412
9
1 0
2 0
3 103.667
4 0
5 248.286
6 230.359
7 0
8 72.6957
9 158.75
9
1 0
2 0
3 100.87
4 0
5 246.533
6 230.974
7 0
8 78.4615
9 162.875
9
1 0
2 0
3 98.72
4 0
5 246.286
6 229.744
7 0
8 79.0909
9 168.242
9
1 0
2 0
3 96.9412
4 0
5 246.769
6 230.872
7 0
8 81.8462
9 169.548
9
1 0
2 0
3 94.5
4 0
5 243.6
6 231.077
7 0
8 80.6667
9 172.242
9
1 0
2 0
3 92.8696
4 0
5 245.481
6 231.59
7 0
8 84.6667
9 174.514
9
1 0
2 0
3 90.75
4 0
5 242.222
6 232.923
7 0
8 85
9 177.943
9
1 0
2 0
3 86.1053
4 0
5 241.926
6 233.231
7 0
8 87.3548
9 181.081
9
1 0
2 0
3 87.0769
4 0
5 245
6 234.872
7 0
8 85.4545
9 182.182
9
1 0
2 0
3 86
4 0
5 241.926
6 233.744
7 0
8 88.2759
9 184.216
9
1 0
2 0
3 81.6842
4 0
5 242.182
6 233.538
7 0
8 90.9677
9 188.824
9
1 0
2 0
3 81.0526
4 0
5 241.6
6 234.051
7 0
8 93
9 192
9
1 0
2 0
3 79.6923
4 0
5 238.519
6 233.846
7 0
8 94.08
9 193.889
9
1 0
2 0
3 79.6923
4 0
5 238.222
6 235.282
7 0
8 92.8889
9 195.636
9
1 0
2 0
3 76.2857
4 0
5 236.571
6 234.154
7 0
8 94.3077
9 198.256
9
1 0
2 0
3 78.5714
4 0
5 234.074
6 232.205
7 0
8 93.5238
9 200.316
9
1 0
2 0
3 72.5333
4 0
5 237.333
6 235.282
7 0
8 95.5385
9 202.051
9
1 0
2 0
3 76.6
4 0
5 232.741
6 232.513
7 0
8 98.5185
9 206.486
9
1 0
2 0
3 70.4
4 0
5 231.857
6 232.308
7 0
8 98.9231
9 208
9
1 0
2 0
3 69.8182
4 0
5 228.364
6 231.179
7 0
8 102.24
9 212.216
9
1 0
2 0
3 68.3636
4 0
5 229.636
6 231.385
7 0
8 103.733
9 215.684
9
1 0
2 0
3 0
4 0
5 225.5
6 230.974
7 0
8 104.462
9 219.459
9
1 0
2 0
3 67
4 0
5 225.76
6 229.333
7 0
8 105.6
9 221.789
9
1 0
2 0
3 69
4 0
5 224.741
6 229.641
7 0
8 106.519
9 224
9
1 0
2 0
3 64.9231
4 0
5 222.154
6 228.615
7 0
8 108.414
9 226.256
9
1 0
2 0
3 63.2727
4 0
5 221
6 226.769
7 0
8 109.103
9 229.053
9
1 0
2 0
3 62.9333
4 0
5 217.391
6 227.282
7 0
8 110.609
9 232.973
9
1 0
2 0
3 58.8571
4 0
5 215.077
6 225.026
7 0
8 110.323
9 238.211
9
1 0
2 0
3 0
4 0
5 210.609
6 223.59
7 0
8 113.5
9 241.026
9
1 0
2 0
3 0
4 0
5 211.833
6 221.3
7 0
8 113.25
9 243.795
9
1 0
2 0
3 0
4 0
5 208.462
6 220.308
7 0
8 113.059
9 247.053
9
1 0
2 0
3 0
4 0
5 205.6
6 219.795
7 0
8 114.452
9 248.513
9
1 0
2 0
3 0
4 0
5 204.615
6 219.282
7 0
8 116.571
9 252.432
9
1 0
2 0
3 0
4 0
5 201.44
6 217.641
7 0
8 118.519
9 255.385
9
1 0
2 0
3 0
4 0
5 202.815
6 215.179
7 0
8 118.667
9 258.947
9
1 0
2 0
3 0
4 0
5 198.476
6 213.538
7 0
8 121.185
9 262.154
9
1 0
2 0
3 0
4 0
5 197.385
6 211.487
7 0
8 124.121
9 264.308
9
1 0
2 0
3 0
4 0
5 198.56
6 211.795
7 0
8 121.576
9 265.579
9
1 0
2 0
3 0
4 0
5 195.586
6 210.154
7 0
8 121.379
9 267.263
9
1 0
2 0
3 0
4 0
5 194.24
6 209.1
7 0
8 124.8
9 268
9
1 0
2 0
3 0
4 0
5 193.385
6 208.821
7 0
8 125.548
9 270.974
9
1 0
2 0
3 0
4 0
5 192.87
6 210.462
7 0
8 124.848
9 269.026
9
1 0
2 0
3 0
4 0
5 194.833
6 209.333
7 0
8 126.375
9 268.432
9
1 0
2 0
3 0
4 0
5 193.077
6 211.077
7 0
8 124.235
9 268.718
9
1 0
2 0
3 0
4 0
5 194.5
6 209.641
7 0
8 124.286
9 266.842
