9
1 0
2 0
3 0
4 0
5 0
6 97.7778
7 0
8 0
9 298.333
9
1 0
2 0
3 0
4 0
5 0
6 100.364
7 0
8 0
9 300.308
9
1 0
2 0
3 0
4 0
5 0
6 0
7 0
8 0
9 300.364
9
1 0
2 0
3 0
4 0
5 0
6 100.444
7 0
8 0
9 299.556
9
1 0
2 0
3 0
4 0
5 0
6 100
7 0
8 0
9 300.333
9
1 0
2 0
3 0
4 0
5 0
6 0
7 0
8 0
9 301.455
9
1 0
2 0
3 0
4 0
5 0
6 98.2222
7 0
8 0
9 300.4
9
1 0
2 0
3 0
4 0
5 0
6 99.4286
7 0
8 78.5
9 299.556
9
1 0
2 0
3 0
4 0
5 0
6 100
7 0
8 0
9 299.667
9
1 0
2 0
3 0
4 0
5 0
6 100
7 0
8 0
9 301.6
9
1 0
2 0
3 0
4 0
5 0
6 103
7 0
8 0
9 300
9
1 0
2 0
3 0
4 0
5 0
6 0
7 0
8 0
9 302.182
9
1 0
2 0
3 0
4 0
5 0
6 0
7 0
8 82.2222
9 300.333
9
1 0
2 0
3 0
4 0
5 0
6 108
7 0
8 86.4
9 302.182
9
1 0
2 0
3 0
4 0
5 0
6 111.556
7 0
8 81.5
9 301.2
9
1 0
2 0
3 0
4 0
5 0
6 111.5
7 0
8 0
9 302.182
9
1 0
2 0
3 0
4 0
5 0
6 116
7 0
8 85
9 300.364
9
1 0
2 0
3 0
4 0
5 0
6 115.636
7 0
8 88.5714
9 300.308
9
1 0
2 0
3 0
4 0
5 0
6 119.636
7 0
8 0
9 301.455
9
1 0
2 0
3 0
4 0
5 0
6 121.714
7 0
8 88
9 303.273
9
1 0
2 0
3 0
4 0
5 0
6 122.4
7 0
8 89.7143
9 298.667
9
1 0
2 0
3 0
4 0
5 0
6 125.818
7 0
8 90.2222
9 297.333
9
1 0
2 0
3 0
4 0
5 0
6 129.6
7 0
8 0
9 300.4
9
1 0
2 0
3 0
4 0
5 0
6 129.5
7 0
8 0
9 297.455
9
1 0
2 0
3 0
4 0
5 0
6 134.545
7 0
8 91.5556
9 300.727
9
1 0
2 0
3 0
4 0
5 0
6 135.273
7 0
8 94.2857
9 298
9
1 0
2 0
3 0
4 0
5 0
6 136
7 0
8 0
9 299.556
9
1 0
2 0
3 0
4 0
5 0
6 140.444
7 0
8 95.2727
9 294.769
9
1 0
2 0
3 0
4 0
5 0
6 142.222
7 0
8 0
9 296.615
9
1 0
2 0
3 0
4 0
5 0
6 144
7 0
8 98.6667
9 296
9
1 0
2 0
3 0
4 0
5 74.8571
6 147.111
7 0
8 96.5714
9 296.333
9
1 0
2 0
3 0
4 0
5 0
6 146.5
7 0
8 99.6
9 293.846
9
1 0
2 0
3 0
4 0
5 0
6 150
7 0
8 100.444
9 293.231
9
1 0
2 0
3 0
4 0
5 84
6 152.333
7 0
8 100.5
9 291.273
9
1 0
2 0
3 0
4 0
5 0
6 154.4
7 0
8 0
9 291.333
9
1 0
2 0
3 0
4 0
5 0
6 160.333
7 0
8 104
9 288.667
9
1 0
2 0
3 0
4 0
5 92
6 159.385
7 0
8 0
9 283.692
9
1 0
2 0
3 0
4 0
5 98.2857
6 164.923
7 0
8 105.714
9 281.455
9
1 0
2 0
3 0
4 0
5 102.5
6 167.636
7 0
8 105.5
9 278.462
9
1 0
2 0
3 0
4 0
5 0
6 170.462
7 0
8 106.5
9 274.154
9
1 0
2 0
3 0
4 0
5 0
6 172.308
7 0
8 108
9 269.667
9
1 0
2 0
3 0
4 0
5 0
6 175.077
7 0
8 108.5
9 264.4
9
1 0
2 0
3 0
4 0
5 115.429
6 178.182
7 0
8 112
9 259.385
9
1 0
2 0
3 0
4 0
5 0
6 176.923
7 0
8 109
9 255.667
9
1 0
2 0
3 0
4 0
5 0
6 180
7 0
8 109
9 252.889
9
1 0
2 0
3 0
4 0
5 0
6 181
7 0
8 0
9 246.182
9
1 0
2 0
3 0
4 0
5 0
6 183.636
7 0
8 0
9 243.636
9
1 0
2 0
3 0
4 0
5 134.857
6 185.231
7 0
8 111.6
9 237.667
9
1 0
2 0
3 0
4 0
5 137.778
6 184.923
7 0
8 112
9 230.8
9
1 0
2 0
3 0
4 0
5 141.6
6 188.364
7 0
8 114.5
9 227.692
9
1 0
2 0
3 0
4 0
5 143.5
6 189.667
7 0
8 110.8
9 221.538
9
1 0
2 0
3 0
4 0
5 148
6 191.385
7 0
8 112
9 216.923
9
1 0
2 0
3 0
4 0
5 153.5
6 192.923
7 0
8 113.5
9 208
9
1 0
2 0
3 0
4 0
5 156.571
6 193.818
7 0
8 113.333
9 206.769
9
1 0
2 0
3 0
4 0
5 161.5
6 194.462
7 0
8 114.4
9 200.923
9
1 0
2 0
3 0
4 0
5 165.333
6 195.692
7 0
8 114
9 196.667
9
1 0
2 0
3 0
4 0
5 168
6 193.231
7 0
8 112.5
9 191.273
9
1 0
2 0
3 0
4 0
5 168
6 195.273
7 0
8 112.4
9 189.667
9
1 0
2 0
3 0
4 0
5 168.571
6 196.308
7 0
8 112.4
9 189.538
9
1 0
2 0
3 0
4 0
5 172.889
6 195.385
7 0
8 109.778
9 188.364
9
1 0
2 0
3 0
4 0
5 174.667
6 195
7 0
8 111.5
9 185.667
9
1 0
2 0
3 0
4 0
5 176
6 195.636
7 0
8 110.8
9 182.667
9
1 0
2 0
3 0
4 0
5 181.333
6 197.231
7 0
8 111.556
9 175
9
1 0
2 0
3 0
4 0
5 186
6 195.385
7 0
8 111.2
9 172.364
9
1 0
2 0
3 0
4 0
5 192.5
6 196.615
7 0
8 112
9 166.333
9
1 0
2 0
3 0
4 0
5 199
6 197.091
7 0
8 107.6
9 159.692
9
1 0
2 0
3 0
4 0
5 204.5
6 197.846
7 0
8 106.8
9 154.462
9
1 0
2 0
3 0
4 0
5 206.5
6 196
7 0
8 106.286
9 150.545
9
1 0
2 0
3 0
4 0
5 0
6 196.667
7 0
8 104.571
9 148
9
1 0
2 0
3 0
4 0
5 213.714
6 197.818
7 0
8 107.111
9 145.818
9
1 0
2 0
3 0
4 0
5 217.2
6 196.615
7 0
8 105
9 145.091
9
1 0
2 0
3 67.4286
4 0
5 222
6 196.923
7 0
8 105.714
9 140
9
1 0
2 0
3 0
4 0
5 226
6 195.273
7 0
8 102.667
9 134.909
9
1 0
2 0
3 0
4 0
5 229.714
6 197
7 0
8 101
9 131
9
1 0
2 0
3 0
4 0
5 233.091
6 193.538
7 0
8 100.4
9 128.667
9
1 0
2 0
3 0
4 0
5 235.2
6 195.385
7 0
8 99.2727
9 124
9
1 0
2 0
3 0
4 0
5 236.889
6 193.091
7 0
8 100
9 119.077
9
1 0
2 0
3 0
4 0
5 243
6 190.462
7 0
8 95.4286
9 114.154
9
1 0
2 0
3 0
4 0
5 245.333
6 188.615
7 0
8 93.3333
9 109.333
9
1 0
2 0
3 0
4 0
5 250.667
6 190.154
7 0
8 92.8
9 104
9
1 0
2 0
3 0
4 0
5 254.222
6 185.455
7 0
8 92
9 100.923
9
1 0
2 0
3 0
4 0
5 254.5
6 184.923
7 0
8 90
9 97.2308
9
1 0
2 0
3 84
4 0
5 256.727
6 181.846
7 0
8 89.7143
9 90.9091
9
1 0
2 0
3 85.7143
4 0
5 258.222
6 180.333
7 0
8 89.1429
9 89.5
9
1 0
2 0
3 84.5
4 0
5 260
6 179.273
7 0
8 87.1111
9 88
9
1 0
2 0
3 86.2857
4 0
5 260.364
6 180.308
7 0
8 85
9 86.6667
9
1 0
2 0
3 86.8
4 0
5 260
6 179.385
7 0
8 85.5
9 84.8
9
1 0
2 0
3 87.4286
4 0
5 260.444
6 177.091
7 0
8 85.7778
9 83.2727
9
1 0
2 0
3 88
4 0
5 261
6 177.091
7 0
8 84
9 83.6667
9
1 0
2 0
3 0
4 0
5 262.333
6 174.154
7 0
8 83.5
9 80
9
1 0
2 0
3 89
4 0
5 261.455
6 173.231
7 0
8 82
9 79
9
1 0
2 0
3 90
4 0
5 265.143
6 174.545
7 0
8 81
9 80.8
9
1 0
2 0
3 94.2857
4 0
5 262.222
6 158.769
7 0
8 79.2727
9 77.7778
9
1 0
2 0
3 92
4 0
5 266.667
6 166.154
7 0
8 0
9 72.4
9
1 0
2 0
3 94.1818
4 0
5 266.222
6 167.077
7 0
8 78.2857
9 0
9
1 0
2 0
3 92
4 0
5 266
6 167.636
7 0
8 76.8
9 72.6667
9
1 0
2 0
3 0
4 0
5 264.571
6 166.154
7 0
8 78
9 71.5556
9
1 0
2 0
3 92.5714
4 0
5 268.4
6 167.077
7 0
8 0
9 67.2
9
1 0
2 0
3 98.5
4 0
5 266.5
6 159.385
7 0
8 75.5556
9 0
9
1 0
2 57.7143
3 100.571
4 0
5 266.4
6 154.545
7 0
8 71.5
9 0
9
1 0
2 0
3 100
4 0
5 266.333
6 150.462
7 0
8 67.4286
9 0
9
1 0
2 0
3 104.889
4 0
5 265.091
6 144.308
7 0
8 65
9 0
9
1 0
2 69.5
3 105.455
4 0
5 262.333
6 141.846
7 0
8 61.1429
9 0
9
1 0
2 0
3 106
4 0
5 260.727
6 137.818
7 0
8 0
9 0
9
1 0
2 78.4
3 109.2
4 0
5 258.5
6 136
7 0
8 60
9 0
9
1 0
2 82.2857
3 108.8
4 0
5 255.273
6 131.667
7 0
8 0
9 0
9
1 0
2 84.8889
3 107.692
4 0
5 253.2
6 127.077
7 0
8 54.8571
9 0
9
1 0
2 85.7143
3 107.667
4 0
5 250.4
6 126.545
7 0
8 0
9 0
9
1 0
2 89.7778
3 107.273
4 0
5 247.2
6 120.4
7 0
8 0
9 0
9
1 0
2 92.5
3 110.182
4 0
5 244
6 118.154
7 0
8 0
9 0
9
1 0
2 96
3 109.846
4 62.8571
5 238.8
6 116
7 0
8 0
9 0
9
1 0
2 101.778
3 111.385
4 0
5 234
6 112.4
7 0
8 0
9 0
9
1 0
2 105.5
3 109.818
4 0
5 232.727
6 108
7 0
8 0
9 0
9
1 0
2 104.5
3 110.333
4 62
5 229.818
6 107
7 0
8 0
9 0
9
1 61.5
2 105.091
3 110.154
4 63.5
5 227.667
6 106.4
7 0
8 0
9 0
9
1 0
2 109.6
3 110.154
4 64
5 221.6
6 105.2
7 0
8 0
9 0
9
1 0
2 112
3 109.818
4 67.5
5 218.4
6 102.8
7 0
8 0
9 0
9
1 0
2 116.444
3 108.923
4 65
5 214.333
6 99.3333
7 0
8 0
9 0
9
1 70.6667
2 116.8
3 108.923
4 75.2
5 207.692
6 95.4286
7 0
8 0
9 0
9
1 0
2 122
3 106.462
4 70.8
5 200.727
6 0
7 0
8 0
9 0
9
1 0
2 104.364
3 105.455
4 72.8889
5 192.615
6 86.8571
7 0
8 0
9 0
9
1 0
2 0
3 0
4 0
5 187.5
6 0
7 0
8 0
9 0
9
1 0
2 69.6667
3 105.091
4 73.5385
5 184.923
6 79.4286
7 0
8 0
9 0
9
1 0
2 0
3 0
4 0
5 0
6 0
7 0
8 0
9 0
9
1 0
2 0
3 0
4 0
5 0
6 0
7 0
8 0
9 0
9
1 0
2 0
3 0
4 0
5 0
6 0
7 0
8 0
9 0
9
1 0
2 0
3 0
4 0
5 0
6 0
7 0
8 0
9 0
9
1 0
2 0
3 0
4 0
5 0
6 0
7 0
8 0
9 0
9
1 0
2 0
3 0
4 0
5 0
6 0
7 0
8 0
9 0
9
1 0
2 0
3 0
4 0
5 0
6 0
7 0
8 0
9 0
9
1 0
2 0
3 0
4 0
5 0
6 0
7 0
8 0
9 0
9
1 0
2 0
3 0
4 0
5 0
6 0
7 0
8 0
9 0
9
1 0
2 0
3 0
4 0
5 0
6 0
7 0
8 0
9 0
9
1 0
2 0
3 0
4 0
5 0
6 0
7 0
8 0
9 0
9
1 0
2 0
3 0
4 0
5 0
6 0
7 0
8 0
9 0
9
1 0
2 0
3 0
4 0
5 0
6 0
7 0
8 0
9 0
9
1 0
2 0
3 0
4 0
5 0
6 0
7 0
8 0
9 0
9
1 0
2 0
3 0
4 0
5 0
6 0
7 0
8 0
9 0
9
1 0
2 0
3 0
4 0
5 0
6 0
7 0
8 0
9 0
9
1 0
2 0
3 0
4 0
5 0
6 0
7 0
8 0
9 0
9
1 0
2 0
3 0
4 0
5 0
6 0
7 0
8 0
9 0
9
1 0
2 0
3 0
4 0
5 0
6 0
7 0
8 0
9 0
9
1 0
2 0
3 0
4 0
5 0
6 0
7 0
8 0
9 0
9
1 152
2 0
3 0
4 0
5 112
6 0
7 0
8 0
9 0
9
1 0
2 0
3 0
4 0
5 108.333
6 0
7 0
8 0
9 0
9
1 160
2 0
3 0
4 0
5 105.231
6 0
7 0
8 0
9 0
9
1 162.5
2 0
3 0
4 0
5 105.455
6 0
7 0
8 0
9 0
9
1 0
2 0
3 0
4 0
5 104.923
6 0
7 0
8 0
9 0
9
1 0
2 0
3 0
4 0
5 100.923
6 0
7 0
8 0
9 0
9
1 175
2 0
3 0
4 0
5 97
6 0
7 0
8 0
9 0
9
1 176
2 0
3 0
4 0
5 93.6
6 0
7 0
8 0
9 0
9
1 0
2 0
3 0
4 85.7143
5 93.8462
6 0
7 0
8 0
9 0
9
1 186.222
2 0
3 0
4 0
5 88.6154
6 0
7 0
8 0
9 0
9
1 0
2 0
3 0
4 0
5 86.9091
6 0
7 0
8 0
9 0
9
1 190.286
2 0
3 0
4 0
5 86.9091
6 0
7 0
8 0
9 0
9
1 0
2 0
3 0
4 0
5 83.3333
6 0
7 0
8 0
9 0
9
1 199
2 0
3 0
4 0
5 81
6 0
7 0
8 0
9 0
9
1 202.857
2 0
3 0
4 0
5 78.2222
6 0
7 0
8 0
9 0
9
1 203.5
2 0
3 0
4 0
5 77.6667
6 0
7 0
8 0
9 0
9
1 0
2 0
3 0
4 0
5 74.4615
6 0
7 0
8 0
9 0
9
1 213
2 0
3 0
4 0
5 72
6 0
7 0
8 0
9 0
9
1 215.429
2 0
3 0
4 0
5 68.4
6 0
7 0
8 0
9 0
9
1 0
2 0
3 0
4 0
5 66.6667
6 0
7 0
8 0
9 0
9
1 222
2 0
3 0
4 0
5 65
6 0
7 0
8 0
9 0
9
1 202.857
2 0
3 0
4 0
5 64
6 0
7 0
8 0
9 0
9
1 226.8
2 0
3 0
4 0
5 63.5556
6 0
7 0
8 0
9 0
9
1 228.4
2 0
3 0
4 0
5 62.9091
6 0
7 0
8 0
9 0
9
1 208
2 0
3 0
4 0
5 61.2
6 0
7 0
8 0
9 0
9
1 229
2 0
3 0
4 0
5 61.7778
6 0
7 0
8 0
9 0
9
1 0
2 0
3 0
4 0
5 61.0909
6 0
7 0
8 0
9 0
9
1 230.857
2 0
3 0
4 0
5 59
6 0
7 0
8 0
9 0
9
1 0
2 0
3 0
4 85.5
5 63.6
6 0
7 0
8 0
9 0
9
1 0
2 0
3 0
4 0
5 60
6 0
7 0
8 0
9 0
9
1 0
2 0
3 0
4 0
5 60
6 0
7 0
8 0
9 0
9
1 230.857
2 0
3 0
4 0
5 62.5455
6 0
7 0
8 0
9 0
