9
1 0
2 0
3 0
4 0
5 0
6 99.2
7 0
8 0
9 303
9
1 0
2 0
3 0
4 0
5 0
6 100.8
7 0
8 0
9 300
9
1 0
2 0
3 0
4 0
5 0
6 0
7 0
8 0
9 299.636
9
1 0
2 0
3 0
4 0
5 0
6 100.571
7 0
8 0
9 301.2
9
1 0
2 0
3 0
4 0
5 0
6 100.5
7 0
8 0
9 300
9
1 0
2 0
3 0
4 0
5 0
6 100.364
7 0
8 0
9 299.5
9
1 0
2 0
3 0
4 0
5 0
6 100.5
7 0
8 0
9 297.455
9
1 0
2 0
3 0
4 0
5 0
6 103.2
7 0
8 0
9 302.154
9
1 0
2 0
3 0
4 0
5 0
6 103.556
7 0
8 0
9 300
9
1 0
2 0
3 0
4 0
5 0
6 107.111
7 0
8 84.5
9 302.182
9
1 0
2 0
3 0
4 0
5 0
6 108
7 0
8 82.2857
9 299.636
9
1 0
2 0
3 0
4 0
5 0
6 112.889
7 0
8 0
9 301.667
9
1 0
2 0
3 0
4 0
5 0
6 113
7 0
8 83.4286
9 300
9
1 0
2 0
3 0
4 0
5 0
6 114
7 0
8 0
9 301.6
9
1 0
2 0
3 0
4 0
5 0
6 115.429
7 0
8 84.5714
9 301
9
1 0
2 0
3 0
4 0
5 0
6 120
7 0
8 85.7143
9 299.667
9
1 0
2 0
3 0
4 0
5 0
6 120.889
7 0
8 88.5
9 299.636
9
1 0
2 0
3 0
4 0
5 0
6 122.222
7 0
8 0
9 301.455
9
1 0
2 0
3 0
4 0
5 0
6 125.5
7 0
8 88
9 299
9
1 0
2 0
3 0
4 0
5 0
6 127.429
7 0
8 90
9 297.667
9
1 0
2 0
3 0
4 0
5 0
6 130.8
7 0
8 0
9 298.182
9
1 0
2 0
3 0
4 0
5 0
6 132.5
7 0
8 89.7143
9 300
9
1 0
2 0
3 0
4 0
5 0
6 133.818
7 0
8 93.5
9 297.538
9
1 0
2 0
3 0
4 0
5 69.1429
6 132.333
7 0
8 93.0909
9 297.538
9
1 0
2 0
3 0
4 0
5 0
6 138.222
7 0
8 95.4286
9 296.8
9
1 0
2 0
3 0
4 0
5 0
6 137.5
7 0
8 94
9 298.154
9
1 0
2 0
3 0
4 0
5 0
6 141.2
7 0
8 95.5
9 294.667
9
1 0
2 0
3 0
4 0
5 0
6 142.909
7 0
8 97.3333
9 298.154
9
1 0
2 0
3 0
4 0
5 0
6 144.727
7 0
8 97.7143
9 294.909
9
1 0
2 0
3 0
4 0
5 0
6 148
7 0
8 96
9 295.077
9
1 0
2 0
3 0
4 0
5 0
6 145.846
7 0
8 96.8889
9 293.846
9
1 0
2 0
3 0
4 0
5 76.5714
6 144.8
7 0
8 99.1111
9 293.091
9
1 0
2 0
3 0
4 0
5 78.2857
6 148
7 0
8 100.571
9 293.2
9
1 0
2 0
3 0
4 0
5 0
6 149.778
7 0
8 98.5
9 293.846
9
1 0
2 0
3 0
4 0
5 82.8571
6 152
7 0
8 100
9 290.769
9
1 0
2 0
3 0
4 0
5 0
6 153.667
7 0
8 100.889
9 289.6
9
1 0
2 0
3 0
4 0
5 0
6 155.333
7 0
8 100.571
9 289.333
9
1 0
2 0
3 0
4 0
5 0
6 158.909
7 0
8 0
9 286.667
9
1 0
2 0
3 0
4 0
5 0
6 156.615
7 0
8 102
9 286.154
9
1 0
2 0
3 0
4 0
5 90.2857
6 161.538
7 0
8 0
9 286.545
9
1 0
2 0
3 0
4 0
5 0
6 160
7 0
8 0
9 285.846
9
1 0
2 0
3 0
4 0
5 0
6 160.667
7 0
8 104
9 284.308
9
1 0
2 0
3 0
4 0
5 98.5
6 161
7 0
8 104.571
9 282.462
9
1 0
2 0
3 0
4 0
5 0
6 166.462
7 0
8 106
9 280.4
9
1 0
2 0
3 0
4 0
5 0
6 169.333
7 0
8 107
9 277.667
9
1 0
2 0
3 0
4 0
5 0
6 169.091
7 0
8 105.778
9 273.231
9
1 0
2 0
3 0
4 0
5 0
6 171
7 0
8 107.429
9 272
9
1 0
2 0
3 0
4 0
5 0
6 173.538
7 0
8 106.667
9 270.909
9
1 0
2 0
3 0
4 0
5 0
6 172.4
7 0
8 106.4
9 265.818
9
1 0
2 0
3 0
4 0
5 0
6 176.923
7 0
8 110.857
9 263.385
9
1 0
2 0
3 0
4 0
5 117.143
6 176.615
7 0
8 108.8
9 260
9
1 0
2 0
3 0
4 0
5 120
6 180.333
7 0
8 109.778
9 254
9
1 0
2 0
3 0
4 0
5 0
6 181.818
7 0
8 109.143
9 252
9
1 0
2 0
3 0
4 0
5 121.714
6 180.923
7 0
8 111.6
9 248.308
9
1 0
2 0
3 0
4 0
5 125.143
6 184
7 0
8 0
9 245.091
9
1 0
2 0
3 0
4 0
5 129.714
6 186.545
7 0
8 110
9 241.538
9
1 0
2 0
3 0
4 0
5 132
6 186
7 0
8 111.5
9 237.091
9
1 0
2 0
3 0
4 0
5 0
6 185.538
7 0
8 112.4
9 233.846
9
1 0
2 0
3 0
4 0
5 137.6
6 187.692
7 0
8 110.5
9 231.273
9
1 0
2 0
3 0
4 0
5 0
6 188
7 0
8 113.5
9 225.538
9
1 0
2 0
3 0
4 0
5 0
6 188.615
7 0
8 110.286
9 222.667
9
1 0
2 0
3 0
4 0
5 146.286
6 189.538
7 0
8 112
9 217.667
9
1 0
2 0
3 0
4 0
5 148
6 191.077
7 0
8 0
9 213.091
9
1 0
2 0
3 0
4 0
5 149.143
6 192.364
7 0
8 111.636
9 209.846
9
1 0
2 0
3 0
4 0
5 155.2
6 192.615
7 0
8 110
9 207.077
9
1 0
2 0
3 0
4 0
5 156.5
6 192.923
7 0
8 112.727
9 204.364
9
1 0
2 0
3 0
4 0
5 158
6 193.667
7 0
8 110.222
9 203
9
1 0
2 0
3 0
4 0
5 0
6 194.545
7 0
8 111.2
9 201.231
9
1 0
2 0
3 0
4 0
5 165.455
6 195.692
7 0
8 111.6
9 193.846
9
1 0
2 0
3 0
4 0
5 164
6 196
7 0
8 111.273
9 192.364
9
1 0
2 0
3 0
4 0
5 165.714
6 197.818
7 0
8 109.714
9 190.769
9
1 0
2 0
3 0
4 0
5 169.143
6 198.667
7 0
8 111.2
9 190.154
9
1 0
2 0
3 0
4 0
5 168
6 195.692
7 0
8 110.667
9 187.077
9
1 0
2 0
3 0
4 0
5 173.455
6 196.308
7 0
8 110.222
9 182.545
9
1 0
2 0
3 0
4 0
5 175.429
6 198.182
7 0
8 110.222
9 181.231
9
1 0
2 0
3 0
4 0
5 176.5
6 197.538
7 0
8 109.2
9 182.333
9
1 0
2 0
3 0
4 0
5 178.222
6 196.923
7 0
8 108.889
9 178.333
9
1 0
2 0
3 0
4 0
5 185.5
6 196
7 0
8 0
9 173.818
9
1 0
2 0
3 0
4 0
5 0
6 198.909
7 0
8 110.286
9 169.846
9
1 0
2 0
3 0
4 0
5 186.667
6 197.231
7 0
8 110
9 170.154
9
1 0
2 0
3 0
4 0
5 190.667
6 196.308
7 0
8 108
9 170.8
9
1 0
2 0
3 0
4 0
5 188.5
6 196.923
7 0
8 109.143
9 168.333
9
1 0
2 0
3 0
4 0
5 193.5
6 197.818
7 0
8 107.6
9 165.846
9
1 0
2 0
3 0
4 0
5 195.556
6 197.846
7 0
8 108.889
9 159.077
9
1 0
2 0
3 0
4 0
5 199.556
6 198.769
7 0
8 105.143
9 156.889
9
1 0
2 0
3 0
4 0
5 201.5
6 196.727
7 0
8 104.571
9 154.333
9
1 0
2 0
3 0
4 0
5 208
6 197.818
7 0
8 106.667
9 148
9
1 0
2 0
3 0
4 0
5 208.8
6 196
7 0
8 104.444
9 147.333
9
1 0
2 0
3 0
4 0
5 215.5
6 198.769
7 0
8 104
9 143.636
9
1 0
2 0
3 0
4 0
5 0
6 194.909
7 0
8 0
9 142.769
9
1 0
2 0
3 0
4 0
5 216
6 198
7 0
8 102.286
9 141.455
9
1 0
2 0
3 0
4 0
5 220.5
6 196.308
7 0
8 102.909
9 140.364
9
1 0
2 0
3 0
4 0
5 0
6 197.231
7 0
8 102.667
9 134.4
9
1 0
2 0
3 72.4444
4 0
5 224
6 196
7 0
8 103
9 133.846
9
1 0
2 0
3 0
4 0
5 227.6
6 196.923
7 0
8 100
9 132.727
9
1 0
2 0
3 0
4 0
5 231
6 195.077
7 0
8 98.2857
9 126.182
9
1 0
2 0
3 72.5
4 0
5 236
6 192.923
7 0
8 97.1429
9 122.545
9
1 0
2 0
3 0
4 0
5 240.571
6 192.727
7 0
8 0
9 119.333
9
1 0
2 0
3 0
4 0
5 244.5
6 189.538
7 0
8 94.2222
9 114
9
1 0
2 0
3 80.5714
4 0
5 246.222
6 190.154
7 0
8 94.5
9 111.6
9
1 0
2 0
3 0
4 0
5 247.333
6 189.667
7 0
8 0
9 107
9
1 0
2 0
3 81.7143
4 0
5 248
6 187.273
7 0
8 91.4286
9 105.538
9
1 0
2 0
3 0
4 0
5 251.111
6 187.385
7 0
8 95.2
9 102
9
1 0
2 0
3 82.2857
4 0
5 250
6 186.462
7 0
8 91.6
9 102.8
9
1 0
2 0
3 82.2857
4 0
5 249.6
6 184.727
7 0
8 88
9 100.727
9
1 0
2 0
3 0
4 0
5 254.286
6 184
7 0
8 89.7778
9 98.1818
9
1 0
2 0
3 0
4 0
5 256.8
6 184.923
7 0
8 96
9 93.6
9
1 0
2 0
3 0
4 0
5 257.846
6 180.923
7 0
8 86.2222
9 90.1818
9
1 0
2 0
3 89.1429
4 0
5 260.5
6 180
7 0
8 85.7778
9 88
9
1 0
2 0
3 0
4 0
5 258.5
6 180
7 0
8 81.7143
9 84.4444
9
1 0
2 0
3 0
4 0
5 261.6
6 177.538
7 0
8 84
9 85
9
1 0
2 0
3 0
4 0
5 261.6
6 176
7 0
8 0
9 84.5
9
1 0
2 0
3 0
4 0
5 261
6 177.455
7 0
8 82.2222
9 83.5556
9
1 0
2 0
3 0
4 0
5 261.6
6 176
7 0
8 0
9 81
9
1 0
2 0
3 0
4 0
5 262.667
6 173.538
7 0
8 80
9 78
9
1 0
2 0
3 92.8889
4 0
5 265
6 172.615
7 0
8 78.8571
9 77.7778
9
1 0
2 0
3 92
4 0
5 263.556
6 169.818
7 0
8 79.1111
9 76.4444
9
1 0
2 0
3 96
4 0
5 266.857
6 167.692
7 0
8 77.3333
9 70.8
9
1 0
2 0
3 100.571
4 0
5 266.545
6 162.154
7 0
8 0
9 68.5714
9
1 0
2 0
3 96.5
4 0
5 268
6 158.333
7 0
8 73.7778
9 0
9
1 0
2 0
3 99.6
4 0
5 264
6 157.091
7 0
8 72
9 0
9
1 0
2 0
3 98.9091
4 0
5 266.4
6 157.846
7 0
8 71.5
9 0
9
1 0
2 57.1429
3 101.778
4 0
5 264.727
6 154.769
7 0
8 68.4
9 59.4286
9
1 0
2 59.5
3 99.5
4 0
5 266
6 154.667
7 0
8 68
9 0
9
1 0
2 0
3 101.818
4 0
5 0
6 151.636
7 0
8 0
9 0
9
1 0
2 0
3 102.667
4 0
5 265.778
6 152.615
7 0
8 70.2857
9 0
9
1 0
2 0
3 103.6
4 0
5 261.667
6 146.154
7 0
8 0
9 0
9
1 0
2 0
3 106.8
4 0
5 263.636
6 144.364
7 0
8 60.4444
9 0
9
1 0
2 0
3 107.636
4 0
5 261.2
6 140.333
7 0
8 0
9 0
9
1 0
2 0
3 106.222
4 0
5 259.6
6 136.615
7 0
8 0
9 0
9
1 0
2 79.5556
3 108.333
4 0
5 258
6 135.077
7 0
8 0
9 0
9
1 0
2 77.3333
3 109.333
4 0
5 258.222
6 132.364
7 0
8 56
9 0
9
1 0
2 82.2857
3 107.636
4 0
5 257
6 130.333
7 0
8 55.5
9 0
9
1 0
2 84.5714
3 109.6
4 0
5 249.714
6 127.692
7 0
8 0
9 0
9
1 0
2 87.2727
3 108.333
4 0
5 249
6 121.231
7 0
8 0
9 0
9
1 0
2 92.7273
3 108.333
4 0
5 245.6
6 118.909
7 0
8 0
9 0
9
1 0
2 0
3 108.364
4 0
5 241.778
6 117.538
7 0
8 0
9 0
9
1 0
2 0
3 111.333
4 0
5 240.727
6 115.077
7 0
8 0
9 0
9
1 0
2 95.2727
3 109.333
4 0
5 237.091
6 112.333
7 0
8 0
9 0
9
1 58
2 100.889
3 110.769
4 0
5 234
6 111.6
7 0
8 0
9 0
9
1 61.1429
2 105.333
3 109.091
4 0
5 230.4
6 108.667
7 0
8 0
9 0
9
1 0
2 0
3 110.333
4 66.2857
5 226.333
6 107.692
7 0
8 0
9 0
9
1 0
2 110.182
3 109.846
4 64
5 220.615
6 103.636
7 0
8 0
9 0
9
1 0
2 112.5
3 108.615
4 66.5
5 217.818
6 99.1111
7 0
8 0
9 0
9
1 0
2 115
3 109.455
4 66.6667
5 212.333
6 96.4444
7 0
8 0
9 0
9
1 0
2 115.556
3 108.615
4 70.5
5 209.231
6 95.6
7 0
8 0
9 0
9
1 0
2 122
3 107.077
4 73.0909
5 206.154
6 92.4444
7 0
8 0
9 0
9
1 0
2 123.385
3 105.846
4 67.6364
5 200.615
6 93
7 0
8 0
9 0
9
1 78.8571
2 123.636
3 107.385
4 73.3333
5 195.6
6 89.1429
7 0
8 0
9 0
9
1 80.4444
2 127.2
3 104.727
4 72.8
5 194.333
6 86
7 0
8 0
9 0
9
1 0
2 130.545
3 104.667
4 73.2308
5 188.308
6 80.4444
7 0
8 0
9 0
9
1 88.5714
2 133.538
3 103.385
4 78
5 182.462
6 0
7 0
8 0
9 0
9
1 92
2 135.692
3 103.692
4 77.0909
5 178.8
6 0
7 0
8 0
9 0
9
1 0
2 137.091
3 102.909
4 77.7778
5 172.923
6 0
7 0
8 0
9 0
9
1 0
2 142
3 101.667
4 80.3077
5 170.154
6 0
7 0
8 0
9 0
9
1 97.5
2 143.692
3 100.308
4 78.7692
5 166.462
6 0
7 0
8 0
9 0
9
1 100
2 144.615
3 100.615
4 79.2727
5 161.455
6 0
7 0
8 0
9 0
9
1 0
2 147.636
3 100.364
4 81.6667
5 158
6 0
7 0
8 0
9 0
9
1 0
2 150.769
3 98.4615
4 82.1538
5 151.385
6 0
7 0
8 0
9 0
9
1 0
2 149.143
3 94.3333
4 87.0769
5 146
6 0
7 0
8 0
9 0
9
1 116.889
2 152.857
3 95.6364
4 85
5 139.273
6 0
7 0
8 0
9 0
9
1 0
2 158.182
3 94.1818
4 87.3846
5 139.077
6 0
7 0
8 0
9 0
9
1 0
2 160
3 92.7273
4 86.7692
5 136.667
6 0
7 0
8 0
9 0
9
1 125.5
2 162.769
3 91
4 88
5 133.667
6 0
7 0
8 0
9 0
9
1 128
2 165.538
3 88.4444
4 88.3636
5 125.455
6 0
7 0
8 0
9 0
9
1 0
2 169.091
3 88.8
4 88
5 123.077
6 0
7 0
8 0
9 0
9
1 143
2 164.571
3 86.5
4 90.6667
5 119.077
6 0
7 0
8 0
9 0
9
1 149.143
2 172.923
3 84.5
4 91.3846
5 113.818
6 0
7 0
8 0
9 0
9
1 152.5
2 173.846
3 0
4 91.2727
5 110.545
6 0
7 0
8 0
9 0
9
1 156
2 177.091
3 0
4 92.3077
5 105.846
6 0
7 0
8 0
9 0
9
1 160.444
2 179.077
3 0
4 92.9231
5 104.923
6 0
7 0
8 0
9 0
9
1 0
2 179.692
3 0
4 92.3333
5 101.818
6 0
7 0
8 0
9 0
9
1 164.571
2 180.4
3 0
4 92.8
5 99.6667
6 0
7 0
8 0
9 0
9
1 169.143
2 181.091
3 0
4 93.5385
5 96.6154
6 0
7 0
8 0
9 0
9
1 173.5
2 183.077
3 0
4 88.2857
5 95
6 0
7 0
8 0
9 0
9
1 178.286
2 182.462
3 0
4 92.8
5 89.8182
6 0
7 0
8 0
9 0
9
1 182.857
2 184.364
3 0
4 92.8
5 89.3333
6 0
7 0
8 0
9 0
9
1 0
2 184.333
3 0
4 95.0769
5 84.3333
6 0
7 0
8 0
9 0
9
1 190.5
2 184.615
3 0
4 94.1538
5 82.1538
6 0
7 0
8 0
9 0
9
1 196
2 185.231
3 0
4 93.0909
5 78.4
6 0
7 0
8 0
9 0
9
1 201.143
2 184.364
3 0
4 93
5 76.9231
6 0
7 0
8 0
9 0
9
1 204
2 184.615
3 0
4 93
5 71.6667
6 0
7 0
8 0
9 0
9
1 209.714
2 182.462
3 0
4 92
5 73.6667
6 0
7 0
8 0
9 0
9
1 193.143
2 182.462
3 0
4 93.7778
5 68.3636
6 0
7 0
8 0
9 0
9
1 218.286
2 181.818
3 0
4 91.3333
5 66.1538
6 0
7 0
8 0
9 0
9
1 0
2 182.154
3 0
4 90.3333
5 63.6923
6 0
7 0
8 0
9 0
9
1 223.5
2 180.923
3 0
4 89.6667
5 60.5
6 0
7 0
8 0
9 0
9
1 228
2 181.667
3 0
4 89.2
5 61.3333
6 0
7 0
8 0
9 0
9
1 178.857
2 179.636
3 0
4 90.5455
5 60.4444
6 0
7 0
8 0
9 0
9
1 0
2 177.231
3 0
4 89.2308
5 0
6 0
7 0
8 0
9 0
9
1 187
2 178.154
3 0
4 90.2222
5 0
6 0
7 0
8 0
9 0
9
1 206.857
2 176
3 0
4 90.3333
5 0
6 0
7 0
8 0
9 0
9
1 213.143
2 175.333
3 0
4 85.5385
5 0
6 0
7 0
8 0
9 0
9
1 240.571
2 174.769
3 0
4 88
5 0
6 0
7 0
8 0
9 0
9
1 0
2 171.692
3 0
4 88.4
5 0
6 0
7 0
8 0
9 0
