9
1 0
2 0
3 0
4 0
5 0
6 173.333
7 0
8 105.714
9 275.636
9
1 0
2 0
3 0
4 0
5 101.143
6 171.6
7 0
8 104
9 276.308
9
1 0
2 0
3 0
4 0
5 0
6 173.231
7 0
8 104.444
9 276.308
9
1 0
2 0
3 0
4 0
5 104
6 170.462
7 0
8 104.5
9 274
9
1 0
2 0
3 0
4 0
5 103
6 172
7 0
8 107.2
9 275.333
9
1 0
2 0
3 0
4 0
5 101.714
6 175.273
7 0
8 106.857
9 275.333
9
1 0
2 0
3 0
4 0
5 106
6 174.769
7 0
8 104.571
9 271.077
9
1 0
2 0
3 0
4 0
5 112
6 178.769
7 0
8 104.889
9 266.333
9
1 0
2 0
3 0
4 0
5 114.286
6 178.769
7 0
8 107
9 262.182
9
1 0
2 0
3 0
4 0
5 116.571
6 181.091
7 0
8 108.444
9 257.538
9
1 0
2 0
3 0
4 0
5 124
6 183.692
7 0
8 106.857
9 250.769
9
1 0
2 0
3 0
4 0
5 0
6 185.846
7 0
8 108
9 246
9
1 0
2 0
3 0
4 0
5 129.143
6 188.923
7 0
8 110
9 241.091
9
1 0
2 0
3 0
4 0
5 132
6 186.909
7 0
8 109.2
9 233.538
9
1 0
2 0
3 0
4 0
5 138.5
6 191.385
7 0
8 108
9 226.462
9
1 0
2 0
3 0
4 0
5 143.5
6 190.769
7 0
8 109
9 222.4
9
1 0
2 0
3 0
4 0
5 146.5
6 195.667
7 0
8 112.889
9 214.667
9
1 0
2 0
3 0
4 0
5 0
6 192.727
7 0
8 110.222
9 207.385
9
1 0
2 0
3 0
4 0
5 153.778
6 197.538
7 0
8 109.143
9 202.667
9
1 0
2 0
3 0
4 0
5 161
6 198.769
7 0
8 107.556
9 198.182
9
1 0
2 0
3 0
4 0
5 169.778
6 197.818
7 0
8 109.5
9 191.333
9
1 0
2 0
3 0
4 0
5 0
6 198.667
7 0
8 107.429
9 182.462
9
1 0
2 0
3 0
4 0
5 178.667
6 198.154
7 0
8 111.111
9 176
9
1 0
2 0
3 0
4 0
5 184.889
6 200.308
7 0
8 0
9 172.364
9
1 0
2 0
3 0
4 0
5 190.857
6 201.818
7 0
8 106.286
9 165.091
9
1 0
2 0
3 0
4 0
5 194.5
6 199.385
7 0
8 107.2
9 161.231
9
1 0
2 0
3 0
4 0
5 200.444
6 199.385
7 0
8 0
9 155.333
9
1 0
2 0
3 0
4 0
5 207.556
6 200.308
7 0
8 106
9 151.636
9
1 0
2 0
3 0
4 0
5 0
6 200
7 0
8 103.636
9 145.455
9
1 0
2 0
3 0
4 0
5 219
6 197.538
7 0
8 101.6
9 140.923
9
1 0
2 0
3 0
4 0
5 220.4
6 198.769
7 0
8 101.333
9 136
9
1 0
2 0
3 0
4 0
5 228
6 198
7 0
8 100
9 131.667
9
1 0
2 0
3 0
4 0
5 231.429
6 197.455
7 0
8 98.8
9 128.615
9
1 0
2 0
3 0
4 0
5 234.667
6 196
7 0
8 99.1111
9 121.818
9
1 0
2 0
3 0
4 0
5 237.333
6 192
7 0
8 94.8571
9 118.4
9
1 0
2 0
3 0
4 0
5 241
6 192.364
7 0
8 97.5
9 113.2
9
1 0
2 0
3 0
4 0
5 245.778
6 190
7 0
8 91.4286
9 108.615
9
1 0
2 0
3 0
4 0
5 248.364
6 189.231
7 0
8 89.6
9 104
9
1 0
2 0
3 82.8571
4 0
5 252.4
6 186.462
7 0
8 90
9 100
9
1 0
2 0
3 0
4 0
5 256.4
6 185.455
7 0
8 87.5556
9 95.3333
9
1 0
2 0
3 0
4 0
5 260
6 182.462
7 0
8 84
9 88
9
1 0
2 0
3 89
4 0
5 259.111
6 177.846
7 0
8 82.8
9 84
9
1 0
2 0
3 0
4 0
5 262.333
6 176
7 0
8 80.8889
9 77.5
9
1 0
2 0
3 92.8889
4 0
5 265.714
6 170.909
7 0
8 76.8
9 76.4
9
1 0
2 0
3 0
4 0
5 267.667
6 167.077
7 0
8 0
9 69.5
9
1 0
2 0
3 95.4286
4 0
5 266.222
6 164.308
7 0
8 75.2
9 65.5
9
1 0
2 0
3 99.2727
4 0
5 269.333
6 160.615
7 0
8 71.4286
9 65.7143
9
1 0
2 0
3 100.333
4 0
5 266.667
6 156.727
7 0
8 0
9 0
9
1 0
2 0
3 101
4 0
5 267.556
6 152.923
7 0
8 69.3333
9 56.8889
9
1 0
2 0
3 105.333
4 0
5 268
6 152
7 0
8 0
9 0
9
1 0
2 68
3 105.6
4 0
5 264
6 146.545
7 0
8 0
9 54.2857
9
1 0
2 68
3 104.4
4 0
5 262.4
6 144.364
7 0
8 60.5714
9 0
9
1 0
2 73.1429
3 108.571
4 0
5 263.636
6 139.692
7 0
8 0
9 0
9
1 0
2 77
3 108.667
4 0
5 264.444
6 137.538
7 0
8 60.5
9 0
9
1 0
2 78
3 109
4 0
5 260.8
6 134.909
7 0
8 0
9 0
9
1 0
2 81.7143
3 111.429
4 0
5 259.5
6 132.333
7 0
8 0
9 0
9
1 0
2 81.7143
3 109.455
4 0
5 256
6 132.308
7 0
8 55
9 0
9
1 0
2 84
3 108.667
4 0
5 254
6 129.231
7 0
8 0
9 0
9
1 0
2 85.8182
3 108.333
4 0
5 253
6 130.182
7 0
8 0
9 0
9
1 0
2 0
3 109.091
4 0
5 253.818
6 129.538
7 0
8 0
9 0
9
1 0
2 0
3 111
4 0
5 253.667
6 127.333
7 0
8 0
9 0
9
1 0
2 88
3 110.462
4 0
5 253.5
6 125.231
7 0
8 0
9 0
9
1 0
2 89.7778
3 109.846
4 0
5 249.2
6 122.545
7 0
8 0
9 0
9
1 0
2 92.5
3 110.8
4 0
5 246.545
6 122.154
7 0
8 0
9 0
9
1 0
2 92.8
3 111.333
4 0
5 248.727
6 122.333
7 0
8 0
9 0
9
1 0
2 95.1111
3 111.692
4 0
5 241.667
6 118.462
7 0
8 0
9 0
9
1 0
2 97.6
3 109.818
4 0
5 238.667
6 113.091
7 0
8 0
9 0
9
1 57.1429
2 103
3 109.818
4 0
5 237.455
6 113.091
7 0
8 0
9 0
9
1 0
2 102.4
3 110.462
4 0
5 233.091
6 111.636
7 0
8 0
9 0
9
1 61.7143
2 105.778
3 109.538
4 0
5 230.333
6 110
7 0
8 0
9 0
9
1 0
2 110.182
3 111
4 0
5 229.818
6 106.8
7 0
8 0
9 0
9
1 61.1429
2 0
3 108.364
4 0
5 224.333
6 103.667
7 0
8 0
9 0
9
1 0
2 113
3 108.308
4 66.5
5 223
6 101.333
7 0
8 0
9 0
9
1 69.5
2 114.154
3 108.308
4 66
5 216.923
6 99.5
7 0
8 0
9 0
9
1 69
2 118.545
3 109.333
4 65.7778
5 213.091
6 96
7 0
8 0
9 0
9
1 0
2 119.6
3 106.545
4 68.8889
5 207.333
6 93.3333
7 0
8 0
9 0
9
1 0
2 122.909
3 105.231
4 72.6154
5 202.769
6 90.8571
7 0
8 0
9 0
9
1 81.1429
2 122.545
3 105.231
4 71.3333
5 199.667
6 0
7 0
8 0
9 0
9
1 79.5556
2 124.308
3 105.818
4 69.4545
5 198.4
6 90
7 0
8 0
9 0
9
1 0
2 120.727
3 106.909
4 72.8
5 197.231
6 86.5
7 0
8 0
9 0
9
1 0
2 121.2
3 105.846
4 72.6154
5 190.462
6 85.7143
7 0
8 0
9 0
9
1 0
2 122
3 105.231
4 72.8
5 190.909
6 0
7 0
8 0
9 0
9
1 0
2 125.667
3 106.182
4 72.5
5 187
6 0
7 0
8 0
9 0
9
1 0
2 128.727
3 102.667
4 76
5 183.333
6 0
7 0
8 0
9 0
9
1 87.5556
2 123.692
3 87.0769
4 75.6
5 180.615
6 0
7 0
8 0
9 0
9
1 92
2 122.769
3 0
4 79.1111
5 176.364
6 0
7 0
8 0
9 0
9
1 93.3333
2 118.182
3 0
4 77.7778
5 177.231
6 0
7 0
8 0
9 0
9
1 0
2 110.182
3 82
4 76
5 181.231
6 0
7 0
8 0
9 0
9
1 0
2 99.3333
3 90.7692
4 75.3846
5 180.615
6 79.4286
7 0
8 0
9 0
9
1 90.6667
2 91
3 83.6667
4 75.6
5 179.636
6 0
7 0
8 0
9 0
9
1 90.2857
2 94.8
3 0
4 83
5 180
6 76
7 0
8 0
9 0
9
1 93.7143
2 79.6667
3 0
4 0
5 176.923
6 0
7 0
8 0
9 0
9
1 97.7143
2 0
3 0
4 0
5 174.8
6 0
7 0
8 0
9 0
9
1 99.5
2 0
3 0
4 0
5 169.455
6 0
7 0
8 0
9 0
9
1 0
2 0
3 0
4 0
5 170.154
6 0
7 0
8 0
9 0
9
1 103.111
2 0
3 0
4 0
5 164.615
6 0
7 0
8 0
9 0
9
1 106
2 0
3 0
4 0
5 159.2
6 0
7 0
8 0
9 0
9
1 108.5
2 0
3 0
4 0
5 158.182
6 0
7 0
8 0
9 0
9
1 112
2 0
3 0
4 0
5 157.231
6 0
7 0
8 0
9 0
9
1 111
2 0
3 0
4 0
5 154.462
6 0
7 0
8 0
9 0
9
1 113.2
2 0
3 0
4 0
5 152.727
6 0
7 0
8 0
9 0
9
1 114.5
2 0
3 0
4 0
5 151.667
6 0
7 0
8 0
9 0
9
1 115.429
2 0
3 0
4 0
5 151.667
6 0
7 0
8 0
9 0
9
1 115.429
2 0
3 0
4 0
5 149
6 0
7 0
8 0
9 0
9
1 115.556
2 0
3 0
4 0
5 150.909
6 0
7 0
8 0
9 0
9
1 116.889
2 0
3 0
4 0
5 149.846
6 0
7 0
8 0
9 0
9
1 114.857
2 0
3 0
4 0
5 151.077
6 0
7 0
8 0
9 0
9
1 113.778
2 0
3 0
4 0
5 150.667
6 0
7 0
8 0
9 0
9
1 114
2 0
3 0
4 0
5 152.727
6 0
7 0
8 0
9 0
9
1 114.286
2 0
3 0
4 0
5 153.231
6 0
7 0
8 0
9 0
9
1 113
2 0
3 0
4 0
5 153.846
6 0
7 0
8 0
9 0
9
1 110.5
2 0
3 0
4 0
5 153.455
6 0
7 0
8 0
9 0
9
1 111.636
2 0
3 0
4 0
5 153.333
6 0
7 0
8 0
9 0
9
1 110.286
2 0
3 0
4 0
5 155.692
6 0
7 0
8 0
9 0
9
1 114.222
2 0
3 0
4 0
5 153.538
6 0
7 0
8 0
9 0
9
1 111.5
2 0
3 0
4 0
5 153.818
6 0
7 0
8 0
9 0
9
1 110.5
2 0
3 0
4 0
5 155.667
6 0
7 0
8 0
9 0
9
1 111
2 0
3 0
4 0
5 155.667
6 0
7 0
8 0
9 0
9
1 114.857
2 0
3 0
4 0
5 155
6 0
7 0
8 0
9 0
9
1 107.5
2 0
3 0
4 0
5 154.182
6 0
7 0
8 0
9 0
9
1 108.571
2 0
3 0
4 0
5 155.385
6 0
7 0
8 0
9 0
9
1 109.333
2 71.2
3 0
4 0
5 153.333
6 0
7 0
8 0
9 0
9
1 108.889
2 84.3077
3 0
4 84.5714
5 153.818
6 0
7 0
8 0
9 0
9
1 110
2 99.3846
3 0
4 0
5 154.182
6 0
7 0
8 0
9 0
9
1 0
2 112
3 0
4 0
5 154.667
6 0
7 0
8 0
9 0
