9
1 0
2 0
3 0
4 0
5 0
6 0
7 0
8 0
9 290.333
9
1 0
2 0
3 0
4 0
5 0
6 0
7 0
8 0
9 290.769
9
1 0
2 0
3 0
4 0
5 0
6 0
7 0
8 0
9 289.667
9
1 0
2 0
3 0
4 0
5 0
6 0
7 0
8 0
9 289.091
9
1 0
2 0
3 0
4 0
5 0
6 0
7 0
8 0
9 289.091
9
1 0
2 0
3 0
4 0
5 0
6 0
7 0
8 0
9 0
9
1 0
2 0
3 0
4 0
5 0
6 0
7 0
8 0
9 280.444
9
1 0
2 0
3 0
4 0
5 0
6 0
7 0
8 0
9 287.6
9
1 0
2 0
3 0
4 0
5 0
6 0
7 0
8 0
9 290.333
9
1 0
2 0
3 0
4 0
5 0
6 0
7 0
8 0
9 270
9
1 0
2 0
3 0
4 0
5 0
6 0
7 0
8 0
9 279.2
9
1 0
2 0
3 0
4 0
5 0
6 0
7 0
8 0
9 289.091
9
1 0
2 0
3 0
4 0
5 0
6 0
7 0
8 0
9 289.538
9
1 0
2 0
3 0
4 0
5 0
6 0
7 0
8 0
9 290.154
9
1 0
2 0
3 0
4 0
5 0
6 0
7 0
8 0
9 288.923
9
1 0
2 0
3 0
4 0
5 0
6 0
7 0
8 0
9 290.182
9
1 0
2 0
3 0
4 0
5 0
6 0
7 0
8 0
9 291.385
9
1 0
2 0
3 0
4 0
5 0
6 0
7 0
8 0
9 290.182
9
1 0
2 0
3 0
4 0
5 0
6 0
7 0
8 0
9 290.667
9
1 0
2 0
3 0
4 0
5 0
6 0
7 0
8 0
9 291.6
9
1 0
2 0
3 0
4 0
5 0
6 0
7 0
8 0
9 291.692
9
1 0
2 0
3 0
4 0
5 0
6 0
7 0
8 0
9 290.462
9
1 0
2 0
3 0
4 0
5 0
6 0
7 0
8 0
9 291.273
9
1 0
2 0
3 0
4 0
5 0
6 0
7 0
8 0
9 290.909
9
1 0
2 0
3 0
4 0
5 0
6 0
7 0
8 0
9 291.333
9
1 0
2 0
3 0
4 0
5 0
6 0
7 0
8 0
9 289.846
9
1 0
2 0
3 0
4 0
5 0
6 0
7 0
8 0
9 292
9
1 0
2 0
3 0
4 0
5 0
6 0
7 0
8 0
9 289.818
9
1 0
2 0
3 0
4 0
5 0
6 0
7 0
8 0
9 292.308
9
1 0
2 0
3 0
4 0
5 0
6 0
7 0
8 0
9 290.769
9
1 0
2 0
3 0
4 0
5 0
6 0
7 0
8 0
9 290
9
1 0
2 0
3 0
4 0
5 0
6 0
7 0
8 0
9 289.455
9
1 0
2 0
3 0
4 0
5 0
6 0
7 0
8 0
9 289.091
9
1 0
2 0
3 0
4 0
5 0
6 0
7 0
8 0
9 289.333
9
1 0
2 0
3 0
4 0
5 0
6 0
7 0
8 0
9 290.4
9
1 0
2 0
3 0
4 0
5 0
6 0
7 0
8 0
9 288.364
9
1 0
2 0
3 0
4 0
5 0
6 0
7 0
8 0
9 289.091
9
1 0
2 0
3 0
4 0
5 0
6 0
7 0
8 0
9 288.923
9
1 0
2 0
3 0
4 0
5 0
6 0
7 0
8 0
9 290.4
9
1 0
2 0
3 0
4 0
5 0
6 0
7 0
8 0
9 288.923
9
1 0
2 0
3 0
4 0
5 0
6 0
7 0
8 0
9 288.667
9
1 0
2 0
3 0
4 0
5 0
6 0
7 0
8 0
9 287.333
9
1 0
2 0
3 0
4 0
5 0
6 0
7 0
8 0
9 285.818
9
1 0
2 0
3 0
4 0
5 0
6 0
7 0
8 0
9 289.846
9
1 0
2 0
3 0
4 0
5 0
6 0
7 0
8 0
9 290
9
1 0
2 0
3 0
4 0
5 0
6 0
7 0
8 0
9 286.909
9
1 0
2 0
3 0
4 0
5 0
6 0
7 0
8 0
9 287.636
9
1 0
2 0
3 0
4 0
5 0
6 0
7 0
8 0
9 288.667
9
1 0
2 0
3 0
4 0
5 0
6 0
7 0
8 0
9 285
9
1 0
2 0
3 0
4 0
5 0
6 0
7 0
8 0
9 286
9
1 0
2 0
3 0
4 0
5 0
6 0
7 0
8 0
9 287
9
1 0
2 0
3 0
4 0
5 0
6 0
7 0
8 0
9 284
9
1 0
2 0
3 0
4 0
5 0
6 0
7 0
8 0
9 287
9
1 0
2 0
3 0
4 0
5 0
6 0
7 0
8 0
9 282.667
9
1 0
2 0
3 0
4 0
5 0
6 0
7 0
8 0
9 285.667
9
1 0
2 0
3 0
4 0
5 0
6 0
7 0
8 0
9 286.909
9
1 0
2 0
3 0
4 0
5 0
6 0
7 0
8 0
9 284
9
1 0
2 0
3 0
4 0
5 0
6 0
7 0
8 0
9 283.556
9
1 0
2 0
3 0
4 0
5 0
6 0
7 0
8 0
9 284.727
9
1 0
2 0
3 0
4 0
5 0
6 0
7 0
8 0
9 282.667
9
1 0
2 0
3 0
4 0
5 0
6 0
7 0
8 0
9 281.778
9
1 0
2 0
3 0
4 0
5 0
6 0
7 0
8 0
9 281.455
9
1 0
2 0
3 0
4 0
5 0
6 0
7 0
8 0
9 281.333
9
1 0
2 0
3 0
4 0
5 0
6 0
7 0
8 0
9 280.667
9
1 0
2 0
3 0
4 0
5 0
6 0
7 0
8 0
9 279.5
9
1 0
2 0
3 0
4 0
5 0
6 0
7 0
8 0
9 278.462
9
1 0
2 0
3 0
4 0
5 0
6 0
7 0
8 0
9 276
9
1 0
2 0
3 0
4 0
5 0
6 0
7 0
8 0
9 276.667
9
1 0
2 0
3 0
4 0
5 0
6 0
7 0
8 0
9 276
9
1 0
2 0
3 0
4 0
5 0
6 0
7 0
8 0
9 274
9
1 0
2 0
3 0
4 0
5 0
6 0
7 0
8 0
9 275.077
9
1 0
2 0
3 0
4 0
5 0
6 0
7 0
8 0
9 273
9
1 0
2 0
3 0
4 0
5 0
6 0
7 0
8 0
9 269.455
9
1 0
2 0
3 0
4 0
5 0
6 0
7 0
8 0
9 269.667
9
1 0
2 0
3 0
4 0
5 0
6 0
7 0
8 0
9 268.333
9
1 0
2 0
3 0
4 0
5 0
6 158.286
7 0
8 0
9 266.182
9
1 0
2 0
3 0
4 0
5 0
6 0
7 0
8 0
9 262
9
1 0
2 0
3 0
4 0
5 0
6 0
7 0
8 0
9 263.077
9
1 0
2 0
3 0
4 0
5 0
6 0
7 0
8 0
9 260
9
1 0
2 0
3 0
4 0
5 0
6 164
7 0
8 0
9 258.4
9
1 0
2 0
3 0
4 0
5 0
6 167
7 0
8 0
9 257.231
9
1 0
2 0
3 0
4 0
5 0
6 0
7 0
8 0
9 254.667
9
1 0
2 0
3 0
4 0
5 0
6 164
7 0
8 0
9 255.077
9
1 0
2 0
3 0
4 0
5 0
6 167.2
7 0
8 0
9 253.818
9
1 0
2 0
3 0
4 0
5 0
6 0
7 0
8 0
9 252
9
1 0
2 0
3 0
4 0
5 0
6 0
7 0
8 0
9 250.909
9
1 0
2 0
3 0
4 0
5 0
6 171.5
7 0
8 0
9 246.333
9
1 0
2 0
3 0
4 0
5 0
6 170
7 0
8 0
9 244.364
9
1 0
2 0
3 0
4 0
5 0
6 168.444
7 0
8 0
9 241.667
9
1 0
2 0
3 0
4 0
5 0
6 0
7 0
8 0
9 241.231
9
1 0
2 0
3 0
4 0
5 0
6 180.889
7 0
8 0
9 237.818
9
1 0
2 0
3 0
4 0
5 0
6 174
7 0
8 0
9 235.333
9
1 0
2 0
3 0
4 0
5 0
6 0
7 0
8 0
9 234.462
9
1 0
2 0
3 0
4 0
5 0
6 173.091
7 0
8 0
9 232.615
9
1 0
2 0
3 0
4 0
5 0
6 175.6
7 0
8 0
9 227.556
9
1 0
2 0
3 0
4 0
5 0
6 176.889
7 0
8 0
9 223.273
9
1 0
2 0
3 0
4 0
5 0
6 180.5
7 0
8 0
9 217.455
9
1 0
2 0
3 0
4 0
5 0
6 177.091
7 0
8 0
9 217.231
9
1 0
2 0
3 0
4 0
5 0
6 180.889
7 0
8 0
9 216.444
9
1 0
2 0
3 0
4 0
5 0
6 179.5
7 0
8 0
9 210.769
9
1 0
2 0
3 0
4 0
5 0
6 0
7 0
8 0
9 211.333
9
1 0
2 0
3 0
4 0
5 0
6 184
7 0
8 0
9 207.667
9
1 0
2 0
3 0
4 0
5 0
6 0
7 0
8 0
9 204
9
1 0
2 0
3 0
4 0
5 0
6 178.5
7 0
8 0
9 201.667
9
1 0
2 0
3 0
4 0
5 155.429
6 185.091
7 0
8 0
9 196
9
1 0
2 0
3 0
4 0
5 161.714
6 184.571
7 0
8 0
9 193.667
9
1 0
2 0
3 0
4 0
5 0
6 0
7 0
8 0
9 0
9
1 0
2 0
3 0
4 0
5 0
6 0
7 0
8 0
9 191.429
9
1 0
2 0
3 0
4 0
5 162.286
6 182.8
7 0
8 0
9 187.385
9
1 0
2 0
3 0
4 0
5 163.556
6 183.111
7 0
8 0
9 185.333
9
1 0
2 0
3 0
4 0
5 164.4
6 0
7 0
8 0
9 183
9
1 0
2 0
3 0
4 0
5 169.714
6 0
7 0
8 0
9 181.818
9
1 0
2 0
3 0
4 0
5 170.667
6 184.889
7 0
8 0
9 178
9
1 0
2 0
3 0
4 0
5 171.556
6 0
7 0
8 0
9 177.714
9
1 0
2 0
3 0
4 0
5 173.6
6 185.714
7 0
8 0
9 177.143
9
1 0
2 0
3 0
4 0
5 175
6 0
7 0
8 0
9 0
9
1 0
2 0
3 0
4 0
5 179.273
6 0
7 0
8 0
9 171.6
9
1 0
2 0
3 0
4 0
5 181.538
6 186
7 0
8 0
9 0
9
1 0
2 0
3 0
4 0
5 184.667
6 0
7 0
8 0
9 0
9
1 0
2 0
3 0
4 0
5 186.909
6 185.143
7 0
8 0
9 0
9
1 0
2 0
3 0
4 0
5 188.364
6 186.5
7 0
8 0
9 0
9
1 0
2 0
3 0
4 0
5 191
6 196
7 0
8 0
9 0
9
1 0
2 0
3 0
4 0
5 193.333
6 0
7 0
8 0
9 0
9
1 0
2 0
3 0
4 0
5 194.545
6 185.5
7 0
8 0
9 0
9
1 0
2 0
3 0
4 0
5 0
6 0
7 0
8 0
9 0
9
1 0
2 0
3 0
4 0
5 0
6 0
7 0
8 0
9 0
9
1 0
2 0
3 0
4 0
5 0
6 0
7 0
8 0
9 0
9
1 0
2 0
3 0
4 0
5 204
6 186.5
7 0
8 0
9 0
9
1 0
2 0
3 0
4 0
5 206.154
6 186.8
7 0
8 0
9 0
9
1 0
2 0
3 0
4 0
5 208.727
6 195.5
7 0
8 0
9 0
9
1 0
2 0
3 0
4 0
5 210.909
6 0
7 0
8 0
9 0
9
1 0
2 0
3 0
4 0
5 214.545
6 183.429
7 0
8 0
9 0
9
1 0
2 0
3 0
4 0
5 217.538
6 186.286
7 0
8 0
9 0
9
1 0
2 0
3 0
4 0
5 217.2
6 0
7 0
8 0
9 0
9
1 0
2 0
3 0
4 0
5 222.667
6 0
7 0
8 0
9 0
9
1 0
2 0
3 0
4 0
5 219.111
6 0
7 0
8 0
9 0
9
1 0
2 0
3 0
4 0
5 223.692
6 0
7 0
8 0
9 0
9
1 0
2 0
3 0
4 0
5 226.154
6 0
7 0
8 0
9 0
9
1 0
2 0
3 0
4 0
5 225.2
6 0
7 0
8 0
9 0
9
1 0
2 0
3 0
4 0
5 227.333
6 0
7 0
8 0
9 0
9
1 0
2 0
3 0
4 0
5 231
6 0
7 0
8 0
9 0
9
1 0
2 0
3 0
4 0
5 232.333
6 0
7 0
8 0
9 0
9
1 0
2 0
3 0
4 0
5 234.4
6 0
7 0
8 0
9 0
9
1 0
2 0
3 0
4 0
5 238.182
6 0
7 0
8 0
9 0
9
1 0
2 0
3 0
4 0
5 0
6 0
7 0
8 0
9 0
9
1 0
2 0
3 0
4 0
5 0
6 0
7 0
8 0
9 0
9
1 0
2 0
3 0
4 0
5 236.727
6 0
7 0
8 0
9 0
9
1 0
2 0
3 0
4 0
5 238.333
6 0
7 0
8 0
9 0
9
1 0
2 0
3 0
4 0
5 240.4
6 0
7 0
8 0
9 0
9
1 0
2 0
3 0
4 0
5 242.545
6 0
7 0
8 0
9 0
9
1 0
2 0
3 0
4 0
5 243.667
6 0
7 0
8 0
9 0
9
1 0
2 0
3 0
4 0
5 246.545
6 0
7 0
8 0
9 0
9
1 0
2 0
3 0
4 0
5 248.615
6 0
7 0
8 0
9 0
9
1 0
2 0
3 0
4 0
5 0
6 0
7 0
8 0
9 0
9
1 0
2 0
3 0
4 0
5 0
6 0
7 0
8 0
9 0
9
1 0
2 0
3 0
4 0
5 243.429
6 0
7 0
8 0
9 0
9
1 0
2 0
3 0
4 0
5 252.364
6 0
7 0
8 0
9 0
9
1 0
2 0
3 0
4 0
5 251.429
6 0
7 0
8 0
9 0
9
1 0
2 0
3 0
4 0
5 251.385
6 0
7 0
8 0
9 0
9
1 0
2 0
3 0
4 0
5 252.308
6 0
7 0
8 0
9 0
9
1 0
2 0
3 0
4 0
5 254.8
6 0
7 0
8 0
9 0
9
1 0
2 0
3 0
4 0
5 251.556
6 0
7 0
8 0
9 0
9
1 0
2 0
3 0
4 0
5 253
6 0
7 0
8 0
9 0
9
1 0
2 0
3 0
4 0
5 254.333
6 0
7 0
8 0
9 0
9
1 0
2 0
3 0
4 0
5 252.364
6 0
7 0
8 0
9 0
9
1 0
2 0
3 0
4 0
5 245.818
6 0
7 0
8 0
9 0
9
1 0
2 0
3 0
4 0
5 254.222
6 0
7 0
8 0
9 0
9
1 0
2 0
3 0
4 0
5 255.692
6 0
7 0
8 0
9 0
9
1 0
2 0
3 0
4 0
5 256.727
6 0
7 0
8 0
9 0
9
1 0
2 0
3 0
4 0
5 253.333
6 0
7 0
8 0
9 0
9
1 0
2 0
3 0
4 0
5 255.692
6 0
7 0
8 0
9 0
9
1 0
2 0
3 0
4 0
5 0
6 0
7 0
8 0
9 0
9
1 0
2 0
3 0
4 0
5 253.714
6 0
7 0
8 0
9 0
9
1 0
2 0
3 0
4 0
5 256.444
6 0
7 0
8 0
9 0
9
1 0
2 0
3 0
4 0
5 260.364
6 0
7 0
8 0
9 0
9
1 0
2 0
3 0
4 0
5 260
6 0
7 0
8 0
9 0
9
1 0
2 0
3 0
4 0
5 259
6 0
7 0
8 0
9 0
9
1 0
2 0
3 0
4 0
5 259.692
6 0
7 0
8 0
9 0
9
1 0
2 0
3 0
4 0
5 258.154
6 0
7 0
8 0
9 0
9
1 0
2 0
3 0
4 0
5 258
6 0
7 0
8 0
9 0
9
1 0
2 0
3 0
4 0
5 262
6 0
7 0
8 0
9 0
9
1 0
2 0
3 0
4 0
5 261.455
6 0
7 0
8 0
9 0
9
1 0
2 0
3 0
4 0
5 260.333
6 0
7 0
8 0
9 0
9
1 0
2 0
3 0
4 0
5 261.091
6 0
7 0
8 0
9 0
9
1 0
2 0
3 0
4 0
5 260.923
6 0
7 0
8 0
9 0
9
1 0
2 0
3 0
4 0
5 260
6 0
7 0
8 0
9 0
9
1 0
2 0
3 0
4 0
5 258
6 0
7 0
8 0
9 0
9
1 0
2 0
3 0
4 0
5 258.909
6 0
7 0
8 0
9 0
9
1 0
2 0
3 0
4 0
5 257.538
6 0
7 0
8 0
9 0
9
1 0
2 0
3 0
4 0
5 257.846
6 0
7 0
8 0
9 0
9
1 0
2 0
3 0
4 0
5 258
6 0
7 0
8 0
9 0
9
1 0
2 0
3 0
4 0
5 257.6
6 0
7 0
8 0
9 0
9
1 0
2 0
3 0
4 0
5 256.333
6 0
7 0
8 0
9 0
9
1 0
2 0
3 0
4 0
5 255
6 0
7 0
8 0
9 0
9
1 0
2 0
3 0
4 0
5 254.545
6 0
7 0
8 0
9 0
9
1 0
2 0
3 0
4 0
5 253.846
6 0
7 0
8 0
9 0
9
1 0
2 0
3 0
4 0
5 252.667
6 0
7 0
8 0
9 0
9
1 0
2 0
3 0
4 0
5 250.769
6 0
7 0
8 0
9 0
9
1 0
2 0
3 0
4 0
5 249.333
6 0
7 0
8 0
9 0
9
1 0
2 0
3 0
4 0
5 250
6 0
7 0
8 0
9 0
9
1 0
2 0
3 0
4 0
5 248
6 0
7 0
8 0
9 0
9
1 0
2 0
3 0
4 0
5 244.667
6 0
7 0
8 0
9 0
9
1 0
2 0
3 0
4 0
5 245.6
6 0
7 0
8 0
9 0
9
1 0
2 0
3 0
4 0
5 246
6 0
7 0
8 0
9 0
9
1 0
2 0
3 0
4 0
5 245.231
6 0
7 0
8 0
9 0
9
1 0
2 0
3 0
4 0
5 243.636
6 0
7 0
8 0
9 0
9
1 0
2 0
3 0
4 0
5 240.667
6 0
7 0
8 0
9 0
9
1 0
2 0
3 0
4 0
5 240
6 0
7 0
8 0
9 0
9
1 0
2 0
3 0
4 0
5 236.923
6 0
7 0
8 0
9 0
9
1 0
2 0
3 0
4 0
5 236.727
6 0
7 0
8 0
9 0
9
1 0
2 0
3 0
4 0
5 234
6 0
7 0
8 0
9 0
9
1 0
2 0
3 0
4 0
5 232.308
6 0
7 0
8 0
9 0
9
1 0
2 0
3 0
4 0
5 230.333
6 0
7 0
8 0
9 0
9
1 0
2 0
3 0
4 0
5 0
6 0
7 0
8 0
9 0
9
1 0
2 0
3 0
4 0
5 0
6 0
7 0
8 0
9 0
9
1 0
2 0
3 0
4 0
5 0
6 0
7 0
8 0
9 0
9
1 0
2 0
3 0
4 0
5 0
6 0
7 0
8 0
9 0
9
1 0
2 0
3 0
4 0
5 0
6 0
7 0
8 0
9 0
9
1 0
2 0
3 0
4 0
5 0
6 0
7 0
8 0
9 0
9
1 0
2 0
3 0
4 0
5 0
6 0
7 0
8 0
9 0
9
1 0
2 0
3 0
4 0
5 0
6 0
7 0
8 0
9 0
9
1 0
2 0
3 0
4 0
5 0
6 0
7 0
8 0
9 0
9
1 0
2 0
3 0
4 0
5 0
6 0
7 0
8 0
9 0
9
1 0
2 0
3 0
4 0
5 0
6 0
7 0
8 0
9 0
9
1 0
2 0
3 0
4 0
5 0
6 0
7 0
8 0
9 0
9
1 0
2 0
3 0
4 0
5 0
6 0
7 0
8 0
9 0
9
1 0
2 0
3 0
4 0
5 0
6 0
7 0
8 0
9 0
9
1 0
2 0
3 0
4 0
5 0
6 0
7 0
8 0
9 0
9
1 0
2 0
3 0
4 0
5 193.143
6 0
7 0
8 0
9 0
9
1 0
2 0
3 0
4 0
5 193.455
6 0
7 0
8 0
9 0
9
1 0
2 0
3 0
4 0
5 188.5
6 0
7 0
8 0
9 0
9
1 0
2 0
3 0
4 0
5 187.333
6 0
7 0
8 0
9 0
9
1 0
2 0
3 0
4 0
5 185.6
6 0
7 0
8 0
9 0
9
1 0
2 0
3 0
4 0
5 184.615
6 0
7 0
8 0
9 0
9
1 0
2 0
3 0
4 0
5 181.2
6 0
7 0
8 0
9 0
9
1 0
2 0
3 0
4 0
5 181.455
6 0
7 0
8 0
9 0
9
1 0
2 0
3 0
4 0
5 177
6 0
7 0
8 0
9 0
9
1 0
2 0
3 0
4 0
5 176.364
6 0
7 0
8 0
9 0
9
1 0
2 0
3 0
4 0
5 171
6 0
7 0
8 0
9 0
9
1 0
2 0
3 0
4 0
5 0
6 0
7 0
8 0
9 0
9
1 0
2 0
3 0
4 0
5 165.333
6 0
7 0
8 0
9 0
9
1 0
2 0
3 0
4 0
5 0
6 0
7 0
8 0
9 0
9
1 0
2 0
3 0
4 0
5 0
6 0
7 0
8 0
9 0
9
1 0
2 0
3 0
4 0
5 0
6 0
7 0
8 0
9 0
9
1 0
2 0
3 0
4 0
5 162.857
6 0
7 0
8 0
9 0
9
1 0
2 0
3 0
4 0
5 0
6 0
7 0
8 0
9 0
9
1 0
2 0
3 0
4 0
5 0
6 0
7 0
8 0
9 0
9
1 0
2 0
3 0
4 0
5 0
6 0
7 0
8 0
9 0
9
1 0
2 0
3 0
4 0
5 0
6 0
7 0
8 0
9 0
9
1 0
2 0
3 0
4 0
5 0
6 0
7 0
8 0
9 0
9
1 0
2 0
3 0
4 0
5 0
6 0
7 0
8 0
9 0
9
1 0
2 0
3 0
4 0
5 0
6 0
7 0
8 0
9 0
9
1 0
2 0
3 0
4 0
5 0
6 0
7 0
8 0
9 0
9
1 0
2 0
3 0
4 0
5 0
6 0
7 0
8 0
9 0
9
1 0
2 0
3 0
4 0
5 0
6 0
7 0
8 0
9 0
9
1 0
2 0
3 0
4 0
5 0
6 0
7 0
8 0
9 0
9
1 0
2 0
3 0
4 0
5 0
6 0
7 0
8 0
9 0
9
1 0
2 0
3 0
4 0
5 0
6 0
7 0
8 0
9 0
9
1 0
2 0
3 0
4 0
5 0
6 0
7 0
8 0
9 0
9
1 0
2 0
3 0
4 0
5 0
6 0
7 0
8 0
9 0
9
1 0
2 0
3 0
4 0
5 0
6 0
7 0
8 0
9 0
9
1 0
2 0
3 0
4 0
5 0
6 0
7 0
8 0
9 0
9
1 0
2 0
3 0
4 0
5 0
6 0
7 0
8 0
9 0
9
1 0
2 0
3 0
4 0
5 0
6 0
7 0
8 0
9 0
9
1 0
2 0
3 0
4 0
5 0
6 0
7 0
8 0
9 0
9
1 0
2 0
3 0
4 0
5 0
6 0
7 0
8 0
9 0
9
1 0
2 0
3 0
4 0
5 0
6 0
7 0
8 0
9 0
9
1 0
2 0
3 0
4 0
5 0
6 0
7 0
8 0
9 0
9
1 0
2 0
3 0
4 0
5 0
6 0
7 0
8 0
9 0
9
1 152
2 0
3 0
4 0
5 0
6 0
7 0
8 0
9 0
9
1 157.143
2 0
3 0
4 0
5 0
6 0
7 0
8 0
9 0
9
1 0
2 0
3 0
4 0
5 0
6 0
7 0
8 0
9 0
9
1 0
2 0
3 0
4 0
5 0
6 0
7 0
8 0
9 0
9
1 0
2 0
3 0
4 0
5 0
6 0
7 0
8 0
9 0
9
1 0
2 0
3 0
4 0
5 0
6 0
7 0
8 0
9 0
9
1 0
2 0
3 0
4 0
5 0
6 0
7 0
8 0
9 0
9
1 0
2 0
3 0
4 0
5 0
6 0
7 0
8 0
9 0
9
1 0
2 0
3 0
4 0
5 0
6 0
7 0
8 0
9 0
9
1 0
2 0
3 0
4 0
5 0
6 0
7 0
8 0
9 0
9
1 0
2 0
3 0
4 0
5 0
6 0
7 0
8 0
9 0
9
1 0
2 0
3 0
4 0
5 0
6 0
7 0
8 0
9 0
9
1 0
2 0
3 0
4 0
5 0
6 0
7 0
8 0
9 0
9
1 173.714
2 0
3 0
4 0
5 0
6 0
7 0
8 0
9 0
9
1 0
2 0
3 0
4 0
5 0
6 0
7 0
8 0
9 0
9
1 0
2 0
3 0
4 0
5 0
6 0
7 0
8 0
9 0
9
1 0
2 0
3 0
4 0
5 0
6 0
7 0
8 0
9 0
9
1 0
2 0
3 0
4 0
5 0
6 0
7 0
8 0
9 0
9
1 0
2 0
3 0
4 0
5 0
6 0
7 0
8 0
9 0
9
1 0
2 0
3 0
4 0
5 0
6 0
7 0
8 0
9 0
9
1 0
2 0
3 0
4 0
5 0
6 0
7 0
8 0
9 0
9
1 0
2 0
3 0
4 0
5 0
6 0
7 0
8 0
9 0
9
1 0
2 0
3 0
4 0
5 0
6 0
7 0
8 0
9 0
9
1 0
2 0
3 0
4 0
5 0
6 0
7 0
8 0
9 0
9
1 0
2 0
3 0
4 0
5 0
6 0
7 0
8 0
9 0
9
1 0
2 0
3 0
4 0
5 0
6 0
7 0
8 0
9 0
9
1 0
2 0
3 0
4 0
5 0
6 0
7 0
8 0
9 0
9
1 0
2 0
3 0
4 0
5 0
6 0
7 0
8 0
9 0
9
1 0
2 0
3 0
4 0
5 0
6 0
7 0
8 0
9 0
9
1 0
2 0
3 0
4 0
5 0
6 0
7 0
8 0
9 0
9
1 0
2 0
3 0
4 0
5 0
6 0
7 0
8 0
9 0
9
1 0
2 0
3 0
4 0
5 0
6 0
7 0
8 0
9 0
9
1 0
2 0
3 0
4 0
5 0
6 0
7 0
8 0
9 0
9
1 206.857
2 0
3 0
4 0
5 0
6 0
7 0
8 0
9 0
9
1 0
2 0
3 0
4 0
5 0
6 0
7 0
8 0
9 0
9
1 0
2 0
3 0
4 0
5 0
6 0
7 0
8 0
9 0
9
1 0
2 0
3 0
4 0
5 0
6 0
7 0
8 0
9 0
9
1 0
2 0
3 0
4 0
5 0
6 0
7 0
8 0
9 0
9
1 0
2 0
3 0
4 0
5 0
6 0
7 0
8 0
9 0
9
1 0
2 0
3 0
4 0
5 0
6 0
7 0
8 0
9 0
9
1 221
2 0
3 0
4 0
5 0
6 0
7 0
8 0
9 0
9
1 224.444
2 0
3 0
4 0
5 0
6 0
7 0
8 0
9 0
9
1 0
2 0
3 0
4 0
5 0
6 0
7 0
8 0
9 0
9
1 0
2 0
3 0
4 0
5 0
6 0
7 0
8 0
9 0
9
1 0
2 0
3 0
4 0
5 0
6 0
7 0
8 0
9 0
9
1 0
2 0
3 0
4 0
5 0
6 0
7 0
8 0
9 0
9
1 0
2 0
3 0
4 0
5 0
6 0
7 0
8 0
9 0
9
1 223.273
2 0
3 0
4 0
5 0
6 0
7 0
8 0
9 0
9
1 224.308
2 0
3 0
4 0
5 0
6 0
7 0
8 0
9 0
9
1 0
2 0
3 0
4 0
5 0
6 0
7 0
8 0
9 0
9
1 224.4
2 0
3 0
4 0
5 0
6 0
7 0
8 0
9 0
9
1 225.091
2 0
3 0
4 0
5 0
6 0
7 0
8 0
9 0
9
1 225
2 0
3 0
4 0
5 0
6 0
7 0
8 0
9 0
9
1 224
2 0
3 0
4 0
5 0
6 0
7 0
8 0
9 0
9
1 223.636
2 0
3 0
4 0
5 0
6 0
7 0
8 0
9 0
9
1 223.077
2 0
3 0
4 0
5 0
6 0
7 0
8 0
9 0
9
1 224.333
2 0
3 0
4 0
5 0
6 0
7 0
8 0
9 0
9
1 221.091
2 0
3 0
4 0
5 0
6 0
7 0
8 0
9 0
9
1 222
2 0
3 0
4 0
5 0
6 0
7 0
8 0
9 0
9
1 225.333
2 0
3 0
4 0
5 0
6 0
7 0
8 0
9 0
9
1 223.667
2 0
3 0
4 0
5 0
6 0
7 0
8 0
9 0
9
1 227.385
2 0
3 0
4 0
5 0
6 0
7 0
8 0
9 0
9
1 225.6
2 0
3 0
4 0
5 0
6 0
7 0
8 0
9 0
9
1 226.462
2 0
3 0
4 0
5 0
6 0
7 0
8 0
9 0
9
1 225
2 0
3 0
4 0
5 0
6 0
7 0
8 0
9 0
9
1 227.273
2 0
3 0
4 0
5 0
6 0
7 0
8 0
9 0
9
1 227.6
2 0
3 0
4 0
5 0
6 0
7 0
8 0
9 0
9
1 227.077
2 0
3 0
4 0
5 0
6 0
7 0
8 0
9 0
9
1 227
2 0
3 0
4 0
5 0
6 0
7 0
8 0
9 0
9
1 228.727
2 0
3 0
4 0
5 0
6 0
7 0
8 0
9 0
9
1 228
2 0
3 0
4 0
5 0
6 0
7 0
8 0
9 0
9
1 229.846
2 0
3 0
4 0
5 0
6 0
7 0
8 0
9 0
9
1 229.667
2 0
3 0
4 0
5 0
6 0
7 0
8 0
9 0
9
1 232.444
2 0
3 0
4 0
5 0
6 0
7 0
8 0
9 0
9
1 229.538
2 0
3 0
4 0
5 0
6 0
7 0
8 0
9 0
9
1 232
2 0
3 0
4 0
5 0
6 0
7 0
8 0
9 0
9
1 233.455
2 0
3 0
4 0
5 0
6 0
7 0
8 0
9 0
9
1 232.444
2 0
3 0
4 0
5 0
6 0
7 0
8 0
9 0
9
1 234.154
2 0
3 0
4 0
5 0
6 0
7 0
8 0
9 0
9
1 234.182
2 0
3 0
4 0
5 0
6 0
7 0
8 0
9 0
9
1 234.545
2 0
3 0
4 0
5 0
6 0
7 0
8 0
9 0
9
1 236.364
2 0
3 0
4 0
5 0
6 0
7 0
8 0
9 0
9
1 236
2 0
3 0
4 0
5 0
6 0
7 0
8 0
9 0
9
1 236
2 0
3 0
4 0
5 0
6 0
7 0
8 0
9 0
9
1 237.091
2 0
3 0
4 0
5 0
6 0
7 0
8 0
9 0
9
1 235.667
2 0
3 0
4 0
5 0
6 0
7 0
8 0
9 0
