9
1 0
2 0
3 0
4 0
5 0
6 101.143
7 0
8 0
9 301.231
9
1 0
2 0
3 0
4 0
5 0
6 100.889
7 0
8 0
9 301.455
9
1 0
2 0
3 0
4 0
5 0
6 100.889
7 0
8 0
9 301.818
9
1 0
2 0
3 0
4 0
5 0
6 100
7 0
8 0
9 301.091
9
1 0
2 0
3 0
4 0
5 0
6 103.556
7 0
8 78.2222
9 301.091
9
1 0
2 0
3 0
4 0
5 0
6 105.778
7 0
8 0
9 302.222
9
1 0
2 0
3 0
4 0
5 0
6 110.286
7 0
8 0
9 302.154
9
1 0
2 0
3 0
4 0
5 0
6 111
7 0
8 82.8571
9 302.154
9
1 0
2 0
3 0
4 0
5 0
6 115.111
7 0
8 0
9 300.727
9
1 0
2 0
3 0
4 0
5 0
6 116.444
7 0
8 0
9 298.4
9
1 0
2 0
3 0
4 0
5 0
6 0
7 0
8 85.1429
9 300.333
9
1 0
2 0
3 0
4 0
5 0
6 121.143
7 0
8 85
9 300.615
9
1 0
2 0
3 0
4 0
5 0
6 127.111
7 0
8 86.8
9 299.636
9
1 0
2 0
3 0
4 0
5 0
6 125.143
7 0
8 90.5
9 301
9
1 0
2 0
3 0
4 0
5 0
6 128.889
7 0
8 0
9 298.769
9
1 0
2 0
3 0
4 0
5 0
6 132
7 0
8 90.6667
9 299.077
9
1 0
2 0
3 0
4 0
5 0
6 137.667
7 0
8 93.1429
9 299.273
9
1 0
2 0
3 0
4 0
5 0
6 140
7 0
8 96
9 296
9
1 0
2 0
3 0
4 0
5 0
6 140.889
7 0
8 95.1111
9 297.538
9
1 0
2 0
3 0
4 0
5 0
6 144.333
7 0
8 95.5
9 294.4
9
1 0
2 0
3 0
4 0
5 0
6 148.667
7 0
8 0
9 296.444
9
1 0
2 0
3 0
4 0
5 0
6 152.444
7 0
8 100
9 292
9
1 0
2 0
3 0
4 0
5 0
6 153.846
7 0
8 101.333
9 292.308
9
1 0
2 0
3 0
4 0
5 0
6 154.462
7 0
8 99.6
9 290.333
9
1 0
2 0
3 0
4 0
5 0
6 155.385
7 0
8 101.714
9 289.818
9
1 0
2 0
3 0
4 0
5 0
6 159.636
7 0
8 100
9 289.455
9
1 0
2 0
3 0
4 0
5 93.1429
6 158.909
7 0
8 99.6
9 287.385
9
1 0
2 0
3 0
4 0
5 0
6 160.364
7 0
8 101.5
9 286.182
9
1 0
2 0
3 0
4 0
5 95.4286
6 163.273
7 0
8 0
9 284
9
1 0
2 0
3 0
4 0
5 98.2857
6 164.889
7 0
8 104.889
9 284
9
1 0
2 0
3 0
4 0
5 97.1429
6 168
7 0
8 104
9 278.667
9
1 0
2 0
3 0
4 0
5 0
6 170.182
7 0
8 0
9 276
9
1 0
2 0
3 0
4 0
5 0
6 172
7 0
8 105.714
9 272.727
9
1 0
2 0
3 0
4 0
5 107.429
6 171.2
7 0
8 108
9 273.667
9
1 0
2 0
3 0
4 0
5 110.286
6 174.769
7 0
8 106.5
9 269.538
9
1 0
2 0
3 0
4 0
5 0
6 175.385
7 0
8 0
9 268.364
9
1 0
2 0
3 0
4 0
5 0
6 175.636
7 0
8 108
9 264.727
9
1 0
2 0
3 0
4 0
5 116
6 177.538
7 0
8 108.8
9 262.545
9
1 0
2 0
3 0
4 0
5 0
6 178.667
7 0
8 109.2
9 259.333
9
1 0
2 0
3 0
4 0
5 119.429
6 179.385
7 0
8 109.143
9 256.364
9
1 0
2 0
3 0
4 0
5 0
6 181.818
7 0
8 109.2
9 252
9
1 0
2 0
3 0
4 0
5 124.444
6 181.846
7 0
8 109.667
9 246
9
1 0
2 0
3 0
4 0
5 128.444
6 185.231
7 0
8 110
9 244
9
1 0
2 0
3 0
4 0
5 130.667
6 185
7 0
8 0
9 239
9
1 0
2 0
3 0
4 0
5 0
6 185.818
7 0
8 110.8
9 239.692
9
1 0
2 0
3 0
4 0
5 134.857
6 187.077
7 0
8 109
9 238.154
9
1 0
2 0
3 0
4 0
5 136.571
6 188
7 0
8 108.889
9 230.545
9
1 0
2 0
3 0
4 0
5 140
6 190.182
7 0
8 107.111
9 229.538
9
1 0
2 0
3 0
4 0
5 0
6 190
7 0
8 110.667
9 222.154
9
1 0
2 0
3 0
4 0
5 148.571
6 191.385
7 0
8 109.818
9 215.692
9
1 0
2 0
3 0
4 0
5 149.333
6 192.308
7 0
8 110.8
9 215.636
9
1 0
2 0
3 0
4 0
5 151.5
6 193.091
7 0
8 111.111
9 211.385
9
1 0
2 0
3 0
4 0
5 157.143
6 193.846
7 0
8 108.889
9 203.077
9
1 0
2 0
3 0
4 0
5 163.5
6 197.231
7 0
8 110.4
9 192
9
1 0
2 0
3 0
4 0
5 170.667
6 196
7 0
8 0
9 187.636
9
1 0
2 0
3 0
4 0
5 178.286
6 199.273
7 0
8 108.889
9 180
9
1 0
2 0
3 0
4 0
5 184
6 199.077
7 0
8 108
9 175.385
9
1 0
2 0
3 0
4 0
5 188.444
6 199.692
7 0
8 108
9 168.333
9
1 0
2 0
3 0
4 0
5 191.2
6 198.462
7 0
8 106.667
9 165.091
9
1 0
2 0
3 0
4 0
5 193.5
6 200
7 0
8 107.111
9 161
9
1 0
2 0
3 0
4 0
5 199.556
6 200.615
7 0
8 105.778
9 159.077
9
1 0
2 0
3 0
4 0
5 200.4
6 200
7 0
8 107.2
9 156.727
9
1 0
2 0
3 0
4 0
5 202.667
6 199.692
7 0
8 104
9 152.4
9
1 0
2 0
3 0
4 0
5 206.5
6 200.364
7 0
8 104.5
9 151
9
1 0
2 0
3 0
4 0
5 209.5
6 198.462
7 0
8 104.571
9 145.091
9
1 0
2 0
3 0
4 0
5 213.818
6 197.846
7 0
8 0
9 143.2
9
1 0
2 0
3 0
4 0
5 0
6 196.727
7 0
8 0
9 140.333
9
1 0
2 0
3 0
4 0
5 0
6 197.818
7 0
8 101.778
9 137.455
9
1 0
2 0
3 0
4 0
5 224
6 196.923
7 0
8 0
9 132
9
1 0
2 0
3 0
4 0
5 226.545
6 194.462
7 0
8 100
9 131.2
9
1 0
2 0
3 0
4 0
5 233.2
6 194.909
7 0
8 97
9 127.333
9
1 0
2 0
3 0
4 0
5 0
6 195
7 0
8 97.7143
9 122
9
1 0
2 0
3 0
4 0
5 238.909
6 194.769
7 0
8 95.3333
9 117.846
9
1 0
2 0
3 0
4 0
5 241.333
6 192.615
7 0
8 0
9 115.6
9
1 0
2 0
3 0
4 0
5 244.8
6 192.727
7 0
8 92.5
9 112.727
9
1 0
2 0
3 0
4 0
5 245
6 193.231
7 0
8 94.4
9 110.667
9
1 0
2 0
3 79.4286
4 0
5 248.4
6 188.615
7 0
8 92
9 104.364
9
1 0
2 0
3 0
4 0
5 248.8
6 187.385
7 0
8 91.4286
9 101.778
9
1 0
2 0
3 86.2857
4 0
5 253
6 186.545
7 0
8 89.2308
9 96.7273
9
1 0
2 0
3 0
4 0
5 255.636
6 185.538
7 0
8 88
9 94.5455
9
1 0
2 0
3 85.7143
4 0
5 255.2
6 183.692
7 0
8 84.8
9 91.2
9
1 0
2 0
3 86.5
4 0
5 257
6 180.333
7 0
8 85.7143
9 89.4545
9
1 0
2 0
3 90
4 0
5 259.429
6 178.545
7 0
8 85.0909
9 85.7778
9
1 0
2 0
3 0
4 0
5 260.727
6 178.462
7 0
8 84
9 82.2222
9
1 0
2 0
3 93.1429
4 0
5 262.4
6 176.308
7 0
8 83
9 82.2222
9
1 0
2 0
3 90.5
4 0
5 261.714
6 173.091
7 0
8 81.7143
9 79.6
9
1 0
2 0
3 95
4 0
5 261.5
6 171.667
7 0
8 78.6667
9 76.6667
9
1 0
2 0
3 95
4 0
5 265.091
6 169.231
7 0
8 77
9 73.8182
9
1 0
2 0
3 97.3333
4 0
5 265.091
6 165.231
7 0
8 75.5
9 69.7143
9
1 0
2 0
3 96.8
4 0
5 266.667
6 163.273
7 0
8 0
9 69.3333
9
1 0
2 0
3 96.5714
4 0
5 263.273
6 162.667
7 0
8 0
9 65.5
9
1 0
2 0
3 100.444
4 0
5 266.182
6 158.769
7 0
8 70.5
9 63.6
9
1 0
2 0
3 102
4 0
5 265.333
6 159.077
7 0
8 0
9 59.5
9
1 0
2 0
3 101.6
4 0
5 266.4
6 153.818
7 0
8 0
9 59.1111
9
1 0
2 72
3 104
4 0
5 265
6 154.333
7 0
8 66.6667
9 57.7143
9
1 0
2 0
3 104.5
4 0
5 264.308
6 152.923
7 0
8 0
9 0
9
1 0
2 0
3 105.2
4 0
5 263.077
6 149.846
7 0
8 0
9 0
9
1 0
2 66.8571
3 106.667
4 0
5 264
6 148.727
7 0
8 0
9 0
9
1 0
2 0
3 109.333
4 0
5 262
6 144
7 0
8 0
9 0
9
1 0
2 0
3 110.222
4 0
5 260.889
6 144.308
7 0
8 0
9 0
9
1 0
2 0
3 109
4 0
5 258.5
6 143.077
7 0
8 59
9 0
9
1 0
2 76
3 109.333
4 0
5 259.5
6 137.091
7 0
8 58.4
9 0
9
1 0
2 78.5
3 110.8
4 0
5 255.556
6 134.462
7 0
8 0
9 0
9
1 0
2 0
3 111.333
4 0
5 254
6 133.333
7 0
8 56.4444
9 0
9
1 0
2 85.7778
3 110.154
4 0
5 254.545
6 130
7 0
8 0
9 0
9
1 0
2 84.5
3 108.615
4 0
5 249.2
6 129.818
7 0
8 53.7143
9 0
9
1 0
2 84.5
3 110.545
4 0
5 249.455
6 126.154
7 0
8 0
9 0
9
1 0
2 90
3 113.231
4 0
5 247.667
6 124.923
7 0
8 0
9 0
9
1 0
2 92
3 112.727
4 0
5 245.091
6 121.455
7 0
8 0
9 0
9
1 0
2 93.5
3 113.818
4 0
5 242.667
6 121.667
7 0
8 0
9 0
9
1 0
2 99.4286
3 112.8
4 0
5 237
6 117
7 0
8 0
9 0
9
1 0
2 103.556
3 113.538
4 0
5 236.4
6 113.667
7 0
8 0
9 0
9
1 59.5
2 101.818
3 111.667
4 0
5 234.222
6 114.909
7 0
8 0
9 0
9
1 57.7143
2 102.8
3 113.091
4 0
5 234.4
6 113.231
7 0
8 0
9 0
9
1 0
2 105.333
3 113.333
4 0
5 230.5
6 110.462
7 0
8 0
9 0
9
1 61.5
2 105.6
3 112.923
4 0
5 228
6 110.769
7 0
8 0
9 0
9
1 0
2 110.667
3 112
4 0
5 224.444
6 107.556
7 0
8 0
9 0
9
1 0
2 112
3 112.364
4 0
5 218.4
6 102
7 0
8 0
9 0
9
1 0
2 113.455
3 110.154
4 69.7778
5 215.333
6 100.4
7 0
8 0
9 0
9
1 0
2 116.364
3 110.154
4 65.8182
5 211.333
6 99.5556
7 0
8 0
9 0
9
1 68
2 116
3 109.231
4 67
5 209.6
6 98
7 0
8 0
9 0
9
1 69.1429
2 118.8
3 109.455
4 67.5
5 211.333
6 97.6
7 0
8 0
9 0
9
1 0
2 118.8
3 110.462
4 67.2
5 205.818
6 95.5556
7 0
8 0
9 0
9
1 70.8571
2 118.182
3 110.462
4 69.0909
5 208
6 95.6
7 0
8 0
9 0
9
1 0
2 123.273
3 107.692
4 68.3636
5 206.4
6 96
7 0
8 0
9 0
9
1 0
2 125
3 109.455
4 69.6
5 203.273
6 92
7 0
8 0
9 0
9
1 79.4286
2 126
3 107
4 68.8889
5 195.333
6 0
7 0
8 0
9 0
9
1 0
2 126.667
3 108.923
4 73.4545
5 191.692
6 89.3333
7 0
8 0
9 0
9
1 81.7778
2 130.154
3 107.077
4 70.6667
5 190
6 86.8571
7 0
8 0
9 0
9
1 85
2 133.6
3 108.364
4 73.5
5 188
6 82.2857
7 0
8 0
9 0
9
1 0
2 137.455
3 106.462
4 74.7692
5 179.385
6 0
7 0
8 0
9 0
9
1 0
2 140
3 104
4 76.6154
5 177.538
6 0
7 0
8 0
9 0
9
1 92.5
2 140.333
3 105.231
4 76
5 173.2
6 0
7 0
8 0
9 0
9
1 96
2 141.455
3 104.4
4 76
5 172.923
6 0
7 0
8 0
9 0
9
1 96.5714
2 142.333
3 105.231
4 76.3333
5 170.154
6 0
7 0
8 0
9 0
9
1 94
2 144
3 103.692
4 77.3333
5 169.846
6 0
7 0
8 0
9 0
9
1 0
2 147.077
3 104
4 79.1111
5 162.222
6 0
7 0
8 0
9 0
9
1 0
2 148
3 101.818
4 81.3333
5 160
6 0
7 0
8 0
9 0
9
1 0
2 152.615
3 102.154
4 80
5 156.615
6 0
7 0
8 0
9 0
9
1 98.4
2 151.692
3 99.6923
4 80.9231
5 153
6 0
7 0
8 0
9 0
9
1 0
2 147.077
3 98.8
4 82.5455
5 148
6 0
7 0
8 0
9 0
9
1 110.286
2 154.182
3 98.5455
4 82.9091
5 146.462
6 0
7 0
8 0
9 0
9
1 0
2 158.462
3 97.6667
4 84.3077
5 146.154
6 0
7 0
8 0
9 0
9
1 118
2 159.385
3 96.3077
4 84
5 143.333
6 0
7 0
8 0
9 0
9
1 119.429
2 161.231
3 94.5455
4 86.1818
5 138.909
6 0
7 0
8 0
9 0
9
1 121.714
2 162.909
3 96.8
4 84.9231
5 137.231
6 0
7 0
8 0
9 0
9
1 124.5
2 165.538
3 93.5385
4 85.5385
5 132
6 0
7 0
8 0
9 0
9
1 132
2 168.923
3 92.3077
4 87.6364
5 128.8
6 0
7 0
8 0
9 0
9
1 0
2 170.333
3 91.2727
4 88
5 122.545
6 0
7 0
8 0
9 0
9
1 0
2 172
3 89.3333
4 88
5 121.231
6 0
7 0
8 0
9 0
9
1 141.143
2 174.462
3 86.4
4 89.8462
5 118.462
6 0
7 0
8 0
9 0
9
1 143
2 175.077
3 87.2
4 91
5 116.364
6 0
7 0
8 0
9 0
9
1 147.5
2 176.333
3 85.1429
4 90.1818
5 115
6 0
7 0
8 0
9 0
9
1 0
2 176.364
3 86.2857
4 89.8462
5 111.077
6 0
7 0
8 0
9 0
9
1 142.5
2 177.538
3 0
4 90.5455
5 111.333
6 0
7 0
8 0
9 0
9
1 155
2 177.846
3 84
4 91.6364
5 107.273
6 0
7 0
8 0
9 0
9
1 0
2 180
3 0
4 92
5 105.538
6 0
7 0
8 0
9 0
9
1 0
2 181
3 0
4 92
5 101.231
6 0
7 0
8 0
9 0
9
1 0
2 182.154
3 0
4 92
5 97.2308
6 0
7 0
8 0
9 0
9
1 0
2 183.077
3 0
4 92.7273
5 97.6
6 0
7 0
8 0
9 0
9
1 0
2 185.091
3 0
4 92
5 95.0769
6 0
7 0
8 0
9 0
9
1 0
2 185.538
3 0
4 93.2308
5 95.0769
6 0
7 0
8 0
9 0
9
1 178.222
2 184
3 0
4 91.3846
5 90
6 0
7 0
8 0
9 0
9
1 0
2 184.923
3 0
4 90.1818
5 88
6 0
7 0
8 0
9 0
9
1 183.429
2 186.182
3 0
4 92.6154
5 86
6 0
7 0
8 0
9 0
9
1 0
2 185.538
3 0
4 92.3077
5 84.6154
6 0
7 0
8 0
9 0
9
1 191.429
2 185.846
3 0
4 92.3077
5 82.8
6 0
7 0
8 0
9 0
9
1 196
2 186.333
3 0
4 92.3636
5 78.1818
6 0
7 0
8 0
9 0
9
1 0
2 187.273
3 0
4 90.6667
5 75.3846
6 0
7 0
8 0
9 0
9
1 204.5
2 184.615
3 0
4 89.3333
5 72.9231
6 0
7 0
8 0
9 0
9
1 208.5
2 186.769
3 0
4 92.3636
5 72
6 0
7 0
8 0
9 0
9
1 209.714
2 185.667
3 0
4 90.9091
5 68
6 0
7 0
8 0
9 0
9
1 0
2 185.818
3 0
4 92
5 67.3333
6 0
7 0
8 0
9 0
9
1 216.571
2 184
3 0
4 91.3846
5 67.3846
6 0
7 0
8 0
9 0
9
1 202.222
2 185.231
3 0
4 91
5 0
6 0
7 0
8 0
9 0
9
1 223.429
2 183.636
3 0
4 86.9091
5 64.7273
6 0
7 0
8 0
9 0
9
1 0
2 182.909
3 0
4 90.4
5 62.9091
6 0
7 0
8 0
9 0
9
1 0
2 183.077
3 0
4 91
5 0
6 0
7 0
8 0
9 0
9
1 225.333
2 182.154
3 0
4 89.8182
5 63
6 0
7 0
8 0
9 0
9
1 0
2 181.455
3 0
4 89.0909
5 59.4286
6 0
7 0
8 0
9 0
9
1 0
2 181.667
3 0
4 90.4
5 59.5
6 0
7 0
8 0
9 0
9
1 0
2 180.923
3 0
4 87.4286
5 58
6 0
7 0
8 0
9 0
9
1 232.5
2 180.615
3 0
4 89.3333
5 0
6 0
7 0
8 0
9 0
9
1 0
2 178.909
3 0
4 87.2
5 0
6 0
7 0
8 0
9 0
9
1 0
2 179.077
3 0
4 89.0909
5 0
6 0
7 0
8 0
9 0
9
1 0
2 178.462
3 0
4 89.3333
5 0
6 0
7 0
8 0
9 0
9
1 0
2 178.769
3 0
4 87.2727
5 0
6 0
7 0
8 0
9 0
9
1 0
2 177.091
3 0
4 88.3333
5 0
6 0
7 0
8 0
9 0
9
1 238.5
2 176.923
3 0
4 86
5 0
6 0
7 0
8 0
9 0
9
1 0
2 174.462
3 0
4 85.6
5 0
6 0
7 0
8 0
9 0
