9
1 0
2 0
3 0
4 0
5 0
6 0
7 0
8 0
9 0
9
1 0
2 0
3 0
4 0
5 0
6 0
7 0
8 0
9 282.545
9
1 0
2 0
3 0
4 0
5 0
6 0
7 0
8 0
9 0
9
1 0
2 0
3 0
4 0
5 0
6 0
7 0
8 0
9 0
9
1 0
2 0
3 0
4 0
5 0
6 0
7 0
8 0
9 287.111
9
1 0
2 0
3 0
4 0
5 0
6 0
7 0
8 0
9 285.091
9
1 0
2 0
3 0
4 0
5 0
6 0
7 0
8 0
9 288
9
1 0
2 0
3 0
4 0
5 0
6 0
7 0
8 0
9 0
9
1 0
2 0
3 0
4 0
5 0
6 0
7 0
8 0
9 283.556
9
1 0
2 0
3 0
4 0
5 0
6 0
7 0
8 0
9 281.143
9
1 0
2 0
3 0
4 0
5 0
6 0
7 0
8 0
9 0
9
1 0
2 0
3 0
4 0
5 0
6 0
7 0
8 0
9 287.429
9
1 0
2 0
3 0
4 0
5 0
6 0
7 0
8 0
9 289.846
9
1 0
2 0
3 0
4 0
5 0
6 0
7 0
8 0
9 285.778
9
1 0
2 0
3 0
4 0
5 0
6 0
7 0
8 0
9 289.231
9
1 0
2 0
3 0
4 0
5 0
6 0
7 0
8 0
9 291
9
1 0
2 0
3 0
4 0
5 0
6 0
7 0
8 0
9 292.333
9
1 0
2 0
3 0
4 0
5 0
6 0
7 0
8 0
9 289.091
9
1 0
2 0
3 0
4 0
5 0
6 0
7 0
8 0
9 287.556
9
1 0
2 0
3 0
4 0
5 0
6 0
7 0
8 0
9 280
9
1 0
2 0
3 0
4 0
5 0
6 0
7 0
8 0
9 285.778
9
1 0
2 0
3 0
4 0
5 0
6 0
7 0
8 0
9 288.364
9
1 0
2 0
3 0
4 0
5 0
6 0
7 0
8 0
9 286
9
1 0
2 0
3 0
4 0
5 0
6 0
7 0
8 0
9 284.667
9
1 0
2 0
3 0
4 0
5 0
6 0
7 0
8 0
9 285.5
9
1 0
2 0
3 0
4 0
5 0
6 0
7 0
8 0
9 277
9
1 0
2 0
3 0
4 0
5 0
6 0
7 0
8 0
9 0
9
1 0
2 0
3 0
4 0
5 0
6 0
7 0
8 0
9 287.385
9
1 0
2 0
3 0
4 0
5 0
6 0
7 0
8 0
9 276
9
1 0
2 0
3 0
4 0
5 0
6 0
7 0
8 0
9 285.091
9
1 0
2 0
3 0
4 0
5 0
6 0
7 0
8 0
9 285.667
9
1 0
2 0
3 0
4 0
5 0
6 0
7 0
8 0
9 288
9
1 0
2 0
3 0
4 0
5 0
6 0
7 0
8 0
9 290
9
1 0
2 0
3 0
4 0
5 0
6 0
7 0
8 0
9 286.462
9
1 0
2 0
3 0
4 0
5 0
6 0
7 0
8 0
9 286.667
9
1 0
2 0
3 0
4 0
5 0
6 0
7 0
8 0
9 286
9
1 0
2 0
3 0
4 0
5 0
6 0
7 0
8 0
9 286.545
9
1 0
2 0
3 0
4 0
5 0
6 0
7 0
8 0
9 285.333
9
1 0
2 0
3 0
4 0
5 0
6 0
7 0
8 0
9 285.667
9
1 0
2 0
3 0
4 0
5 0
6 0
7 0
8 0
9 286.182
9
1 0
2 0
3 0
4 0
5 0
6 0
7 0
8 0
9 284.615
9
1 0
2 0
3 0
4 0
5 0
6 0
7 0
8 0
9 283.385
9
1 0
2 0
3 0
4 0
5 0
6 0
7 0
8 0
9 284.333
9
1 0
2 0
3 0
4 0
5 0
6 0
7 0
8 0
9 282.909
9
1 0
2 0
3 0
4 0
5 0
6 0
7 0
8 0
9 282.154
9
1 0
2 0
3 0
4 0
5 0
6 0
7 0
8 0
9 281.231
9
1 0
2 0
3 0
4 0
5 0
6 0
7 0
8 0
9 282.4
9
1 0
2 0
3 0
4 0
5 0
6 0
7 0
8 0
9 280.444
9
1 0
2 0
3 0
4 0
5 0
6 0
7 0
8 0
9 280.667
9
1 0
2 0
3 0
4 0
5 0
6 0
7 0
8 0
9 281.667
9
1 0
2 0
3 0
4 0
5 0
6 0
7 0
8 0
9 279.2
9
1 0
2 0
3 0
4 0
5 0
6 0
7 0
8 0
9 281.667
9
1 0
2 0
3 0
4 0
5 0
6 0
7 0
8 0
9 279.636
9
1 0
2 0
3 0
4 0
5 0
6 0
7 0
8 0
9 278.154
9
1 0
2 0
3 0
4 0
5 0
6 0
7 0
8 0
9 278.909
9
1 0
2 0
3 0
4 0
5 0
6 0
7 0
8 0
9 278.769
9
1 0
2 0
3 0
4 0
5 0
6 0
7 0
8 0
9 277.846
9
1 0
2 0
3 0
4 0
5 0
6 0
7 0
8 0
9 276.667
9
1 0
2 0
3 0
4 0
5 0
6 0
7 0
8 0
9 274.8
9
1 0
2 0
3 0
4 0
5 0
6 0
7 0
8 0
9 276.923
9
1 0
2 0
3 0
4 0
5 0
6 0
7 0
8 0
9 273.2
9
1 0
2 0
3 0
4 0
5 0
6 0
7 0
8 0
9 273.455
9
1 0
2 0
3 0
4 0
5 0
6 0
7 0
8 0
9 270.909
9
1 0
2 0
3 0
4 0
5 0
6 0
7 0
8 0
9 270.545
9
1 0
2 0
3 0
4 0
5 0
6 0
7 0
8 0
9 271
9
1 0
2 0
3 0
4 0
5 0
6 0
7 0
8 0
9 268.364
9
1 0
2 0
3 0
4 0
5 0
6 0
7 0
8 0
9 268.364
9
1 0
2 0
3 0
4 0
5 0
6 0
7 0
8 0
9 269.231
9
1 0
2 0
3 0
4 0
5 0
6 0
7 0
8 0
9 263
9
1 0
2 0
3 0
4 0
5 0
6 0
7 0
8 0
9 262.667
9
1 0
2 0
3 0
4 0
5 0
6 0
7 0
8 0
9 261
9
1 0
2 0
3 0
4 0
5 0
6 0
7 0
8 0
9 260.667
9
1 0
2 0
3 0
4 0
5 0
6 0
7 0
8 0
9 260
9
1 0
2 0
3 0
4 0
5 0
6 163.429
7 0
8 0
9 258
9
1 0
2 0
3 0
4 0
5 0
6 0
7 0
8 0
9 254.333
9
1 0
2 0
3 0
4 0
5 0
6 162.286
7 0
8 0
9 255.333
9
1 0
2 0
3 0
4 0
5 0
6 169.5
7 0
8 0
9 253
9
1 0
2 0
3 0
4 0
5 0
6 170
7 0
8 0
9 252
9
1 0
2 0
3 0
4 0
5 0
6 169.714
7 0
8 0
9 251.692
9
1 0
2 0
3 0
4 0
5 0
6 169.5
7 0
8 0
9 248.333
9
1 0
2 0
3 0
4 0
5 0
6 170
7 0
8 0
9 242.8
9
1 0
2 0
3 0
4 0
5 0
6 168
7 0
8 0
9 242.545
9
1 0
2 0
3 0
4 0
5 0
6 172
7 0
8 0
9 239.692
9
1 0
2 0
3 0
4 0
5 0
6 177.778
7 0
8 0
9 236.667
9
1 0
2 0
3 0
4 0
5 0
6 0
7 0
8 0
9 236
9
1 0
2 0
3 0
4 0
5 0
6 170.857
7 0
8 0
9 234.909
9
1 0
2 0
3 0
4 0
5 0
6 175.429
7 0
8 0
9 232
9
1 0
2 0
3 0
4 0
5 0
6 171
7 0
8 0
9 231.385
9
1 0
2 0
3 0
4 0
5 0
6 174
7 0
8 0
9 228
9
1 0
2 0
3 0
4 0
5 0
6 0
7 0
8 0
9 228
9
1 0
2 0
3 0
4 0
5 0
6 174.5
7 0
8 0
9 222.667
9
1 0
2 0
3 0
4 0
5 0
6 176.5
7 0
8 0
9 218.154
9
1 0
2 0
3 0
4 0
5 0
6 0
7 0
8 0
9 216
9
1 0
2 0
3 0
4 0
5 0
6 0
7 0
8 0
9 214.333
9
1 0
2 0
3 0
4 0
5 0
6 176.444
7 0
8 0
9 214.667
9
1 0
2 0
3 0
4 0
5 0
6 0
7 0
8 0
9 211.273
9
1 0
2 0
3 0
4 0
5 0
6 180.5
7 0
8 0
9 208.4
9
1 0
2 0
3 0
4 0
5 0
6 0
7 0
8 0
9 204.333
9
1 0
2 0
3 0
4 0
5 0
6 180
7 0
8 0
9 204.615
9
1 0
2 0
3 0
4 0
5 151.5
6 178.5
7 0
8 0
9 201.6
9
1 0
2 0
3 0
4 0
5 0
6 180.571
7 0
8 0
9 196.667
9
1 0
2 0
3 0
4 0
5 156.5
6 0
7 0
8 0
9 194.154
9
1 0
2 0
3 0
4 0
5 156.4
6 182
7 0
8 0
9 193.333
9
1 0
2 0
3 0
4 0
5 159.111
6 0
7 0
8 0
9 192.727
9
1 0
2 0
3 0
4 0
5 158.857
6 0
7 0
8 0
9 189.455
9
1 0
2 0
3 0
4 0
5 162.5
6 181.333
7 0
8 0
9 189.2
9
1 0
2 0
3 0
4 0
5 162.222
6 0
7 0
8 0
9 187.6
9
1 0
2 0
3 0
4 0
5 170
6 184.444
7 0
8 0
9 180.4
9
1 0
2 0
3 0
4 0
5 172.889
6 0
7 0
8 0
9 179.5
9
1 0
2 0
3 0
4 0
5 171.2
6 185.5
7 0
8 0
9 179
9
1 0
2 0
3 0
4 0
5 173.846
6 182.5
7 0
8 0
9 174.222
9
1 0
2 0
3 0
4 0
5 179.2
6 185.714
7 0
8 0
9 0
9
1 0
2 0
3 0
4 0
5 178.545
6 183.429
7 0
8 0
9 170
9
1 0
2 0
3 0
4 0
5 181.667
6 185.333
7 0
8 0
9 0
9
1 0
2 0
3 0
4 0
5 185.333
6 188.571
7 0
8 0
9 0
9
1 0
2 0
3 0
4 0
5 188
6 187
7 0
8 0
9 0
9
1 0
2 0
3 0
4 0
5 189.6
6 183.5
7 0
8 0
9 0
9
1 0
2 0
3 0
4 0
5 192
6 192.889
7 0
8 0
9 0
9
1 0
2 0
3 0
4 0
5 195.333
6 188.4
7 0
8 0
9 0
9
1 0
2 0
3 0
4 0
5 196.667
6 187
7 0
8 0
9 0
9
1 0
2 0
3 0
4 0
5 201.6
6 184.444
7 0
8 0
9 0
9
1 0
2 0
3 0
4 0
5 203.385
6 181.714
7 0
8 0
9 0
9
1 0
2 0
3 0
4 0
5 207.273
6 184.571
7 0
8 0
9 0
9
1 0
2 0
3 0
4 0
5 209.667
6 182.857
7 0
8 0
9 0
9
1 0
2 0
3 0
4 0
5 210.4
6 183.429
7 0
8 0
9 0
9
1 0
2 0
3 0
4 0
5 212.615
6 182.222
7 0
8 0
9 0
9
1 0
2 0
3 0
4 0
5 213.455
6 0
7 0
8 0
9 0
9
1 0
2 0
3 0
4 0
5 213.778
6 0
7 0
8 0
9 0
9
1 0
2 0
3 0
4 0
5 218.909
6 0
7 0
8 0
9 0
9
1 0
2 0
3 0
4 0
5 219.077
6 0
7 0
8 0
9 0
9
1 0
2 0
3 0
4 0
5 221.846
6 0
7 0
8 0
9 0
9
1 0
2 0
3 0
4 0
5 223.556
6 0
7 0
8 0
9 0
9
1 0
2 0
3 0
4 0
5 224.923
6 0
7 0
8 0
9 0
9
1 0
2 0
3 0
4 0
5 225.667
6 0
7 0
8 0
9 0
9
1 0
2 0
3 0
4 0
5 229.091
6 0
7 0
8 0
9 0
9
1 0
2 0
3 0
4 0
5 232
6 0
7 0
8 0
9 0
9
1 0
2 0
3 0
4 0
5 230.8
6 0
7 0
8 0
9 0
9
1 0
2 0
3 0
4 0
5 233.538
6 0
7 0
8 0
9 0
9
1 0
2 0
3 0
4 0
5 236.727
6 0
7 0
8 0
9 0
9
1 0
2 0
3 0
4 0
5 238.5
6 0
7 0
8 0
9 0
9
1 0
2 0
3 0
4 0
5 238.545
6 0
7 0
8 0
9 0
9
1 0
2 0
3 0
4 0
5 238.667
6 0
7 0
8 0
9 0
9
1 0
2 0
3 0
4 0
5 238.8
6 0
7 0
8 0
9 0
9
1 0
2 0
3 0
4 0
5 243
6 0
7 0
8 0
9 0
9
1 0
2 0
3 0
4 0
5 244.667
6 0
7 0
8 0
9 0
9
1 0
2 0
3 0
4 0
5 245.846
6 0
7 0
8 0
9 0
9
1 0
2 0
3 0
4 0
5 246.545
6 0
7 0
8 0
9 0
9
1 0
2 0
3 0
4 0
5 246.769
6 0
7 0
8 0
9 0
9
1 0
2 0
3 0
4 0
5 247.273
6 0
7 0
8 0
9 0
9
1 0
2 0
3 0
4 0
5 249.333
6 0
7 0
8 0
9 0
9
1 0
2 0
3 0
4 0
5 254.4
6 0
7 0
8 0
9 0
9
1 0
2 0
3 0
4 0
5 252.308
6 0
7 0
8 0
9 0
9
1 0
2 0
3 0
4 0
5 249.333
6 0
7 0
8 0
9 0
9
1 0
2 0
3 0
4 0
5 253.6
6 0
7 0
8 0
9 0
9
1 0
2 0
3 0
4 0
5 254.545
6 0
7 0
8 0
9 0
9
1 0
2 0
3 0
4 0
5 254
6 0
7 0
8 0
9 0
9
1 0
2 0
3 0
4 0
5 254.462
6 0
7 0
8 0
9 0
9
1 0
2 0
3 0
4 0
5 255.636
6 0
7 0
8 0
9 0
9
1 0
2 0
3 0
4 0
5 256
6 0
7 0
8 0
9 0
9
1 0
2 0
3 0
4 0
5 256
6 0
7 0
8 0
9 0
9
1 0
2 0
3 0
4 0
5 256.333
6 0
7 0
8 0
9 0
9
1 0
2 0
3 0
4 0
5 258
6 0
7 0
8 0
9 0
9
1 0
2 0
3 0
4 0
5 258.667
6 0
7 0
8 0
9 0
9
1 0
2 0
3 0
4 0
5 260
6 0
7 0
8 0
9 0
9
1 0
2 0
3 0
4 0
5 259.692
6 0
7 0
8 0
9 0
9
1 0
2 0
3 0
4 0
5 0
6 0
7 0
8 0
9 0
9
1 0
2 0
3 0
4 0
5 258.909
6 0
7 0
8 0
9 0
9
1 0
2 0
3 0
4 0
5 261
6 0
7 0
8 0
9 0
9
1 0
2 0
3 0
4 0
5 260
6 0
7 0
8 0
9 0
9
1 0
2 0
3 0
4 0
5 260.8
6 0
7 0
8 0
9 0
9
1 0
2 0
3 0
4 0
5 260.8
6 0
7 0
8 0
9 0
9
1 0
2 0
3 0
4 0
5 261.846
6 0
7 0
8 0
9 0
9
1 0
2 0
3 0
4 0
5 260.727
6 0
7 0
8 0
9 0
9
1 0
2 0
3 0
4 0
5 260.889
6 0
7 0
8 0
9 0
9
1 0
2 0
3 0
4 0
5 259
6 0
7 0
8 0
9 0
9
1 0
2 0
3 0
4 0
5 258.4
6 0
7 0
8 0
9 0
9
1 0
2 0
3 0
4 0
5 258.8
6 0
7 0
8 0
9 0
9
1 0
2 0
3 0
4 0
5 260
6 0
7 0
8 0
9 0
9
1 0
2 0
3 0
4 0
5 259.077
6 0
7 0
8 0
9 0
9
1 0
2 0
3 0
4 0
5 257
6 0
7 0
8 0
9 0
9
1 0
2 0
3 0
4 0
5 258.8
6 0
7 0
8 0
9 0
9
1 0
2 0
3 0
4 0
5 258.333
6 0
7 0
8 0
9 0
9
1 0
2 0
3 0
4 0
5 254.667
6 0
7 0
8 0
9 0
9
1 0
2 0
3 0
4 0
5 253.778
6 0
7 0
8 0
9 0
9
1 0
2 0
3 0
4 0
5 252.889
6 0
7 0
8 0
9 0
9
1 0
2 0
3 0
4 0
5 255
6 0
7 0
8 0
9 0
9
1 0
2 0
3 0
4 0
5 251.667
6 0
7 0
8 0
9 0
9
1 0
2 0
3 0
4 0
5 250.4
6 0
7 0
8 0
9 0
9
1 0
2 0
3 0
4 0
5 250.182
6 0
7 0
8 0
9 0
9
1 0
2 0
3 0
4 0
5 0
6 0
7 0
8 0
9 0
9
1 0
2 0
3 0
4 0
5 0
6 0
7 0
8 0
9 0
9
1 0
2 0
3 0
4 0
5 243.6
6 0
7 0
8 0
9 0
9
1 0
2 0
3 0
4 0
5 0
6 0
7 0
8 0
9 0
9
1 0
2 0
3 0
4 0
5 225.714
6 0
7 0
8 0
9 0
9
1 0
2 0
3 0
4 0
5 240.364
6 0
7 0
8 0
9 0
9
1 0
2 0
3 0
4 0
5 233.778
6 0
7 0
8 0
9 0
9
1 0
2 0
3 0
4 0
5 237.778
6 0
7 0
8 0
9 0
9
1 0
2 0
3 0
4 0
5 238.154
6 0
7 0
8 0
9 0
9
1 0
2 0
3 0
4 0
5 237.538
6 0
7 0
8 0
9 0
9
1 0
2 0
3 0
4 0
5 232.727
6 0
7 0
8 0
9 0
9
1 0
2 0
3 0
4 0
5 232
6 0
7 0
8 0
9 0
9
1 0
2 0
3 0
4 0
5 229.846
6 0
7 0
8 0
9 0
9
1 0
2 0
3 0
4 0
5 228.667
6 0
7 0
8 0
9 0
9
1 0
2 0
3 0
4 0
5 225.143
6 0
7 0
8 0
9 0
9
1 0
2 0
3 0
4 0
5 222
6 0
7 0
8 0
9 0
9
1 0
2 0
3 0
4 0
5 0
6 0
7 0
8 0
9 0
9
1 0
2 0
3 0
4 0
5 0
6 0
7 0
8 0
9 0
9
1 0
2 0
3 0
4 0
5 0
6 0
7 0
8 0
9 0
9
1 0
2 0
3 0
4 0
5 211.429
6 0
7 0
8 0
9 0
9
1 0
2 0
3 0
4 0
5 208.889
6 0
7 0
8 0
9 0
9
1 0
2 0
3 0
4 0
5 0
6 0
7 0
8 0
9 0
9
1 0
2 0
3 0
4 0
5 0
6 0
7 0
8 0
9 0
9
1 0
2 0
3 0
4 0
5 0
6 0
7 0
8 0
9 0
9
1 0
2 0
3 0
4 0
5 198.222
6 0
7 0
8 0
9 0
9
1 0
2 0
3 0
4 0
5 0
6 0
7 0
8 0
9 0
9
1 0
2 0
3 0
4 0
5 0
6 0
7 0
8 0
9 0
9
1 0
2 0
3 0
4 0
5 183.6
6 0
7 0
8 0
9 0
9
1 0
2 0
3 0
4 0
5 181
6 0
7 0
8 0
9 0
9
1 0
2 0
3 0
4 0
5 0
6 0
7 0
8 0
9 0
9
1 0
2 0
3 0
4 0
5 166.286
6 0
7 0
8 0
9 0
9
1 0
2 0
3 0
4 0
5 172.571
6 0
7 0
8 0
9 0
9
1 0
2 0
3 0
4 0
5 170
6 0
7 0
8 0
9 0
9
1 0
2 0
3 0
4 0
5 168.5
6 0
7 0
8 0
9 0
9
1 0
2 0
3 0
4 0
5 161.714
6 0
7 0
8 0
9 0
9
1 0
2 0
3 0
4 0
5 156.889
6 0
7 0
8 0
9 0
9
1 0
2 0
3 0
4 0
5 0
6 0
7 0
8 0
9 0
9
1 0
2 0
3 0
4 0
5 0
6 0
7 0
8 0
9 0
9
1 0
2 0
3 0
4 0
5 0
6 0
7 0
8 0
9 0
9
1 0
2 0
3 0
4 0
5 0
6 0
7 0
8 0
9 0
9
1 0
2 0
3 0
4 0
5 0
6 0
7 0
8 0
9 0
9
1 0
2 0
3 0
4 0
5 0
6 0
7 0
8 0
9 0
9
1 0
2 0
3 0
4 0
5 0
6 0
7 0
8 0
9 0
9
1 0
2 0
3 0
4 0
5 0
6 0
7 0
8 0
9 0
9
1 0
2 0
3 0
4 0
5 0
6 0
7 0
8 0
9 0
9
1 0
2 0
3 0
4 0
5 0
6 0
7 0
8 0
9 0
9
1 0
2 0
3 0
4 0
5 0
6 0
7 0
8 0
9 0
9
1 0
2 0
3 0
4 0
5 0
6 0
7 0
8 0
9 0
9
1 0
2 0
3 0
4 0
5 0
6 0
7 0
8 0
9 0
9
1 0
2 0
3 0
4 0
5 0
6 0
7 0
8 0
9 0
9
1 0
2 0
3 0
4 0
5 0
6 0
7 0
8 0
9 0
9
1 0
2 0
3 0
4 0
5 0
6 0
7 0
8 0
9 0
9
1 0
2 0
3 0
4 0
5 0
6 0
7 0
8 0
9 0
9
1 0
2 0
3 0
4 0
5 0
6 0
7 0
8 0
9 0
9
1 0
2 0
3 0
4 0
5 0
6 0
7 0
8 0
9 0
9
1 0
2 0
3 0
4 0
5 0
6 0
7 0
8 0
9 0
9
1 0
2 0
3 0
4 0
5 0
6 0
7 0
8 0
9 0
9
1 0
2 0
3 0
4 0
5 0
6 0
7 0
8 0
9 0
9
1 153.714
2 0
3 0
4 0
5 0
6 0
7 0
8 0
9 0
9
1 159.556
2 0
3 0
4 0
5 0
6 0
7 0
8 0
9 0
9
1 162.4
2 0
3 0
4 0
5 0
6 0
7 0
8 0
9 0
9
1 165.455
2 0
3 0
4 0
5 0
6 0
7 0
8 0
9 0
9
1 168.364
2 0
3 0
4 0
5 0
6 0
7 0
8 0
9 0
9
1 172
2 0
3 0
4 0
5 0
6 0
7 0
8 0
9 0
9
1 175.636
2 0
3 0
4 0
5 0
6 0
7 0
8 0
9 0
9
1 174.4
2 0
3 0
4 0
5 0
6 0
7 0
8 0
9 0
9
1 178.333
2 0
3 0
4 0
5 0
6 0
7 0
8 0
9 0
9
1 181.231
2 0
3 0
4 0
5 0
6 0
7 0
8 0
9 0
9
1 183
2 0
3 0
4 0
5 0
6 0
7 0
8 0
9 0
9
1 185.091
2 0
3 0
4 0
5 0
6 0
7 0
8 0
9 0
9
1 187.385
2 0
3 0
4 0
5 0
6 0
7 0
8 0
9 0
9
1 189.846
2 0
3 0
4 0
5 0
6 0
7 0
8 0
9 0
9
1 190.545
2 0
3 0
4 0
5 0
6 0
7 0
8 0
9 0
9
1 193.455
2 0
3 0
4 0
5 0
6 0
7 0
8 0
9 0
9
1 194.333
2 0
3 0
4 0
5 0
6 0
7 0
8 0
9 0
9
1 197.231
2 0
3 0
4 0
5 0
6 0
7 0
8 0
9 0
9
1 200.364
2 0
3 0
4 0
5 0
6 0
7 0
8 0
9 0
9
1 201.455
2 0
3 0
4 0
5 0
6 0
7 0
8 0
9 0
9
1 202.769
2 0
3 0
4 0
5 0
6 0
7 0
8 0
9 0
9
1 206.333
2 0
3 0
4 0
5 0
6 0
7 0
8 0
9 0
9
1 208.727
2 0
3 0
4 0
5 0
6 0
7 0
8 0
9 0
9
1 209.333
2 0
3 0
4 0
5 0
6 0
7 0
8 0
9 0
9
1 209.538
2 0
3 0
4 0
5 0
6 0
7 0
8 0
9 0
9
1 213
2 0
3 0
4 0
5 0
6 0
7 0
8 0
9 0
9
1 217.818
2 0
3 0
4 0
5 0
6 0
7 0
8 0
9 0
9
1 214.154
2 0
3 0
4 0
5 0
6 0
7 0
8 0
9 0
9
1 219.667
2 0
3 0
4 0
5 0
6 0
7 0
8 0
9 0
9
1 220
2 0
3 0
4 0
5 0
6 0
7 0
8 0
9 0
9
1 222.545
2 0
3 0
4 0
5 0
6 0
7 0
8 0
9 0
9
1 223.077
2 0
3 0
4 0
5 0
6 0
7 0
8 0
9 0
9
1 224.923
2 0
3 0
4 0
5 0
6 0
7 0
8 0
9 0
9
1 224
2 0
3 0
4 0
5 0
6 0
7 0
8 0
9 0
9
1 226.545
2 0
3 0
4 0
5 0
6 0
7 0
8 0
9 0
9
1 227.667
2 0
3 0
4 0
5 0
6 0
7 0
8 0
9 0
9
1 230.462
2 0
3 0
4 0
5 0
6 0
7 0
8 0
9 0
9
1 230
2 0
3 0
4 0
5 0
6 0
7 0
8 0
9 0
9
1 231.333
2 0
3 0
4 0
5 0
6 0
7 0
8 0
9 0
9
1 231.667
2 0
3 0
4 0
5 0
6 0
7 0
8 0
9 0
9
1 232.923
2 0
3 0
4 0
5 0
6 0
7 0
8 0
9 0
9
1 232.4
2 0
3 0
4 0
5 0
6 0
7 0
8 0
9 0
9
1 232.667
2 0
3 0
4 0
5 0
6 0
7 0
8 0
9 0
9
1 233.846
2 0
3 0
4 0
5 0
6 0
7 0
8 0
9 0
9
1 234.667
2 0
3 0
4 0
5 0
6 0
7 0
8 0
9 0
9
1 233.455
2 0
3 0
4 0
5 0
6 0
7 0
8 0
9 0
9
1 237.231
2 0
3 0
4 0
5 0
6 0
7 0
8 0
9 0
9
1 235
2 0
3 0
4 0
5 0
6 0
7 0
8 0
9 0
9
1 235.111
2 0
3 0
4 0
5 0
6 0
7 0
8 0
9 0
9
1 236.727
2 0
3 0
4 0
5 0
6 0
7 0
8 0
9 0
9
1 238.769
2 0
3 0
4 0
5 0
6 0
7 0
8 0
9 0
