9
1 0
2 0
3 0
4 0
5 0
6 100.8
7 0
8 0
9 300.8
9
1 0
2 0
3 0
4 0
5 0
6 102.286
7 0
8 81.1429
9 301.333
9
1 0
2 0
3 0
4 0
5 0
6 0
7 0
8 0
9 299
9
1 0
2 0
3 0
4 0
5 0
6 104
7 0
8 81.3333
9 303.333
9
1 0
2 0
3 0
4 0
5 0
6 103.111
7 0
8 80.5
9 301.231
9
1 0
2 0
3 0
4 0
5 0
6 107.6
7 0
8 0
9 303.2
9
1 0
2 0
3 0
4 0
5 0
6 109.778
7 0
8 0
9 301.231
9
1 0
2 0
3 0
4 0
5 0
6 113
7 0
8 88.5
9 300.923
9
1 0
2 0
3 0
4 0
5 0
6 120
7 0
8 89
9 300
9
1 0
2 0
3 0
4 0
5 0
6 122.8
7 0
8 0
9 300.364
9
1 0
2 0
3 0
4 0
5 0
6 125.778
7 0
8 91.4286
9 300
9
1 0
2 0
3 0
4 0
5 0
6 127.6
7 0
8 92
9 300.308
9
1 0
2 0
3 0
4 0
5 0
6 132
7 0
8 0
9 298.333
9
1 0
2 0
3 0
4 0
5 0
6 133.6
7 0
8 0
9 298.8
9
1 0
2 0
3 0
4 0
5 0
6 134.8
7 0
8 96.4
9 297.231
9
1 0
2 0
3 0
4 0
5 0
6 140.4
7 0
8 96.5
9 297.538
9
1 0
2 0
3 0
4 0
5 0
6 140
7 0
8 97
9 297.818
9
1 0
2 0
3 0
4 0
5 0
6 142.333
7 0
8 0
9 294.182
9
1 0
2 0
3 0
4 0
5 0
6 145.2
7 0
8 102.857
9 295.692
9
1 0
2 0
3 0
4 0
5 0
6 149.2
7 0
8 0
9 293.333
9
1 0
2 0
3 0
4 0
5 0
6 150.769
7 0
8 0
9 293.818
9
1 0
2 0
3 0
4 0
5 0
6 154.667
7 0
8 104.5
9 292
9
1 0
2 0
3 0
4 0
5 0
6 152.8
7 0
8 103.6
9 292.615
9
1 0
2 0
3 0
4 0
5 88
6 156.364
7 0
8 104.889
9 290.333
9
1 0
2 0
3 0
4 0
5 0
6 157.231
7 0
8 104.5
9 291.273
9
1 0
2 0
3 0
4 0
5 0
6 160
7 0
8 0
9 285.846
9
1 0
2 0
3 0
4 0
5 0
6 160.923
7 0
8 104.8
9 284.333
9
1 0
2 0
3 0
4 0
5 0
6 162.462
7 0
8 108.444
9 283.2
9
1 0
2 0
3 0
4 0
5 99.4286
6 163.692
7 0
8 108
9 281.6
9
1 0
2 0
3 0
4 0
5 0
6 164.364
7 0
8 106.8
9 277.231
9
1 0
2 0
3 0
4 0
5 102.286
6 168.923
7 0
8 108.4
9 275.077
9
1 0
2 0
3 0
4 0
5 106.286
6 169.846
7 0
8 109.333
9 272.8
9
1 0
2 0
3 0
4 0
5 109.714
6 170.909
7 0
8 111.2
9 273.091
9
1 0
2 0
3 0
4 0
5 115.429
6 174.545
7 0
8 109.818
9 268
9
1 0
2 0
3 0
4 0
5 117.143
6 174.462
7 0
8 109.5
9 261.846
9
1 0
2 0
3 0
4 0
5 120
6 178.769
7 0
8 113.714
9 257.455
9
1 0
2 0
3 0
4 0
5 122.286
6 178.545
7 0
8 0
9 255.077
9
1 0
2 0
3 0
4 0
5 126.286
6 182.182
7 0
8 112.333
9 250.462
9
1 0
2 0
3 0
4 0
5 130
6 183.385
7 0
8 112.444
9 242.462
9
1 0
2 0
3 0
4 0
5 130.667
6 183.692
7 0
8 112.5
9 237.455
9
1 0
2 0
3 0
4 0
5 0
6 186.182
7 0
8 114.222
9 233.538
9
1 0
2 0
3 0
4 0
5 142.286
6 188.615
7 0
8 110.5
9 227.385
9
1 0
2 0
3 0
4 0
5 145.5
6 188.308
7 0
8 114.222
9 221
9
1 0
2 0
3 0
4 0
5 149.333
6 188.615
7 0
8 0
9 217.6
9
1 0
2 0
3 0
4 0
5 0
6 193.091
7 0
8 112.444
9 211.333
9
1 0
2 0
3 0
4 0
5 154.222
6 192.308
7 0
8 112.889
9 208.667
9
1 0
2 0
3 0
4 0
5 160.5
6 193.538
7 0
8 0
9 203.636
9
1 0
2 0
3 0
4 0
5 162.5
6 194.545
7 0
8 0
9 198.333
9
1 0
2 0
3 0
4 0
5 166.286
6 196.727
7 0
8 113.6
9 194.154
9
1 0
2 0
3 0
4 0
5 0
6 196
7 0
8 114.333
9 188.923
9
1 0
2 0
3 0
4 0
5 173.714
6 196.308
7 0
8 112.5
9 185.091
9
1 0
2 0
3 0
4 0
5 177.714
6 195.273
7 0
8 111.556
9 179.385
9
1 0
2 0
3 0
4 0
5 0
6 198.333
7 0
8 107.6
9 176.923
9
1 0
2 0
3 0
4 0
5 185.778
6 196.923
7 0
8 111.636
9 175.692
9
1 0
2 0
3 0
4 0
5 190
6 196.615
7 0
8 110
9 166.545
9
1 0
2 0
3 0
4 0
5 194.222
6 198.182
7 0
8 108
9 166.769
9
1 0
2 0
3 0
4 0
5 197.714
6 196.727
7 0
8 107.5
9 160.308
9
1 0
2 0
3 0
4 0
5 202
6 197.846
7 0
8 109.818
9 157.231
9
1 0
2 0
3 0
4 0
5 205.333
6 198.769
7 0
8 105.714
9 152.364
9
1 0
2 0
3 0
4 0
5 212.571
6 199.273
7 0
8 106.5
9 147.385
9
1 0
2 0
3 0
4 0
5 216.889
6 197
7 0
8 104.8
9 143.385
9
1 0
2 0
3 0
4 0
5 221.333
6 196
7 0
8 105.143
9 138
9
1 0
2 0
3 0
4 0
5 225
6 196.615
7 0
8 0
9 136.727
9
1 0
2 0
3 0
4 0
5 228.5
6 196.364
7 0
8 102.4
9 133.231
9
1 0
2 0
3 0
4 0
5 235
6 193.538
7 0
8 100.889
9 125.538
9
1 0
2 0
3 0
4 0
5 237.6
6 194.462
7 0
8 98.4
9 119.6
9
1 0
2 0
3 0
4 0
5 241.333
6 193.231
7 0
8 95.5
9 117.091
9
1 0
2 0
3 0
4 0
5 245.778
6 190.545
7 0
8 95.5
9 111.692
9
1 0
2 0
3 80
4 0
5 249.5
6 190.154
7 0
8 93
9 107.385
9
1 0
2 0
3 0
4 0
5 248.727
6 190.154
7 0
8 0
9 104
9
1 0
2 0
3 0
4 0
5 251.5
6 187.333
7 0
8 93.1429
9 102.182
9
1 0
2 0
3 81.5
4 0
5 256.571
6 186.182
7 0
8 90.2857
9 101
9
1 0
2 0
3 81.7143
4 0
5 256
6 184.923
7 0
8 89.8182
9 97.8182
9
1 0
2 0
3 0
4 0
5 255.111
6 182.154
7 0
8 87.4286
9 92.5
9
1 0
2 0
3 0
4 0
5 258.909
6 181.231
7 0
8 0
9 89
9
1 0
2 0
3 88
4 0
5 263.5
6 177.091
7 0
8 83
9 85.5385
9
1 0
2 0
3 0
4 0
5 264.4
6 175.692
7 0
8 82.5455
9 81.0909
9
1 0
2 0
3 0
4 0
5 264.364
6 173.231
7 0
8 84.4444
9 80
9
1 0
2 0
3 0
4 0
5 264.571
6 172.667
7 0
8 0
9 75.6
9
1 0
2 0
3 95.5
4 0
5 266.4
6 166.545
7 0
8 76.8889
9 71.3846
9
1 0
2 0
3 0
4 0
5 266.545
6 164
7 0
8 75
9 68
9
1 0
2 0
3 97
4 0
5 267.273
6 160.923
7 0
8 0
9 63.5556
9
1 0
2 0
3 101.143
4 0
5 267.636
6 157.455
7 0
8 72.5714
9 63.2
9
1 0
2 0
3 98.8
4 0
5 267.111
6 157
7 0
8 68.8889
9 0
9
1 0
2 61.7143
3 100.571
4 0
5 266.4
6 155.077
7 0
8 70.6667
9 0
9
1 0
2 0
3 100.571
4 0
5 267.111
6 153.538
7 0
8 69.7143
9 0
9
1 0
2 0
3 103.556
4 0
5 265.667
6 153.538
7 0
8 0
9 0
9
1 0
2 64
3 102.667
4 0
5 267.111
6 150.909
7 0
8 65
9 0
9
1 0
2 64.5714
3 103.111
4 0
5 268.444
6 149.846
7 0
8 64.4444
9 57
9
1 0
2 0
3 102.667
4 0
5 264.8
6 149.538
7 0
8 0
9 0
9
1 0
2 0
3 106.545
4 0
5 263.692
6 146.769
7 0
8 0
9 0
9
1 0
2 0
3 104.333
4 0
5 262.5
6 142.545
7 0
8 62
9 0
9
1 0
2 0
3 107.111
4 0
5 262.333
6 143.077
7 0
8 0
9 0
9
1 0
2 0
3 107.636
4 0
5 261.455
6 138.462
7 0
8 59.6
9 0
9
1 0
2 77.5
3 108
4 0
5 257.538
6 133.333
7 0
8 0
9 0
9
1 0
2 86.1818
3 109.333
4 0
5 255.556
6 129.091
7 0
8 0
9 0
9
1 0
2 0
3 109.455
4 0
5 253.091
6 129
7 0
8 0
9 0
9
1 0
2 88
3 109.667
4 0
5 250.182
6 123.333
7 0
8 0
9 0
9
1 0
2 88.8889
3 108.923
4 0
5 247.667
6 121.455
7 0
8 0
9 0
9
1 0
2 90.5455
3 110.333
4 0
5 246
6 120.8
7 0
8 0
9 0
9
1 0
2 0
3 109.818
4 0
5 242.667
6 118.909
7 0
8 0
9 0
9
1 0
2 96
3 109.667
4 0
5 242.333
6 115.636
7 0
8 0
9 0
9
1 0
2 98.4
3 110
4 0
5 238
6 115.636
7 0
8 0
9 0
9
1 0
2 101.6
3 110.154
4 0
5 235.273
6 112.8
7 0
8 0
9 0
9
1 59.5
2 100.571
3 110.4
4 0
5 235.111
6 110
7 0
8 0
9 0
9
1 0
2 102.5
3 110.154
4 60.5714
5 233.667
6 109
7 0
8 0
9 0
9
1 0
2 104
3 109.846
4 0
5 230.545
6 108.4
7 0
8 0
9 0
9
1 0
2 108.5
3 110.769
4 0
5 226.909
6 108.8
7 0
8 0
9 0
9
1 0
2 108
3 107.636
4 62.6667
5 220.923
6 104.615
7 0
8 0
9 0
9
1 0
2 111.111
3 108.923
4 65
5 218.769
6 101.5
7 0
8 0
9 0
9
1 0
2 113.6
3 108.923
4 65.6
5 213.667
6 99.2
7 0
8 0
9 0
9
1 0
2 117.455
3 108.615
4 67.5
5 213.2
6 95.5556
7 0
8 0
9 0
9
1 0
2 117
3 108.727
4 67.2727
5 211.333
6 97
7 0
8 0
9 0
9
1 0
2 116
3 107.385
4 75.6
5 209.333
6 94.8
7 0
8 0
9 0
9
1 0
2 118.769
3 109.231
4 68.7273
5 206.667
6 0
7 0
8 0
9 0
9
1 0
2 124.333
3 107.667
4 72.4
5 198.8
6 90.5
7 0
8 0
9 0
9
1 0
2 126.667
3 105.818
4 69
5 194
6 86.8571
7 0
8 0
9 0
9
1 82.5
2 130.154
3 104
4 72.6154
5 188.308
6 0
7 0
8 0
9 0
9
1 87.1111
2 133.333
3 105.231
4 74.1818
5 184
6 80.5714
7 0
8 0
9 0
9
1 0
2 135.667
3 105.455
4 74.9091
5 178.545
6 80
7 0
8 0
9 0
9
1 0
2 139.6
3 103.667
4 77.8462
5 174.462
6 0
7 0
8 0
9 0
9
1 94.8
2 143.077
3 103.692
4 75.6923
5 167.385
6 0
7 0
8 0
9 0
9
1 100.571
2 145.538
3 100.615
4 80.3333
5 161.818
6 0
7 0
8 0
9 0
9
1 0
2 151.273
3 99.6364
4 82.5455
5 154.333
6 0
7 0
8 0
9 0
9
1 0
2 153.818
3 98.4615
4 83.0769
5 149.231
6 0
7 0
8 0
9 0
9
1 113.5
2 156.308
3 96.6154
4 83.3846
5 145.538
6 0
7 0
8 0
9 0
9
1 117
2 158.769
3 98
4 84.3636
5 143.2
6 0
7 0
8 0
9 0
9
1 0
2 160
3 94.5455
4 86.6667
5 139.692
6 0
7 0
8 0
9 0
9
1 0
2 162.769
3 94.1538
4 85.2308
5 136
6 0
7 0
8 0
9 0
9
1 126.5
2 164.308
3 92.3333
4 87.0769
5 131.667
6 0
7 0
8 0
9 0
9
1 130.286
2 168
3 91
4 87.6364
5 128
6 0
7 0
8 0
9 0
9
1 135.5
2 170.545
3 90.2222
4 90.6667
5 122.154
6 0
7 0
8 0
9 0
9
1 0
2 172.667
3 85.8182
4 90.1538
5 118.154
6 0
7 0
8 0
9 0
9
1 144.5
2 157.867
3 0
4 91.6364
5 113.091
6 0
7 0
8 0
9 0
9
1 0
2 177.231
3 0
4 91
5 109.846
6 0
7 0
8 0
9 0
9
1 0
2 177.091
3 0
4 92
5 108.308
6 0
7 0
8 0
9 0
9
1 0
2 180
3 0
4 91
5 103
6 0
7 0
8 0
9 0
9
1 160
2 180
3 80
4 92.6154
5 100
6 0
7 0
8 0
9 0
9
1 0
2 181.231
3 0
4 91.6364
5 97.0909
6 0
7 0
8 0
9 0
9
1 0
2 182.545
3 0
4 94.7692
5 93.8462
6 0
7 0
8 0
9 0
9
1 177.714
2 184.615
3 0
4 92.6154
5 91.6923
6 0
7 0
8 0
9 0
9
1 0
2 184.923
3 0
4 91.3333
5 88.7273
6 0
7 0
8 0
9 0
9
1 0
2 184
3 0
4 92
5 87
6 0
7 0
8 0
9 0
9
1 172.5
2 184.364
3 0
4 93.6667
5 86
6 0
7 0
8 0
9 0
9
1 189.2
2 182.769
3 0
4 94.4615
5 83.0769
6 0
7 0
8 0
9 0
9
1 178.286
2 184
3 0
4 95.3333
5 78.8
6 0
7 0
8 0
9 0
9
1 199.429
2 184.727
3 0
4 93.2
5 77.5385
6 0
7 0
8 0
9 0
9
1 204.571
2 184.333
3 0
4 92
5 72.9231
6 0
7 0
8 0
9 0
9
1 208
2 182.462
3 0
4 92
5 71.6923
6 0
7 0
8 0
9 0
9
1 215
2 184
3 0
4 92.8
5 70
6 0
7 0
8 0
9 0
9
1 217.714
2 181.818
3 0
4 90.9091
5 64.4
6 0
7 0
8 0
9 0
9
1 0
2 181.846
3 0
4 87.6364
5 64.3636
6 0
7 0
8 0
9 0
9
1 225
2 180.615
3 0
4 92.3333
5 61.7778
6 0
7 0
8 0
9 0
9
1 229.143
2 180.615
3 0
4 92
5 58.8571
6 0
7 0
8 0
9 0
9
1 0
2 179.636
3 0
4 89.0909
5 57.1429
6 0
7 0
8 0
9 0
9
1 0
2 177.846
3 0
4 88.6154
5 57.7778
6 0
7 0
8 0
9 0
9
1 234.857
2 176
3 0
4 88.3636
5 0
6 0
7 0
8 0
9 0
9
1 0
2 177.231
3 0
4 88.3636
5 0
6 0
7 0
8 0
9 0
9
1 0
2 176.364
3 0
4 88.3636
5 0
6 0
7 0
8 0
9 0
9
1 0
2 174.462
3 0
4 88
5 0
6 0
7 0
8 0
9 0
9
1 0
2 172.615
3 0
4 87.1111
5 0
6 0
7 0
8 0
9 0
9
1 243.429
2 170.545
3 0
4 87.2727
5 0
6 0
7 0
8 0
9 0
9
1 0
2 170.545
3 0
4 86.6667
5 0
6 0
7 0
8 0
9 0
9
1 247.5
2 169.231
3 0
4 90.9091
5 0
6 0
7 0
8 0
9 0
9
1 248.571
2 169.538
3 0
4 85.7778
5 0
6 0
7 0
8 0
9 0
9
1 0
2 167.273
3 0
4 86
5 0
6 0
7 0
8 0
9 0
9
1 0
2 166.667
3 0
4 85.0909
5 0
6 0
7 0
8 0
9 0
9
1 0
2 166.769
3 0
4 81.2308
5 0
6 0
7 0
8 0
9 0
9
1 0
2 166.462
3 0
4 85.0909
5 0
6 0
7 0
8 0
9 0
