9
1 0
2 0
3 0
4 0
5 194.622
6 206.256
7 0
8 128.212
9 269.985
9
1 0
2 0
3 0
4 0
5 194.426
6 207.489
7 0
8 128.606
9 269.394
9
1 0
2 0
3 61
4 0
5 203.628
6 205.865
7 0
8 134.581
9 260.217
9
1 0
2 0
3 0
4 0
5 206.479
6 199.48
7 0
8 136.16
9 246.063
9
1 0
2 0
3 0
4 0
5 211.608
6 196.944
7 0
8 140.561
9 237.69
9
1 0
2 0
3 0
4 0
5 0
6 192.667
7 0
8 137.778
9 223.273
9
1 0
2 0
3 0
4 0
5 205
6 179.579
7 0
8 0
9 196.632
9
1 0
2 0
3 0
4 0
5 0
6 0
7 0
8 0
9 0
9
1 0
2 0
3 0
4 0
5 0
6 0
7 0
8 0
9 0
9
1 0
2 0
3 0
4 0
5 0
6 0
7 0
8 0
9 0
9
1 0
2 0
3 0
4 0
5 211.111
6 159.692
7 0
8 0
9 160.267
9
1 0
2 0
3 0
4 0
5 0
6 0
7 0
8 0
9 0
9
1 0
2 0
3 0
4 0
5 0
6 0
7 0
8 166.857
9 174.4
9
1 0
2 0
3 0
4 0
5 262.345
6 183.098
7 0
8 179.523
9 188.481
9
1 0
2 0
3 49.7143
4 0
5 265.755
6 179.759
7 0
8 182.6
9 183.115
9
1 0
2 0
3 58.9333
4 0
5 268.525
6 176.722
7 0
8 186.72
9 177.113
9
1 0
2 0
3 0
4 0
5 271.956
6 171.084
7 0
8 191
9 171.038
9
1 0
2 0
3 0
4 0
5 273.626
6 167.424
7 0
8 193.062
9 166.075
9
1 0
2 0
3 0
4 0
5 274.44
6 163.88
7 0
8 195.818
9 159.429
9
1 0
2 0
3 0
4 0
5 275.042
6 159.91
7 0
8 197.615
9 155.398
9
1 0
2 0
3 52
4 0
5 277.143
6 156.06
7 0
8 200.172
9 149.71
9
1 0
2 0
3 51.5
4 0
5 277.526
6 153.083
7 0
8 202.126
9 144.855
9
1 0
2 0
3 0
4 53.7143
5 277.878
6 147.206
7 0
8 204.648
9 137.714
9
1 0
2 0
3 0
4 0
5 277.188
6 142.748
7 0
8 206.017
9 132.211
9
1 0
2 0
3 0
4 0
5 275.24
6 138.485
7 0
8 207.439
9 127.008
9
1 0
2 0
3 0
4 54.8
5 274.16
6 133.631
7 0
8 206.286
9 121.083
9
1 0
2 0
3 48.3636
4 49.913
5 267.695
6 128.067
7 0
8 208.637
9 115.438
9
1 0
2 0
3 62.8571
4 57.5
5 269.333
6 124.667
7 0
8 209.684
9 109.398
9
1 0
2 0
3 0
4 58.9677
5 265.295
6 119.964
7 0
8 210.017
9 105.365
9
1 0
2 0
3 0
4 57.7931
5 263.184
6 116.33
7 53.5385
8 209.661
9 100.566
9
1 0
2 0
3 0
4 57.625
5 259.596
6 112.23
7 54.6667
8 210.036
9 95.8
9
1 0
2 0
3 0
4 61.1765
5 256.288
6 109.136
7 59.6522
8 209.333
9 92.1364
9
1 0
2 0
3 0
4 61.4054
5 251.848
6 104.238
7 59.0667
8 208.486
9 88.2667
9
1 0
2 0
3 0
4 63.5088
5 243.27
6 101.922
7 61.6667
8 207.2
9 84.9714
9
1 0
2 0
3 0
4 65.8305
5 237.436
6 96.4
7 63.4074
8 205.091
9 81.0492
9
1 0
2 0
3 0
4 67.8491
5 236.036
6 93.2941
7 67.5472
8 202.678
9 77.0714
9
1 0
2 0
3 0
4 69.791
5 228.393
6 90.5846
7 67.4133
8 199.791
9 75.2593
9
1 0
2 0
3 0
4 72.6667
5 224.068
6 87.1111
7 69.8022
8 198.413
9 72.2105
9
1 0
2 0
3 0
4 73.9394
5 218.459
6 84
7 70.9048
8 197.071
9 69.7561
9
1 0
2 0
3 0
4 76.1818
5 223.385
6 84.3175
7 70.7527
8 191.864
9 68.5833
9
1 0
2 0
3 0
4 78.2051
5 225.95
6 86.0328
7 70.9388
8 184.926
9 67.2
9
1 0
2 0
3 0
4 79.9524
5 230.359
6 86.807
7 69.7674
8 176.743
9 65.2571
9
1 0
2 0
3 0
4 81.8095
5 233.869
6 88.3226
7 67.5949
8 171.053
9 65.6774
9
1 0
2 0
3 50.5455
4 82.961
5 238.525
6 89.3125
7 68.3175
8 164.224
9 64.4615
9
1 0
2 0
3 60.6667
4 83.9487
5 244.444
6 90.7077
7 64.0625
8 158.069
9 62.9787
9
1 0
2 50.2857
3 56.3333
4 85.8462
5 247.508
6 92.5
7 63.5472
8 150.761
9 62.7273
9
1 0
2 0
3 49.6
4 86.747
5 248.603
6 94.7797
7 63.5833
8 145.964
9 62.2857
9
1 0
2 0
3 54.1333
4 87.8261
5 254.29
6 94.8125
7 61.75
8 142.456
9 61.0256
9
1 54.2857
2 48.4444
3 56.2759
4 88.9787
5 255.872
6 95.875
7 61.4857
8 134.189
9 61.6216
9
1 47
2 53.6667
3 57.4634
4 90.3908
5 258.387
6 96.2941
7 58.8387
8 129.907
9 61.1111
9
1 0
2 51.0476
3 57.4444
4 90.8764
5 260.672
6 98.7647
7 57.037
8 124.255
9 57.75
9
1 0
2 60.7407
3 59.2558
4 92.1942
5 258.896
6 99.8769
7 57.6471
8 119.14
9 56.5926
9
1 52
2 53.0909
3 60.6923
4 94.0833
5 264.281
6 99.403
7 56.2105
8 114.214
9 55.75
9
1 56
2 54.7097
3 63.6721
4 93.3061
5 264.862
6 100.776
7 56.9412
8 109.64
9 56.5405
9
1 52.7273
2 60
3 66.1111
4 95.3846
5 265.191
6 101.493
7 49.7143
8 101.585
9 55.0345
9
1 53.8182
2 62.4127
3 68.058
4 96.549
5 264.8
6 103.446
7 52
8 96.6095
9 53.6296
9
1 55.8182
2 62.5
3 73.3176
4 97.3455
5 263.394
6 101.333
7 0
8 89.5354
9 52.5161
9
1 54.7879
2 70.5672
3 77.6735
4 98.678
5 258.586
6 102.278
7 0
8 81.9583
9 49.0526
9
1 55.8367
2 75.1111
3 79.24
4 99.5294
5 256
6 102.269
7 0
8 76.913
9 48.75
9
1 60.72
2 80.5437
3 84.0684
4 99
5 251.542
6 102.092
7 0
8 71.8351
9 53
9
1 61.0909
2 83.3846
3 85.2683
4 98.8438
5 248.515
6 102.353
7 0
8 69.2308
9 53
9
1 62.5
2 86.989
3 88.3509
4 98.3934
5 247.077
6 101.425
7 0
8 66.5974
9 69
9
1 66.4762
2 93.8113
3 92.093
4 98.6769
5 242.466
6 100.638
7 0
8 64.0656
9 59.4286
9
1 70.5806
2 102.178
3 96.2462
4 99.0938
5 235.542
6 99.7333
7 0
8 60.0755
9 52.5714
9
1 75.4359
2 110.75
3 101.865
4 97.6183
5 228.303
6 97.3867
7 0
8 55.4386
9 0
9
1 78.4762
2 117.06
3 105.435
4 96.4961
5 222.277
6 97.15
7 0
8 53.0909
9 0
9
1 83.55
2 125.41
3 110.617
4 93.8015
5 214.718
6 96.241
7 0
8 51.1111
9 0
9
1 88.359
2 133.252
3 115.789
4 92.5271
5 207.446
6 94.6988
7 0
8 51.6
9 0
9
1 92.5556
2 140.661
3 117.744
4 90.626
5 201.302
6 92
7 0
8 46
9 0
9
1 97.1
2 146.188
3 120.794
4 90
5 195.077
6 91.6923
7 0
8 45.3333
9 0
9
1 100.051
2 151.328
3 122.909
4 89.2824
5 189.798
6 89.0824
7 0
8 56
9 0
9
1 103.859
2 156.448
3 124.632
4 88.1212
5 184.837
6 87.7701
7 0
8 41.3333
9 0
9
1 106.6
2 161.182
3 126.737
4 86.5538
5 179.659
6 85.5652
7 0
8 0
9 0
9
1 106.024
2 163.046
3 131.008
4 84
5 181.323
6 88.449
7 0
8 0
9 0
9
1 102.423
2 162.879
3 136.541
4 79.5652
5 185.496
6 92.7129
7 0
8 0
9 0
9
1 100.238
2 164.277
3 141.203
4 77.2152
5 189.097
6 95.3818
7 0
8 0
9 0
9
1 96.7901
2 163.365
3 148.458
4 73.7049
5 193.271
6 100.698
7 0
8 0
9 0
9
1 92.8718
2 161.789
3 154.226
4 70.2545
5 198.272
6 104.903
7 0
8 0
9 0
9
1 88.7123
2 160.094
3 160.331
4 69.0286
5 202.623
6 109.679
7 0
8 0
9 0
9
1 85.4648
2 158.379
3 167.759
4 62.9231
5 205.948
6 114.707
7 0
8 0
9 0
9
1 82.2857
2 156.571
3 173.744
4 64.4
5 209.774
6 118.923
7 0
8 0
9 0
9
1 81.8125
2 154.393
3 178.286
4 57.8462
5 212.243
6 122
7 0
8 0
9 0
9
1 78.6462
2 152.779
3 182.818
4 65.5
5 214.678
6 125.727
7 0
8 42.5
9 0
9
1 75.8431
2 150.737
3 186.626
4 0
5 216.678
6 128.632
7 0
8 0
9 0
9
1 72.1333
2 148.464
3 190.977
4 0
5 218.828
6 132.812
7 0
8 0
9 0
9
1 72
2 146.053
3 196.692
4 0
5 220.441
6 137.143
7 0
8 48
9 0
9
1 69.9623
2 142.832
3 201.173
4 0
5 222.735
6 140.909
7 0
8 0
9 0
9
1 65.1707
2 138.945
3 207.338
4 0
5 224.739
6 146.718
7 0
8 0
9 0
9
1 61.8605
2 136.889
3 211.97
4 0
5 225.635
6 151.303
7 0
8 0
9 51
9
1 61.2444
2 133.686
3 216.611
4 0
5 226.323
6 155.729
7 0
8 57.1429
9 0
9
1 64
2 130.077
3 221.545
4 0
5 225.299
6 160.812
7 0
8 0
9 46.8
9
1 59.2308
2 125.671
3 227.14
4 0
5 224.66
6 167.229
7 0
8 0
9 0
9
1 0
2 121
3 232.119
4 0
5 216.688
6 171.294
7 0
8 0
9 62.2857
9
1 56.5517
2 118.94
3 240.531
4 0
5 216.644
6 179.338
7 0
8 0
9 53
9
1 57.7143
2 114.444
3 245.909
4 0
5 213.714
6 184.451
7 0
8 0
9 49.8182
9
1 52.7273
2 109.735
3 250.585
4 0
5 207.729
6 191.176
7 0
8 0
9 60
9
1 0
2 103.034
3 255.244
4 0
5 201.5
6 197.97
7 0
8 0
9 57.3333
9
1 0
2 98.5
3 256.094
4 0
5 195.261
6 204.241
7 0
8 0
9 62.6087
9
1 0
2 93.4328
3 256.553
4 0
5 187.681
6 209.774
7 0
8 0
9 60.6
9
1 0
2 88.1928
3 254.733
4 0
5 180
6 214.586
7 0
8 0
9 61.8462
9
1 0
2 84.6471
3 253.621
4 0
5 172.73
6 217.203
7 0
8 0
9 57.6
9
1 0
2 81.3699
3 251.4
4 0
5 167.965
6 218.97
7 0
8 0
9 55.1579
9
1 0
2 78.5205
3 246.248
4 0
5 168.613
6 222.473
7 0
8 0
9 56
9
1 0
2 75.5
3 239.153
4 0
5 172.923
6 225.594
7 0
8 0
9 60.9143
9
1 0
2 72.7143
3 229.745
4 0
5 178.05
6 228.662
7 0
8 0
9 64.5581
9
1 0
2 69.7931
3 220.624
4 0
5 184.294
6 231.579
7 0
8 0
9 65.9623
9
1 0
2 67.4167
3 212.477
4 0
5 190
6 232.06
7 0
8 0
9 66.4906
9
1 0
2 65.1429
3 201.562
4 0
5 197.346
6 232.602
7 0
8 49.4545
9 71.2453
9
1 0
2 62.9714
3 192.148
4 0
5 203.221
6 232.153
7 0
8 0
9 75.9444
9
1 0
2 60.2857
3 182
4 0
5 210.981
6 230.992
7 0
8 55.0588
9 82.7541
9
1 0
2 58.9474
3 166.5
4 0
5 220.61
6 227.97
7 0
8 58.3333
9 93.0602
9
1 0
2 64.8421
3 159.747
4 0
5 225.094
6 227.429
7 0
8 59.4545
9 98.2174
9
1 0
2 56.5333
3 148.735
4 0
5 231.019
6 225.714
7 0
8 58.0465
9 108.435
9
1 0
2 0
3 137.267
4 0
5 235.96
6 224.301
7 0
8 65.8571
9 119.143
9
1 0
2 0
3 130.292
4 0
5 236.706
6 224.424
7 0
8 61.9231
9 128.88
9
1 0
2 0
3 124.133
4 0
5 239.03
6 225.649
7 0
8 66.3636
9 135.273
9
1 0
2 0
3 115.702
4 0
5 239.783
6 226.406
7 0
8 68.1194
9 146.563
9
1 0
2 0
3 107.948
4 0
5 239.838
6 228
7 0
8 71.3418
9 155.893
9
1 0
2 0
3 100.706
4 0
5 238.833
6 229.534
7 0
8 75.5789
9 164.931
9
1 0
2 0
3 93.7465
4 0
5 237.495
6 230.707
7 0
8 80.4337
9 175.061
9
1 0
2 0
3 89.5862
4 0
5 236.659
6 232.451
7 0
8 83.3469
9 182.149
9
1 0
2 0
3 84.0548
4 0
5 235.182
6 233.394
7 0
8 87.3118
9 187.082
9
1 0
2 0
3 80.7097
4 0
5 233.548
6 233.802
7 0
8 90.3111
9 194.367
9
1 0
2 0
3 76.6512
4 0
5 231.5
6 232.902
7 0
8 95.8737
9 203.469
9
1 0
2 0
3 72
4 0
5 223.379
6 222.96
7 0
8 99.6
9 205.528
9
1 0
2 0
3 68.7692
4 0
5 216.79
6 221.931
7 0
8 104.556
9 213.692
9
1 0
2 0
3 63.4146
4 0
5 218.532
6 222.701
7 0
8 108.8
9 225.505
9
1 0
2 0
3 64
4 0
5 203.6
6 204.966
7 0
8 108.696
9 211.077
9
1 0
2 0
3 0
4 0
5 199.625
6 205.704
7 0
8 121.077
9 228.216
9
1 0
2 0
3 0
4 0
5 196
6 199.625
7 0
8 115.846
9 238.435
9
1 0
2 0
3 52.8571
4 0
5 188.4
6 198.427
7 0
8 123.805
9 245.947
9
1 0
2 0
3 0
4 0
5 190
6 197.6
7 0
8 119.474
9 247.701
