9
1 0
2 0
3 0
4 0
5 0
6 0
7 0
8 0
9 292
9
1 0
2 0
3 0
4 0
5 0
6 0
7 0
8 0
9 284.5
9
1 0
2 0
3 0
4 0
5 0
6 0
7 0
8 0
9 284.4
9
1 0
2 0
3 0
4 0
5 0
6 0
7 0
8 0
9 284
9
1 0
2 0
3 0
4 0
5 0
6 0
7 0
8 0
9 288.444
9
1 0
2 0
3 0
4 0
5 0
6 0
7 0
8 0
9 290.667
9
1 0
2 0
3 0
4 0
5 0
6 0
7 0
8 0
9 288.4
9
1 0
2 0
3 0
4 0
5 0
6 0
7 0
8 0
9 287.692
9
1 0
2 0
3 0
4 0
5 0
6 0
7 0
8 0
9 288
9
1 0
2 0
3 0
4 0
5 0
6 0
7 0
8 0
9 288.923
9
1 0
2 0
3 0
4 0
5 0
6 0
7 0
8 0
9 0
9
1 0
2 0
3 0
4 0
5 0
6 0
7 0
8 0
9 291.692
9
1 0
2 0
3 0
4 0
5 0
6 0
7 0
8 0
9 287.636
9
1 0
2 0
3 0
4 0
5 0
6 0
7 0
8 0
9 292
9
1 0
2 0
3 0
4 0
5 0
6 0
7 0
8 0
9 291
9
1 0
2 0
3 0
4 0
5 0
6 0
7 0
8 0
9 289.667
9
1 0
2 0
3 0
4 0
5 0
6 0
7 0
8 0
9 288
9
1 0
2 0
3 0
4 0
5 0
6 0
7 0
8 0
9 290.182
9
1 0
2 0
3 0
4 0
5 0
6 0
7 0
8 0
9 0
9
1 0
2 0
3 0
4 0
5 0
6 0
7 0
8 0
9 0
9
1 0
2 0
3 0
4 0
5 0
6 0
7 0
8 0
9 0
9
1 0
2 0
3 0
4 0
5 0
6 0
7 0
8 0
9 0
9
1 0
2 0
3 0
4 0
5 0
6 0
7 0
8 0
9 0
9
1 0
2 0
3 0
4 0
5 0
6 0
7 0
8 0
9 0
9
1 0
2 0
3 0
4 0
5 0
6 0
7 0
8 0
9 0
9
1 0
2 0
3 0
4 0
5 0
6 0
7 0
8 0
9 286.333
9
1 0
2 0
3 0
4 0
5 0
6 0
7 0
8 0
9 282
9
1 0
2 0
3 0
4 0
5 0
6 0
7 0
8 0
9 285.455
9
1 0
2 0
3 0
4 0
5 0
6 0
7 0
8 0
9 280
9
1 0
2 0
3 0
4 0
5 0
6 0
7 0
8 0
9 0
9
1 0
2 0
3 0
4 0
5 0
6 0
7 0
8 0
9 277.818
9
1 0
2 0
3 0
4 0
5 0
6 0
7 0
8 0
9 0
9
1 0
2 0
3 0
4 0
5 0
6 0
7 0
8 0
9 275
9
1 0
2 0
3 0
4 0
5 0
6 0
7 0
8 0
9 271.556
9
1 0
2 0
3 0
4 0
5 0
6 0
7 0
8 0
9 280
9
1 0
2 0
3 0
4 0
5 0
6 0
7 0
8 0
9 273
9
1 0
2 0
3 0
4 0
5 0
6 0
7 0
8 0
9 0
9
1 0
2 0
3 0
4 0
5 0
6 0
7 0
8 0
9 276
9
1 0
2 0
3 0
4 0
5 0
6 0
7 0
8 0
9 279.6
9
1 0
2 0
3 0
4 0
5 0
6 0
7 0
8 0
9 278.667
9
1 0
2 0
3 0
4 0
5 0
6 0
7 0
8 0
9 279.692
9
1 0
2 0
3 0
4 0
5 0
6 0
7 0
8 0
9 275.667
9
1 0
2 0
3 0
4 0
5 0
6 0
7 0
8 0
9 272
9
1 0
2 0
3 0
4 0
5 0
6 0
7 0
8 0
9 272.364
9
1 0
2 0
3 0
4 0
5 0
6 0
7 0
8 0
9 274.154
9
1 0
2 0
3 0
4 0
5 0
6 0
7 0
8 0
9 270
9
1 0
2 0
3 0
4 0
5 0
6 0
7 0
8 0
9 268.444
9
1 0
2 0
3 0
4 0
5 0
6 0
7 0
8 0
9 265.091
9
1 0
2 0
3 0
4 0
5 0
6 0
7 0
8 0
9 264
9
1 0
2 0
3 0
4 0
5 0
6 165.143
7 0
8 0
9 264.4
9
1 0
2 0
3 0
4 0
5 0
6 163.429
7 0
8 0
9 263.5
9
1 0
2 0
3 0
4 0
5 0
6 0
7 0
8 0
9 249.778
9
1 0
2 0
3 0
4 0
5 0
6 0
7 0
8 0
9 255.556
9
1 0
2 0
3 0
4 0
5 0
6 0
7 0
8 0
9 252.889
9
1 0
2 0
3 0
4 0
5 0
6 0
7 0
8 0
9 0
9
1 0
2 0
3 0
4 0
5 0
6 0
7 0
8 0
9 0
9
1 0
2 0
3 0
4 0
5 0
6 0
7 0
8 0
9 0
9
1 0
2 0
3 0
4 0
5 0
6 0
7 0
8 0
9 0
9
1 0
2 0
3 0
4 0
5 0
6 0
7 0
8 0
9 0
9
1 0
2 0
3 0
4 0
5 0
6 0
7 0
8 0
9 0
9
1 0
2 0
3 0
4 0
5 0
6 173.5
7 0
8 0
9 235.556
9
1 0
2 0
3 0
4 0
5 0
6 0
7 0
8 0
9 0
9
1 0
2 0
3 0
4 0
5 0
6 0
7 0
8 0
9 0
9
1 0
2 0
3 0
4 0
5 0
6 0
7 0
8 0
9 0
9
1 0
2 0
3 0
4 0
5 0
6 0
7 0
8 0
9 0
9
1 0
2 0
3 0
4 0
5 0
6 0
7 0
8 0
9 0
9
1 0
2 0
3 0
4 0
5 0
6 0
7 0
8 0
9 0
9
1 0
2 0
3 0
4 0
5 0
6 0
7 0
8 0
9 0
9
1 0
2 0
3 0
4 0
5 0
6 0
7 0
8 0
9 0
9
1 0
2 0
3 0
4 0
5 0
6 0
7 0
8 0
9 0
9
1 0
2 0
3 0
4 0
5 0
6 0
7 0
8 0
9 0
9
1 0
2 0
3 0
4 0
5 0
6 0
7 0
8 0
9 0
9
1 0
2 0
3 0
4 0
5 0
6 0
7 0
8 0
9 0
9
1 0
2 0
3 0
4 0
5 0
6 0
7 0
8 0
9 0
9
1 0
2 0
3 0
4 0
5 0
6 0
7 0
8 0
9 0
9
1 0
2 0
3 0
4 0
5 0
6 0
7 0
8 0
9 0
9
1 0
2 0
3 0
4 0
5 0
6 0
7 0
8 0
9 0
9
1 0
2 0
3 0
4 0
5 162
6 187
7 0
8 0
9 190.5
9
1 0
2 0
3 0
4 0
5 0
6 0
7 0
8 0
9 0
9
1 0
2 0
3 0
4 0
5 0
6 0
7 0
8 0
9 0
9
1 0
2 0
3 0
4 0
5 0
6 0
7 0
8 0
9 0
9
1 0
2 0
3 0
4 0
5 167.556
6 188.5
7 0
8 0
9 183
9
1 0
2 0
3 0
4 0
5 168.889
6 188.889
7 0
8 0
9 176.727
9
1 0
2 0
3 0
4 0
5 170.909
6 185.6
7 0
8 0
9 177.2
9
1 0
2 0
3 0
4 0
5 172.8
6 187.429
7 0
8 0
9 0
9
1 0
2 0
3 0
4 0
5 176.727
6 188.5
7 0
8 0
9 0
9
1 0
2 0
3 0
4 0
5 179.556
6 192.889
7 0
8 0
9 0
9
1 0
2 0
3 0
4 0
5 185.667
6 0
7 0
8 0
9 0
9
1 0
2 0
3 0
4 0
5 187
6 0
7 0
8 0
9 0
9
1 0
2 0
3 0
4 0
5 190
6 0
7 0
8 0
9 0
9
1 0
2 0
3 0
4 0
5 191.6
6 184.5
7 0
8 0
9 0
9
1 0
2 0
3 0
4 0
5 193.333
6 185.455
7 0
8 0
9 0
9
1 0
2 0
3 0
4 0
5 199.333
6 189.778
7 0
8 0
9 0
9
1 0
2 0
3 0
4 0
5 199.636
6 0
7 0
8 0
9 0
9
1 0
2 0
3 0
4 0
5 205.231
6 188
7 0
8 0
9 0
9
1 0
2 0
3 0
4 0
5 207.667
6 187
7 0
8 0
9 0
9
1 0
2 0
3 0
4 0
5 207.667
6 186
7 0
8 0
9 0
9
1 0
2 0
3 0
4 0
5 211.2
6 187
7 0
8 0
9 0
9
1 0
2 0
3 0
4 0
5 216.308
6 187
7 0
8 0
9 0
9
1 0
2 0
3 0
4 0
5 213.846
6 185.091
7 0
8 0
9 0
9
1 0
2 0
3 0
4 0
5 218.8
6 0
7 0
8 0
9 0
9
1 0
2 0
3 0
4 0
5 216.727
6 188
7 0
8 0
9 0
9
1 0
2 0
3 0
4 0
5 220
6 0
7 0
8 0
9 0
9
1 0
2 0
3 0
4 0
5 223.077
6 0
7 0
8 0
9 0
9
1 0
2 0
3 0
4 0
5 225.455
6 0
7 0
8 0
9 0
9
1 0
2 0
3 0
4 0
5 227
6 0
7 0
8 0
9 0
9
1 0
2 0
3 0
4 0
5 228
6 0
7 0
8 0
9 0
9
1 0
2 0
3 0
4 0
5 231
6 0
7 0
8 0
9 0
9
1 0
2 0
3 0
4 0
5 230.8
6 0
7 0
8 0
9 0
9
1 0
2 0
3 0
4 0
5 234.154
6 0
7 0
8 0
9 0
9
1 0
2 0
3 0
4 0
5 237
6 0
7 0
8 0
9 0
9
1 0
2 0
3 0
4 0
5 236
6 0
7 0
8 0
9 0
9
1 0
2 0
3 0
4 0
5 239.2
6 0
7 0
8 0
9 0
9
1 0
2 0
3 0
4 0
5 240
6 0
7 0
8 0
9 0
9
1 0
2 0
3 0
4 0
5 244
6 0
7 0
8 0
9 0
9
1 0
2 0
3 0
4 0
5 244.8
6 0
7 0
8 0
9 0
9
1 0
2 0
3 0
4 0
5 245.333
6 0
7 0
8 0
9 0
9
1 0
2 0
3 0
4 0
5 248.308
6 0
7 0
8 0
9 0
9
1 0
2 0
3 0
4 0
5 249.091
6 0
7 0
8 0
9 0
9
1 0
2 0
3 0
4 0
5 247.2
6 0
7 0
8 0
9 0
9
1 0
2 0
3 0
4 0
5 250.182
6 0
7 0
8 0
9 0
9
1 0
2 0
3 0
4 0
5 251.385
6 0
7 0
8 0
9 0
9
1 0
2 0
3 0
4 0
5 255
6 0
7 0
8 0
9 0
9
1 0
2 0
3 0
4 0
5 251.2
6 0
7 0
8 0
9 0
9
1 0
2 0
3 0
4 0
5 255
6 0
7 0
8 0
9 0
9
1 0
2 0
3 0
4 0
5 253.846
6 0
7 0
8 0
9 0
9
1 0
2 0
3 0
4 0
5 255
6 0
7 0
8 0
9 0
9
1 0
2 0
3 0
4 0
5 256.8
6 0
7 0
8 0
9 0
9
1 0
2 0
3 0
4 0
5 255.2
6 0
7 0
8 0
9 0
9
1 0
2 0
3 0
4 0
5 256
6 0
7 0
8 0
9 0
9
1 0
2 0
3 0
4 0
5 257.714
6 0
7 0
8 0
9 0
9
1 0
2 0
3 0
4 0
5 254.545
6 0
7 0
8 0
9 0
9
1 0
2 0
3 0
4 0
5 256.8
6 0
7 0
8 0
9 0
9
1 0
2 0
3 0
4 0
5 0
6 0
7 0
8 0
9 0
9
1 0
2 0
3 0
4 0
5 0
6 0
7 0
8 0
9 0
9
1 0
2 0
3 0
4 0
5 0
6 0
7 0
8 0
9 0
9
1 0
2 0
3 0
4 0
5 259.077
6 0
7 0
8 0
9 0
9
1 0
2 0
3 0
4 0
5 257.818
6 0
7 0
8 0
9 0
9
1 0
2 0
3 0
4 0
5 257.455
6 0
7 0
8 0
9 0
9
1 0
2 0
3 0
4 0
5 260
6 0
7 0
8 0
9 0
9
1 0
2 0
3 0
4 0
5 259
6 0
7 0
8 0
9 0
9
1 0
2 0
3 0
4 0
5 258.154
6 0
7 0
8 0
9 0
9
1 0
2 0
3 0
4 0
5 259.556
6 0
7 0
8 0
9 0
9
1 0
2 0
3 0
4 0
5 257
6 0
7 0
8 0
9 0
9
1 0
2 0
3 0
4 0
5 256.923
6 0
7 0
8 0
9 0
9
1 0
2 0
3 0
4 0
5 256.667
6 0
7 0
8 0
9 0
9
1 0
2 0
3 0
4 0
5 257.455
6 0
7 0
8 0
9 0
9
1 0
2 0
3 0
4 0
5 255.692
6 0
7 0
8 0
9 0
9
1 0
2 0
3 0
4 0
5 255.636
6 0
7 0
8 0
9 0
9
1 0
2 0
3 0
4 0
5 255.2
6 0
7 0
8 0
9 0
9
1 0
2 0
3 0
4 0
5 252.727
6 0
7 0
8 0
9 0
9
1 0
2 0
3 0
4 0
5 252.667
6 0
7 0
8 0
9 0
9
1 0
2 0
3 0
4 0
5 251.077
6 0
7 0
8 0
9 0
9
1 0
2 0
3 0
4 0
5 251.636
6 0
7 0
8 0
9 0
9
1 0
2 0
3 0
4 0
5 248.615
6 0
7 0
8 0
9 0
9
1 0
2 0
3 0
4 0
5 247.636
6 0
7 0
8 0
9 0
9
1 0
2 0
3 0
4 0
5 243.667
6 0
7 0
8 0
9 0
9
1 0
2 0
3 0
4 0
5 242.182
6 0
7 0
8 0
9 0
9
1 0
2 0
3 0
4 0
5 244.308
6 0
7 0
8 0
9 0
9
1 0
2 0
3 0
4 0
5 242.909
6 0
7 0
8 0
9 0
9
1 0
2 0
3 0
4 0
5 240.727
6 0
7 0
8 0
9 0
9
1 0
2 0
3 0
4 0
5 236
6 0
7 0
8 0
9 0
9
1 0
2 0
3 0
4 0
5 233.538
6 0
7 0
8 0
9 0
9
1 0
2 0
3 0
4 0
5 231.077
6 0
7 0
8 0
9 0
9
1 0
2 0
3 0
4 0
5 226.8
6 0
7 0
8 0
9 0
9
1 0
2 0
3 0
4 0
5 224.8
6 0
7 0
8 0
9 0
9
1 0
2 0
3 0
4 0
5 226.154
6 0
7 0
8 0
9 0
9
1 0
2 0
3 0
4 0
5 223.333
6 0
7 0
8 0
9 0
9
1 0
2 0
3 0
4 0
5 221.2
6 0
7 0
8 0
9 0
9
1 0
2 0
3 0
4 0
5 216.615
6 0
7 0
8 0
9 0
9
1 0
2 0
3 0
4 0
5 211.333
6 0
7 0
8 0
9 0
9
1 0
2 0
3 0
4 0
5 207.385
6 0
7 0
8 0
9 0
9
1 0
2 0
3 0
4 0
5 203.6
6 0
7 0
8 0
9 0
9
1 0
2 0
3 0
4 0
5 203.077
6 0
7 0
8 0
9 0
9
1 0
2 0
3 0
4 0
5 200
6 0
7 0
8 0
9 0
9
1 0
2 0
3 0
4 0
5 198.545
6 0
7 0
8 0
9 0
9
1 0
2 0
3 0
4 0
5 198
6 0
7 0
8 0
9 0
9
1 0
2 0
3 0
4 0
5 194.333
6 0
7 0
8 0
9 0
9
1 0
2 0
3 0
4 0
5 189.667
6 0
7 0
8 0
9 0
9
1 0
2 0
3 0
4 0
5 185.6
6 0
7 0
8 0
9 0
9
1 0
2 0
3 0
4 0
5 183.667
6 0
7 0
8 0
9 0
9
1 0
2 0
3 0
4 0
5 181.333
6 0
7 0
8 0
9 0
9
1 0
2 0
3 0
4 0
5 181.455
6 0
7 0
8 0
9 0
9
1 0
2 0
3 0
4 0
5 175.556
6 0
7 0
8 0
9 0
9
1 0
2 0
3 0
4 0
5 172.889
6 0
7 0
8 0
9 0
9
1 0
2 0
3 0
4 0
5 169.455
6 0
7 0
8 0
9 0
9
1 0
2 0
3 0
4 0
5 165.455
6 0
7 0
8 0
9 0
9
1 0
2 0
3 0
4 0
5 163.5
6 0
7 0
8 0
9 0
9
1 0
2 0
3 0
4 0
5 161
6 0
7 0
8 0
9 0
9
1 0
2 0
3 0
4 0
5 157.714
6 0
7 0
8 0
9 0
9
1 0
2 0
3 0
4 0
5 0
6 0
7 0
8 0
9 0
9
1 0
2 0
3 0
4 0
5 0
6 0
7 0
8 0
9 0
9
1 0
2 0
3 0
4 0
5 0
6 0
7 0
8 0
9 0
9
1 0
2 0
3 0
4 0
5 0
6 0
7 0
8 0
9 0
9
1 0
2 0
3 0
4 0
5 0
6 0
7 0
8 0
9 0
9
1 0
2 0
3 0
4 0
5 0
6 0
7 0
8 0
9 0
9
1 0
2 0
3 0
4 0
5 0
6 0
7 0
8 0
9 0
9
1 0
2 0
3 0
4 0
5 0
6 0
7 0
8 0
9 0
9
1 0
2 0
3 0
4 0
5 0
6 0
7 0
8 0
9 0
9
1 0
2 0
3 0
4 0
5 0
6 0
7 0
8 0
9 0
9
1 0
2 0
3 0
4 0
5 0
6 0
7 0
8 0
9 0
9
1 0
2 0
3 0
4 0
5 0
6 0
7 0
8 0
9 0
9
1 0
2 0
3 0
4 0
5 0
6 0
7 0
8 0
9 0
9
1 0
2 0
3 0
4 0
5 0
6 0
7 0
8 0
9 0
9
1 0
2 0
3 0
4 0
5 0
6 0
7 0
8 0
9 0
9
1 0
2 0
3 0
4 0
5 0
6 0
7 0
8 0
9 0
9
1 0
2 0
3 0
4 0
5 0
6 0
7 0
8 0
9 0
9
1 0
2 0
3 0
4 0
5 0
6 0
7 0
8 0
9 0
9
1 0
2 0
3 0
4 0
5 0
6 0
7 0
8 0
9 0
9
1 0
2 165.143
3 0
4 0
5 0
6 0
7 0
8 0
9 0
9
1 0
2 0
3 0
4 0
5 0
6 0
7 0
8 0
9 0
9
1 0
2 0
3 0
4 0
5 0
6 0
7 0
8 0
9 0
9
1 0
2 0
3 0
4 0
5 0
6 0
7 0
8 0
9 0
9
1 149.143
2 0
3 0
4 0
5 0
6 0
7 0
8 0
9 0
9
1 0
2 0
3 0
4 0
5 0
6 0
7 0
8 0
9 0
9
1 0
2 0
3 0
4 0
5 0
6 0
7 0
8 0
9 0
9
1 159.6
2 0
3 0
4 0
5 0
6 0
7 0
8 0
9 0
9
1 161.333
2 170.857
3 0
4 0
5 0
6 0
7 0
8 0
9 0
9
1 162.667
2 0
3 0
4 0
5 0
6 0
7 0
8 0
9 0
9
1 166.667
2 0
3 0
4 0
5 0
6 0
7 0
8 0
9 0
9
1 172.364
2 0
3 0
4 0
5 0
6 0
7 0
8 0
9 0
9
1 171.692
2 169.143
3 0
4 0
5 0
6 0
7 0
8 0
9 0
9
1 173.091
2 171
3 0
4 0
5 0
6 0
7 0
8 0
9 0
9
1 177.818
2 170.222
3 0
4 0
5 0
6 0
7 0
8 0
9 0
9
1 178.182
2 187.111
3 0
4 0
5 0
6 0
7 0
8 0
9 0
9
1 182.154
2 172.571
3 0
4 0
5 0
6 0
7 0
8 0
9 0
9
1 182.909
2 0
3 0
4 0
5 0
6 0
7 0
8 0
9 0
9
1 186
2 0
3 0
4 0
5 0
6 0
7 0
8 0
9 0
9
1 187.077
2 0
3 0
4 0
5 0
6 0
7 0
8 0
9 0
9
1 190.909
2 0
3 0
4 0
5 0
6 0
7 0
8 0
9 0
9
1 189.778
2 0
3 0
4 0
5 0
6 0
7 0
8 0
9 0
9
1 192.333
2 0
3 0
4 0
5 0
6 0
7 0
8 0
9 0
9
1 196.333
2 0
3 0
4 0
5 0
6 0
7 0
8 0
9 0
9
1 200.364
2 0
3 0
4 0
5 0
6 0
7 0
8 0
9 0
9
1 202.182
2 0
3 0
4 0
5 0
6 0
7 0
8 0
9 0
9
1 202.769
2 0
3 0
4 0
5 0
6 0
7 0
8 0
9 0
9
1 205.846
2 0
3 0
4 0
5 0
6 0
7 0
8 0
9 0
9
1 206.545
2 0
3 0
4 0
5 0
6 0
7 0
8 0
9 0
9
1 207.636
2 0
3 0
4 0
5 0
6 0
7 0
8 0
9 0
9
1 209.333
2 0
3 0
4 0
5 0
6 0
7 0
8 0
9 0
9
1 213.818
2 0
3 0
4 0
5 0
6 0
7 0
8 0
9 0
9
1 214.462
2 0
3 0
4 0
5 0
6 0
7 0
8 0
9 0
9
1 215.692
2 0
3 0
4 0
5 0
6 0
7 0
8 0
9 0
9
1 218.182
2 0
3 0
4 0
5 0
6 0
7 0
8 0
9 0
9
1 218.4
2 0
3 0
4 0
5 0
6 0
7 0
8 0
9 0
9
1 222.769
2 0
3 0
4 0
5 0
6 0
7 0
8 0
9 0
9
1 222.154
2 0
3 0
4 0
5 0
6 0
7 0
8 0
9 0
9
1 222.909
2 0
3 0
4 0
5 0
6 0
7 0
8 0
9 0
9
1 226.182
2 0
3 0
4 0
5 0
6 0
7 0
8 0
9 0
9
1 227.077
2 0
3 0
4 0
5 0
6 0
7 0
8 0
9 0
9
1 228
2 0
3 0
4 0
5 0
6 0
7 0
8 0
9 0
9
1 229.6
2 0
3 0
4 0
5 0
6 0
7 0
8 0
9 0
9
1 230.182
2 0
3 0
4 0
5 0
6 0
7 0
8 0
9 0
