9
1 0
2 0
3 0
4 0
5 0
6 102.5
7 0
8 0
9 302.4
9
1 0
2 0
3 0
4 0
5 0
6 101.714
7 0
8 79.4286
9 302.667
9
1 0
2 0
3 0
4 0
5 0
6 104.444
7 0
8 0
9 304.333
9
1 0
2 0
3 0
4 0
5 0
6 102.4
7 0
8 0
9 302.154
9
1 0
2 0
3 0
4 0
5 0
6 102.909
7 0
8 0
9 301.6
9
1 0
2 0
3 0
4 0
5 0
6 0
7 0
8 0
9 303.636
9
1 0
2 0
3 0
4 0
5 0
6 108.8
7 0
8 0
9 305
9
1 0
2 0
3 0
4 0
5 0
6 110
7 0
8 0
9 303.273
9
1 0
2 0
3 0
4 0
5 0
6 112
7 0
8 0
9 303.6
9
1 0
2 0
3 0
4 0
5 0
6 119.111
7 0
8 0
9 302.545
9
1 0
2 0
3 0
4 0
5 0
6 125.6
7 0
8 0
9 301.818
9
1 0
2 0
3 0
4 0
5 0
6 128.4
7 0
8 0
9 300.444
9
1 0
2 0
3 0
4 0
5 0
6 132.364
7 0
8 0
9 301.2
9
1 0
2 0
3 0
4 0
5 0
6 136.889
7 0
8 91
9 300.333
9
1 0
2 0
3 0
4 0
5 0
6 139.2
7 0
8 94.5
9 299.692
9
1 0
2 0
3 0
4 0
5 0
6 143.692
7 0
8 95.4286
9 298.182
9
1 0
2 0
3 0
4 0
5 0
6 146.222
7 0
8 99.4286
9 297.091
9
1 0
2 0
3 0
4 0
5 0
6 151.636
7 0
8 100
9 293.231
9
1 0
2 0
3 0
4 0
5 0
6 154.667
7 0
8 100
9 292.615
9
1 0
2 0
3 0
4 0
5 86.8571
6 157.818
7 0
8 103
9 289.455
9
1 0
2 0
3 0
4 0
5 0
6 162.909
7 0
8 103.273
9 286.333
9
1 0
2 0
3 0
4 0
5 101.143
6 166.667
7 0
8 103.6
9 283
9
1 0
2 0
3 0
4 0
5 105
6 171.385
7 0
8 108
9 278.667
9
1 0
2 0
3 0
4 0
5 110.857
6 174.462
7 0
8 109.143
9 271.273
9
1 0
2 0
3 0
4 0
5 113
6 176
7 0
8 107.6
9 265.846
9
1 0
2 0
3 0
4 0
5 117.143
6 180
7 0
8 110.667
9 256.923
9
1 0
2 0
3 0
4 0
5 122.5
6 184
7 0
8 111.111
9 252
9
1 0
2 0
3 0
4 0
5 129.143
6 184
7 0
8 112
9 246.182
9
1 0
2 0
3 0
4 0
5 135.5
6 189.091
7 0
8 110.182
9 235.077
9
1 0
2 0
3 0
4 0
5 143.429
6 189.846
7 0
8 113.333
9 224.923
9
1 0
2 0
3 0
4 0
5 148
6 194.154
7 0
8 111
9 218.545
9
1 0
2 0
3 0
4 0
5 155.5
6 194
7 0
8 108.571
9 209.667
9
1 0
2 0
3 0
4 0
5 160.571
6 198.909
7 0
8 111.2
9 203.077
9
1 0
2 0
3 0
4 0
5 169.333
6 197.846
7 0
8 109.6
9 192
9
1 0
2 0
3 0
4 0
5 180.5
6 200.308
7 0
8 114.667
9 179.6
9
1 0
2 0
3 0
4 0
5 186.667
6 197.455
7 0
8 108
9 172.308
9
1 0
2 0
3 0
4 0
5 194.857
6 200
7 0
8 108.5
9 164.308
9
1 0
2 0
3 0
4 0
5 200.8
6 200.615
7 0
8 105.333
9 159.077
9
1 0
2 0
3 0
4 0
5 206.667
6 198.154
7 0
8 106
9 153.091
9
1 0
2 0
3 0
4 0
5 211.429
6 200
7 0
8 105.778
9 149.667
9
1 0
2 0
3 0
4 0
5 219.429
6 200
7 0
8 102
9 141
9
1 0
2 0
3 0
4 0
5 222.667
6 197.231
7 0
8 104.444
9 139
9
1 0
2 0
3 0
4 0
5 228.571
6 199.692
7 0
8 102.222
9 131.636
9
1 0
2 0
3 0
4 0
5 238.5
6 194.182
7 0
8 98.5
9 124.615
9
1 0
2 0
3 0
4 0
5 245.714
6 193.538
7 0
8 95.2727
9 113.2
9
1 0
2 0
3 81.1429
4 0
5 248.5
6 191.385
7 0
8 0
9 106.462
9
1 0
2 0
3 82.8571
4 0
5 250.8
6 188.923
7 0
8 92.5714
9 104.4
9
1 0
2 0
3 0
4 0
5 255
6 188.727
7 0
8 92.5
9 101.6
9
1 0
2 0
3 84
4 0
5 257
6 185.846
7 0
8 89.6
9 92.3333
9
1 0
2 0
3 0
4 0
5 260.4
6 182.154
7 0
8 86.4615
9 87
9
1 0
2 0
3 0
4 0
5 263.2
6 178.154
7 0
8 0
9 83.4286
9
1 0
2 0
3 90.2857
4 0
5 264
6 176.727
7 0
8 81.7778
9 80.7273
9
1 0
2 0
3 0
4 0
5 266.909
6 173.846
7 0
8 81
9 76.8
9
1 0
2 0
3 97.4545
4 0
5 267.077
6 169.846
7 0
8 78.8
9 80.4444
9
1 0
2 0
3 98
4 0
5 267.2
6 165.333
7 0
8 76
9 68.4444
9
1 0
2 0
3 102.667
4 0
5 267.273
6 162.182
7 0
8 71.6364
9 65.6
9
1 0
2 0
3 103
4 0
5 266.8
6 158.154
7 0
8 70.6667
9 60.8889
9
1 0
2 64.5714
3 102.909
4 0
5 267.2
6 157.846
7 0
8 66.8571
9 0
9
1 0
2 0
3 104.5
4 0
5 266.222
6 152.364
7 0
8 0
9 0
9
1 0
2 0
3 106.4
4 0
5 265.333
6 145.455
7 0
8 62
9 0
9
1 0
2 0
3 108
4 0
5 261
6 141.231
7 0
8 61.1429
9 0
9
1 0
2 77
3 109.091
4 0
5 258.154
6 136
7 0
8 0
9 0
9
1 0
2 86.2857
3 110.154
4 0
5 251.333
6 128.667
7 0
8 0
9 0
9
1 0
2 92.4
3 113.231
4 0
5 247.6
6 122.8
7 0
8 0
9 0
9
1 0
2 97.5
3 110.909
4 0
5 239.333
6 114.8
7 0
8 0
9 0
9
1 0
2 105.6
3 112.923
4 63.5
5 233
6 110.333
7 0
8 0
9 0
9
1 0
2 108
3 113.538
4 63.1111
5 223.636
6 109.333
7 0
8 0
9 0
9
1 0
2 112.333
3 112
4 65.1429
5 220.4
6 101.6
7 0
8 0
9 0
9
1 0
2 116
3 109.455
4 66.6667
5 213.455
6 97
7 0
8 0
9 0
9
1 0
2 122
3 108.923
4 71.6
5 204.923
6 93
7 0
8 0
9 0
9
1 0
2 126.769
3 108
4 72.3636
5 197.818
6 0
7 0
8 0
9 0
9
1 0
2 128.615
3 109.455
4 73.3333
5 193.455
6 88.5
7 0
8 0
9 0
9
1 0
2 132.727
3 108.364
4 74.3333
5 187.077
6 82
7 0
8 0
9 0
9
1 90.8571
2 139.333
3 105.846
4 77.2308
5 176.308
6 77.7143
7 0
8 0
9 0
9
1 97.7778
2 145.231
3 104
4 77.2308
5 165.667
6 0
7 0
8 0
9 0
9
1 103.429
2 151.385
3 103.636
4 79.6364
5 157.455
6 0
7 0
8 0
9 0
9
1 0
2 156.364
3 100.727
4 82.6667
5 150.154
6 0
7 0
8 0
9 0
9
1 117.143
2 160
3 98.1538
4 82.5714
5 141.846
6 0
7 0
8 0
9 0
9
1 121.5
2 162.462
3 97.8462
4 85.5385
5 141
6 0
7 0
8 0
9 0
9
1 124.571
2 165.538
3 94.1818
4 86.9091
5 136.727
6 0
7 0
8 0
9 0
9
1 0
2 171.273
3 94.6667
4 84.8571
5 131
6 0
7 0
8 0
9 0
9
1 139.111
2 172.308
3 88.8
4 90.1538
5 121.231
6 0
7 0
8 0
9 0
9
1 149.778
2 177.231
3 86.2222
4 89.8462
5 115.636
6 0
7 0
8 0
9 0
9
1 153.778
2 180.667
3 0
4 90.9091
5 111
6 0
7 0
8 0
9 0
9
1 0
2 181.818
3 0
4 90
5 106.154
6 0
7 0
8 0
9 0
9
1 164
2 184
3 0
4 90.7692
5 102.667
6 0
7 0
8 0
9 0
9
1 170.286
2 186.769
3 0
4 91.2727
5 98.1818
6 0
7 0
8 0
9 0
9
1 178.857
2 187.636
3 0
4 92
5 93.8462
6 0
7 0
8 0
9 0
9
1 0
2 185.333
3 0
4 92.3077
5 87.2727
6 0
7 0
8 0
9 0
9
1 0
2 188.615
3 0
4 91.6923
5 83.6923
6 0
7 0
8 0
9 0
9
1 0
2 187.692
3 0
4 92.7273
5 80
6 0
7 0
8 0
9 0
9
1 0
2 188.727
3 0
4 90.1818
5 76.6667
6 0
7 0
8 0
9 0
9
1 0
2 178.286
3 0
4 90.3333
5 74.1818
6 0
7 0
8 0
9 0
9
1 213.143
2 176.286
3 0
4 89.3333
5 70
6 0
7 0
8 0
9 0
9
1 217.714
2 187.077
3 0
4 87.1111
5 72
6 0
7 0
8 0
9 0
9
1 0
2 185.455
3 0
4 91.6923
5 65.2
6 0
7 0
8 0
9 0
9
1 224.5
2 184
3 0
4 90.3333
5 62
6 0
7 0
8 0
9 0
9
1 207.5
2 184.923
3 0
4 87.6667
5 63.1111
6 0
7 0
8 0
9 0
9
1 231.429
2 183.333
3 0
4 84
5 0
6 0
7 0
8 0
9 0
9
1 238.286
2 179.273
3 0
4 88.6667
5 0
6 0
7 0
8 0
9 0
9
1 240
2 178.154
3 0
4 84.3077
5 0
6 0
7 0
8 0
9 0
9
1 222
2 177.231
3 0
4 84
5 0
6 0
7 0
8 0
9 0
9
1 243.5
2 172.727
3 0
4 86.4
5 0
6 0
7 0
8 0
9 0
9
1 0
2 174.909
3 0
4 82.2222
5 0
6 0
7 0
8 0
9 0
9
1 246.857
2 174.154
3 0
4 84.8
5 0
6 0
7 0
8 0
9 0
9
1 249
2 173.231
3 0
4 83.6
5 0
6 0
7 0
8 0
9 0
9
1 248
2 172.727
3 0
4 82.6667
5 0
6 0
7 0
8 0
9 0
9
1 0
2 172.333
3 0
4 84.6154
5 0
6 0
7 0
8 0
9 0
9
1 0
2 173.231
3 0
4 83.3846
5 0
6 0
7 0
8 0
9 0
9
1 233.333
2 172.923
3 0
4 84
5 0
6 0
7 0
8 0
9 0
