9
1 0
2 0
3 0
4 0
5 261.818
6 180
7 0
8 183.879
9 188.308
9
1 0
2 0
3 0
4 0
5 263.333
6 180.923
7 0
8 182.235
9 186.872
9
1 0
2 0
3 0
4 0
5 264
6 181.026
7 0
8 186.545
9 189.026
9
1 0
2 0
3 0
4 0
5 268.645
6 178.564
7 0
8 189.529
9 183.077
9
1 0
2 0
3 0
4 0
5 226.667
6 196.865
7 0
8 157.037
9 238.824
9
1 0
2 0
3 0
4 0
5 197.481
6 210.256
7 0
8 127.355
9 269.949
9
1 0
2 0
3 0
4 0
5 196.462
6 212
7 0
8 126.345
9 268.923
9
1 0
2 0
3 0
4 0
5 202
6 213.128
7 0
8 130.75
9 264.526
9
1 0
2 0
3 0
4 0
5 0
6 206.5
7 0
8 127.429
9 0
9
1 0
2 0
3 0
4 0
5 208
6 210.08
7 0
8 133.5
9 255.833
9
1 0
2 0
3 0
4 0
5 200.857
6 201.818
7 0
8 132.25
9 244.211
9
1 0
2 0
3 0
4 0
5 214.8
6 206.069
7 0
8 137.143
9 243.067
9
1 0
2 0
3 49.1429
4 0
5 219.692
6 206.667
7 0
8 142.182
9 246.359
9
1 0
2 0
3 49.0909
4 0
5 221.077
6 206.974
7 0
8 141.467
9 245.744
9
1 0
2 0
3 51.3333
4 0
5 219.077
6 205.744
7 0
8 140.727
9 246.811
9
1 0
2 0
3 52.4444
4 0
5 220
6 206.974
7 0
8 142.143
9 247.692
9
1 0
2 0
3 0
4 0
5 220.148
6 207.077
7 0
8 142.182
9 246.974
9
1 0
2 0
3 0
4 0
5 220
6 207.282
7 0
8 141.125
9 246.632
9
1 0
2 0
3 0
4 0
5 0
6 0
7 0
8 0
9 0
9
1 0
2 0
3 0
4 0
5 0
6 0
7 0
8 0
9 0
9
1 0
2 0
3 0
4 0
5 0
6 0
7 0
8 0
9 0
9
1 0
2 0
3 0
4 0
5 0
6 0
7 0
8 0
9 0
9
1 0
2 0
3 0
4 0
5 0
6 0
7 0
8 0
9 0
