9
1 0
2 0
3 0
4 0
5 0
6 101.263
7 0
8 78.5714
9 300.87
9
1 0
2 0
3 0
4 0
5 0
6 101.2
7 0
8 79.4286
9 299.167
9
1 0
2 0
3 0
4 0
5 0
6 101.895
7 0
8 78.8
9 299.304
9
1 0
2 0
3 0
4 0
5 0
6 105.8
7 0
8 80.7273
9 300.87
9
1 0
2 0
3 0
4 0
5 0
6 110.095
7 0
8 81
9 299.478
9
1 0
2 0
3 0
4 0
5 0
6 112.444
7 0
8 83.2727
9 299.333
9
1 0
2 0
3 0
4 0
5 0
6 119.294
7 0
8 84.6154
9 299.818
9
1 0
2 0
3 0
4 0
5 0
6 123.333
7 0
8 86.8571
9 298.545
9
1 0
2 0
3 0
4 0
5 0
6 128.4
7 0
8 89.8462
9 298.435
9
1 0
2 0
3 0
4 0
5 0
6 127.619
7 0
8 89.5
9 297.217
9
1 0
2 0
3 0
4 0
5 0
6 135.4
7 0
8 92.8
9 296.32
9
1 0
2 0
3 0
4 0
5 69
6 137.636
7 0
8 94.75
9 296
9
1 0
2 0
3 0
4 0
5 74.8
6 142.167
7 0
8 97.2632
9 295.091
9
1 0
2 0
3 0
4 0
5 79.1111
6 151.304
7 0
8 98.7368
9 292
9
1 0
2 0
3 0
4 0
5 86.75
6 154.667
7 0
8 100.941
9 289.44
9
1 0
2 0
3 0
4 0
5 91.2727
6 159.304
7 0
8 103.429
9 286.154
9
1 0
2 0
3 0
4 0
5 101.25
6 162.167
7 0
8 105.412
9 280.667
9
1 0
2 0
3 0
4 0
5 106
6 167.846
7 0
8 106.316
9 273.538
9
1 0
2 0
3 0
4 0
5 112
6 175.04
7 0
8 107.25
9 263.5
9
1 0
2 0
3 0
4 0
5 118.857
6 176.148
7 0
8 108.8
9 256.8
9
1 0
2 0
3 0
4 0
5 124.286
6 182.24
7 0
8 111
9 247.259
9
1 0
2 0
3 0
4 0
5 137.75
6 186.923
7 0
8 110.667
9 229.28
9
1 0
2 0
3 0
4 0
5 144.75
6 190.24
7 0
8 111.579
9 219.852
9
1 0
2 0
3 0
4 0
5 153.25
6 192.8
7 0
8 110.25
9 207
9
1 0
2 0
3 0
4 0
5 163.5
6 195.556
7 0
8 109.143
9 194.24
9
1 0
2 0
3 0
4 0
5 173.333
6 196.96
7 0
8 109.75
9 182.308
9
1 0
2 0
3 0
4 0
5 186.105
6 197.185
7 0
8 108
9 172.64
9
1 0
2 0
3 0
4 0
5 200.222
6 197.76
7 0
8 106
9 156.741
9
1 0
2 0
3 64.6667
4 0
5 215.333
6 197.28
7 0
8 104.952
9 143.04
9
1 0
2 0
3 69.6
4 0
5 225.333
6 195.111
7 0
8 99.6364
9 132.769
9
1 0
2 0
3 0
4 0
5 229.556
6 193.6
7 0
8 99.3333
9 124.5
9
1 0
2 0
3 76.5
4 0
5 240.667
6 192.889
7 0
8 97.6364
9 116.5
9
1 0
2 0
3 81.3333
4 0
5 247.81
6 187.68
7 0
8 90.8571
9 103.111
9
1 0
2 0
3 85.0667
4 0
5 253.4
6 183.52
7 0
8 88.4211
9 92.6316
9
1 0
2 0
3 86
4 0
5 256
6 181.12
7 0
8 85.1765
9 90.56
9
1 0
2 0
3 88.4706
4 0
5 261.176
6 178.24
7 0
8 83.2
9 85.0909
9
1 0
2 0
3 93.1765
4 0
5 261.636
6 173.037
7 0
8 78.6667
9 77.1667
9
1 0
2 53
3 96.6667
4 0
5 265.474
6 165.76
7 0
8 74.5714
9 71.3684
9
1 0
2 57.1429
3 98.6667
4 0
5 265.92
6 160
7 0
8 71.4286
9 61.7143
9
1 0
2 63.2
3 101.684
4 0
5 264
6 154.72
7 0
8 68.4706
9 59
9
1 0
2 66.4
3 103.2
4 0
5 263.429
6 148.32
7 0
8 64
9 54.8571
9
1 0
2 71.6
3 102.727
4 0
5 261.565
6 143.852
7 0
8 60
9 51.6
9
1 0
2 79.5294
3 103.5
4 0
5 255.619
6 136.32
7 0
8 56.3333
9 0
9
1 50.2222
2 86.4615
3 103
4 53.7143
5 247.13
6 124.8
7 0
8 54.6667
9 0
9
1 52
2 95
3 89.6364
4 57.7143
5 244.4
6 122
7 0
8 54.2857
9 0
9
1 54.3333
2 95.7647
3 79.84
4 57
5 238.609
6 116.667
7 0
8 0
9 0
9
1 58.9091
2 107.556
3 78.2609
4 61.5
5 229.043
6 109.44
7 0
8 0
9 0
9
1 67.2
2 113.4
3 90.4615
4 65.6667
5 216.48
6 101.474
7 0
8 0
9 0
9
1 76
2 122
3 101.44
4 69.6
5 203.704
6 90.4444
7 0
8 0
9 0
9
1 81.4286
2 127.36
3 98.08
4 71.04
5 191
6 88
7 0
8 0
9 0
9
1 86.8571
2 132.48
3 96.6154
4 73.28
5 185.481
6 81.8462
7 0
8 0
9 0
9
1 92.2857
2 140
3 97.3333
4 76.8333
5 174.4
6 78.1538
7 0
8 0
9 0
9
1 96.8
2 142.714
3 99.2593
4 77.7778
5 165.28
6 73.4545
7 0
8 0
9 0
9
1 103.733
2 145.077
3 98.4
4 80.96
5 158.308
6 67.3333
7 0
8 0
9 0
9
1 112.5
2 152.143
3 97.92
4 82.72
5 147.84
6 62.4
7 0
8 0
9 0
9
1 117.6
2 158.24
3 96.8333
4 84.2963
5 140.593
6 0
7 0
8 0
9 0
9
1 121.25
2 158.154
3 93.76
4 85.6
5 137.6
6 0
7 0
8 0
9 0
9
1 134.462
2 166.37
3 90.7826
4 88.3333
5 123.84
6 0
7 0
8 0
9 0
9
1 146.571
2 175.2
3 84.2
4 89.44
5 113.667
6 0
7 0
8 0
9 0
9
1 151.733
2 177.037
3 84.4444
4 90.72
5 108.167
6 0
7 0
8 0
9 0
9
1 165.143
2 180.8
3 79
4 90.4615
5 98.8148
6 0
7 0
8 0
9 0
9
1 176
2 182.56
3 75.6364
4 91.6522
5 90.88
6 0
7 0
8 0
9 0
9
1 182
2 177.385
3 74.6667
4 93.5385
5 87.2593
6 0
7 0
8 0
9 0
9
1 189.714
2 183.84
3 71.2727
4 93.5
5 83.4783
6 0
7 0
8 0
9 0
9
1 194
2 185.63
3 69.2
4 92
5 78.8333
6 0
7 0
8 0
9 0
9
1 204.267
2 184.32
3 68.4444
4 93.1667
5 74.963
6 0
7 0
8 0
9 0
9
1 209.412
2 184
3 70
4 90.7826
5 72.4
6 0
7 0
8 0
9 0
9
1 204.5
2 183.2
3 0
4 91.5
5 68.1905
6 0
7 0
8 0
9 0
9
1 190.824
2 177.538
3 0
4 91.6667
5 64.4
6 0
7 0
8 0
9 0
9
1 227.333
2 180.889
3 0
4 89.1852
5 59.6364
6 0
7 0
8 0
9 0
9
1 210.353
2 176
3 0
4 88.5714
5 58.3529
6 0
7 0
8 0
9 0
9
1 223.25
2 173.714
3 0
4 87.2381
5 55.4286
6 0
7 0
8 0
9 0
9
1 237.143
2 175.84
3 0
4 89.1429
5 57.5556
6 0
7 0
8 0
9 0
9
1 241.5
2 174.88
3 0
4 87.0909
5 52
6 0
7 0
8 0
9 0
9
1 243
2 173.385
3 0
4 87.6667
5 50.8
6 0
7 0
8 0
9 0
9
1 231.733
2 170.88
3 0
4 85.8182
5 0
6 0
7 0
8 0
9 0
9
1 246.286
2 168.444
3 0
4 84.5455
5 0
6 0
7 0
8 0
9 0
9
1 248
2 165.76
3 0
4 83.3043
5 0
6 0
7 0
8 0
9 0
9
1 249.6
2 163.538
3 0
4 82.7368
5 0
6 0
7 0
8 0
9 0
9
1 239.467
2 163.36
3 0
4 83.04
5 0
6 0
7 0
8 0
9 0
9
1 252.667
2 160.96
3 0
4 80
5 0
6 0
7 0
8 0
9 0
9
1 232.8
2 158.37
3 0
4 81.3333
5 0
6 0
7 0
8 0
9 0
9
1 254.857
2 154.4
3 0
4 78.2857
5 0
6 0
7 0
8 0
9 0
9
1 257.75
2 153.037
3 0
4 77.8182
5 0
6 0
7 0
8 0
9 0
9
1 256
2 153.44
3 0
4 78.3333
5 0
6 0
7 0
8 0
9 0
9
1 256.923
2 151.52
3 0
4 76
5 0
6 0
7 0
8 0
9 0
9
1 257.231
2 153.778
3 0
4 77.2727
5 0
6 0
7 0
8 0
9 0
9
1 258.571
2 152.96
3 0
4 78.4
5 0
6 0
7 0
8 0
9 0
9
1 256.533
2 152.593
3 0
4 76
5 0
6 0
7 0
8 0
9 0
9
1 258
2 152
3 0
4 77.9048
5 0
6 0
7 0
8 0
9 0
9
1 257.538
2 152.64
3 0
4 78.6667
5 0
6 0
7 0
8 0
9 0
9
1 258.667
2 151.538
3 0
4 78.6667
5 0
6 0
7 0
8 0
9 0
9
1 257.846
2 153.76
3 0
4 76.2
5 0
6 0
7 0
8 0
9 0
9
1 257.429
2 151.704
3 0
4 77.4545
5 0
6 0
7 0
8 0
9 0
9
1 258.286
2 154.4
3 0
4 78.8
5 0
6 0
7 0
8 0
9 0
9
1 241.6
2 157.481
3 0
4 78.7273
5 0
6 0
7 0
8 0
9 0
9
1 254.222
2 160.32
3 0
4 85.3333
5 0
6 0
7 0
8 0
9 0
9
1 248.571
2 164.96
3 0
4 89.5
5 0
6 0
7 0
8 0
9 0
9
1 201.333
2 157.926
3 0
4 110.957
5 64.3333
6 0
7 0
8 0
9 0
9
1 179.733
2 154.615
3 66.8571
4 122.957
5 89.2308
6 0
7 0
8 0
9 0
9
1 128.5
2 141.185
3 75.0769
4 118.833
5 134.88
6 0
7 0
8 0
9 0
9
1 84.25
2 123.68
3 91.2
4 87.5714
5 193.692
6 76.3333
7 0
8 0
9 0
9
1 67.2727
2 105.091
3 93.6
4 76
5 225.913
6 91
7 0
8 0
9 0
9
1 64.75
2 103.6
3 92.5926
4 75.2308
5 231.5
6 94
7 0
8 0
9 0
9
1 0
2 103.636
3 95.2
4 76
5 231.333
6 92.8
7 0
8 0
9 0
9
1 65.0909
2 104.16
3 95.5556
4 75.3043
5 230.833
6 94.6667
7 0
8 44
9 0
9
1 65.8182
2 101.333
3 96
4 74.5
5 232.96
6 97.8667
7 0
8 0
9 0
9
1 66.8
2 101.895
3 95.2
4 74
5 234.08
6 98.3333
7 0
8 0
9 0
9
1 65.7778
2 105.143
3 96
4 75.0769
5 232.32
6 96.8571
7 0
8 46.2857
9 0
9
1 67
2 102.909
3 95.4783
4 74.1667
5 233.6
6 96.3077
7 0
8 0
9 0
9
1 64.5714
2 104
3 95.8462
4 74.6667
5 233.043
6 96.9231
7 0
8 56
9 0
9
1 67
2 103.652
3 94.5
4 74
5 233.217
6 95.4286
7 0
8 0
9 0
9
1 70.5455
2 103.789
3 96.1481
4 74.087
5 233.167
6 95.6923
7 0
8 0
9 0
9
1 66
2 103.619
3 95.8333
4 74.5
5 233.538
6 95.0769
7 0
8 0
9 0
