9
1 0
2 0
3 0
4 0
5 0
6 104.667
7 0
8 83.0588
9 301.5
9
1 0
2 0
3 0
4 0
5 0
6 103.8
7 0
8 83.6667
9 302.435
9
1 0
2 0
3 0
4 0
5 0
6 106.667
7 0
8 83
9 300.19
9
1 0
2 0
3 0
4 0
5 0
6 107
7 0
8 83.2
9 301.667
9
1 0
2 0
3 0
4 0
5 0
6 112.444
7 0
8 84.25
9 302.095
9
1 0
2 0
3 0
4 0
5 0
6 115.333
7 0
8 86.7692
9 300
9
1 0
2 0
3 0
4 0
5 0
6 121.111
7 0
8 89.6667
9 300.667
9
1 0
2 0
3 0
4 0
5 59.5556
6 124.19
7 0
8 91.2
9 301.12
9
1 0
2 0
3 0
4 0
5 63.2727
6 129.217
7 0
8 94.1333
9 298.88
9
1 0
2 0
3 0
4 0
5 66.2222
6 131.429
7 0
8 95.0769
9 299.636
9
1 0
2 0
3 0
4 0
5 67.5
6 133.333
7 0
8 95.5556
9 299.36
9
1 0
2 0
3 0
4 0
5 70.6667
6 136.48
7 0
8 96.2857
9 297.524
9
1 0
2 0
3 0
4 0
5 0
6 141.895
7 0
8 98.75
9 297.333
9
1 0
2 0
3 0
4 0
5 77.7143
6 148
7 0
8 100.364
9 294.24
9
1 0
2 0
3 0
4 0
5 0
6 149.833
7 0
8 102.667
9 292.64
9
1 0
2 0
3 0
4 0
5 84.5714
6 153.913
7 0
8 102.444
9 291.2
9
1 0
2 0
3 0
4 0
5 88.5333
6 157.077
7 0
8 103.579
9 289.12
9
1 0
2 0
3 0
4 0
5 94
6 160.833
7 0
8 105.455
9 286.88
9
1 0
2 0
3 0
4 0
5 99.1429
6 163.833
7 0
8 106.75
9 281.76
9
1 0
2 0
3 0
4 0
5 103.333
6 166.833
7 0
8 106.526
9 279.077
9
1 0
2 0
3 0
4 0
5 104.667
6 168.64
7 0
8 108.667
9 275.68
9
1 0
2 0
3 0
4 0
5 106
6 170.154
7 0
8 109.75
9 272
9
1 0
2 0
3 0
4 0
5 110.4
6 173.44
7 0
8 109.895
9 268.889
9
1 0
2 0
3 0
4 0
5 115
6 176.615
7 0
8 112
9 262.88
9
1 0
2 0
3 0
4 0
5 120
6 177.043
7 0
8 113.263
9 258.24
9
1 0
2 0
3 0
4 0
5 123.75
6 179.52
7 0
8 113
9 252.522
9
1 0
2 0
3 0
4 0
5 126.933
6 182.222
7 0
8 112.762
9 248.96
9
1 0
2 0
3 0
4 0
5 129.067
6 182.72
7 0
8 112.857
9 245.385
9
1 0
2 0
3 0
4 0
5 132
6 186.615
7 0
8 113.882
9 237.5
9
1 0
2 0
3 0
4 0
5 142.133
6 187.84
7 0
8 113.6
9 226.519
9
1 0
2 0
3 0
4 0
5 149.143
6 190.88
7 0
8 113.4
9 216.5
9
1 0
2 0
3 0
4 0
5 159.333
6 193.077
7 0
8 114.316
9 205.44
9
1 0
2 0
3 0
4 0
5 168
6 194.88
7 0
8 113.6
9 192.64
9
1 0
2 0
3 0
4 0
5 181
6 195.556
7 0
8 112.25
9 179.04
9
1 0
2 0
3 58.8
4 0
5 194.105
6 197.28
7 0
8 110.118
9 164.16
9
1 0
2 0
3 64.5714
4 0
5 205.053
6 197.846
7 0
8 108
9 154.783
9
1 0
2 0
3 65.3333
4 0
5 215.789
6 197.44
7 0
8 106.6
9 145.037
9
1 0
2 0
3 67.6364
4 0
5 222.316
6 196
7 0
8 103.556
9 135.455
9
1 0
2 0
3 72
4 0
5 235.158
6 194.815
7 0
8 101.895
9 126.476
9
1 0
2 0
3 72.8
4 0
5 240.25
6 192.96
7 0
8 99.3333
9 117.905
9
1 0
2 0
3 78
4 0
5 246.889
6 190.667
7 0
8 96.6316
9 111.84
9
1 0
2 0
3 81.0909
4 0
5 251.25
6 188.32
7 0
8 93.2632
9 105.667
9
1 0
2 0
3 83.1111
4 0
5 257.474
6 183.52
7 0
8 88
9 95.6
9
1 0
2 0
3 87.0588
4 0
5 259.619
6 179.2
7 0
8 87.2941
9 89.44
9
1 0
2 0
3 87.7333
4 0
5 260.6
6 176.32
7 0
8 83.5556
9 87
9
1 0
2 0
3 88.5714
4 0
5 263.368
6 174.815
7 0
8 84
9 82.2
9
1 0
2 0
3 94.8889
4 0
5 265.333
6 170.4
7 0
8 80.5
9 75.8261
9
1 0
2 0
3 97.8824
4 0
5 265.667
6 164.308
7 0
8 74.8235
9 70
9
1 0
2 58.8571
3 99.4286
4 0
5 266.588
6 155.84
7 0
8 71.7333
9 61.7143
9
1 0
2 61.4545
3 99.0476
4 0
5 266.2
6 152.64
7 0
8 66.5714
9 57.3333
9
1 0
2 68
3 105.895
4 0
5 265.391
6 146.222
7 0
8 63.5556
9 0
9
1 0
2 72.6667
3 106.957
4 0
5 262.286
6 138.963
7 0
8 61.4545
9 51.4286
9
1 44
2 78.4444
3 108.174
4 0
5 257.333
6 134.4
7 0
8 57.0909
9 0
9
1 0
2 86.5
3 111.333
4 56
5 250.56
6 129.077
7 0
8 54.4
9 0
9
1 55.1111
2 89.4545
3 110.435
4 56.6667
5 248.545
6 123.68
7 0
8 50.8
9 0
9
1 53.2308
2 95.4
3 111.111
4 65.6
5 240.545
6 116.87
7 0
8 50.9091
9 0
9
1 58.2222
2 104
3 110.72
4 61.2
5 229.739
6 111.68
7 0
8 0
9 0
9
1 65.2
2 111.4
3 110.222
4 65.6842
5 221.913
6 105.524
7 0
8 0
9 0
9
1 71
2 117.4
3 111.04
4 69.1429
5 210.833
6 97.3913
7 0
8 0
9 0
9
1 78.4615
2 125.217
3 108.615
4 69.0909
5 198.5
6 91.75
7 0
8 0
9 0
9
1 86.4615
2 132.667
3 106.08
4 73.28
5 187.231
6 83.4667
7 0
8 0
9 0
9
1 91.2941
2 138.56
3 105.28
4 75.6522
5 177.44
6 79.3846
7 0
8 0
9 0
9
1 99
2 145.077
3 102.667
4 79.04
5 166.72
6 73.3333
7 0
8 0
9 0
9
1 108
2 150.4
3 100.16
4 81.92
5 154.667
6 66.3333
7 0
8 0
9 0
9
1 115.75
2 157.926
3 96.4444
4 83.84
5 142.88
6 61.2
7 0
8 0
9 0
9
1 121.667
2 160
3 94
4 85.3846
5 136.154
6 0
7 0
8 0
9 0
9
1 131.333
2 163.111
3 92
4 87.8261
5 129.76
6 58.2857
7 0
8 0
9 0
9
1 138.5
2 172.32
3 89.0909
4 86.2857
5 120.593
6 0
7 0
8 0
9 0
9
1 146.222
2 176.64
3 87.3333
4 87.0769
5 114.56
6 0
7 0
8 0
9 0
9
1 155.25
2 179.556
3 82.7692
4 90.4615
5 108.64
6 0
7 0
8 0
9 0
9
1 164.571
2 182.88
3 82
4 91.52
5 101.231
6 0
7 0
8 0
9 0
9
1 170.316
2 183.407
3 79.3333
4 91.36
5 97.76
6 0
7 0
8 0
9 0
9
1 180.533
2 184.769
3 76
4 91.2308
5 89.4815
6 0
7 0
8 0
9 0
9
1 184.471
2 185.28
3 73.3333
4 92.8
5 86.5455
6 0
7 0
8 0
9 0
9
1 190.286
2 185.692
3 72.3636
4 94.1538
5 81.28
6 0
7 0
8 0
9 0
9
1 198.286
2 186.56
3 0
4 92.3478
5 77.2174
6 0
7 0
8 0
9 0
9
1 200.75
2 181
3 69.5
4 90.6087
5 71.2
6 0
7 0
8 0
9 0
9
1 216.923
2 185.44
3 0
4 89.6
5 66.8333
6 0
7 0
8 0
9 0
9
1 211
2 184.462
3 0
4 87.52
5 63.7778
6 0
7 0
8 0
9 0
9
1 218.571
2 181.76
3 0
4 88.1739
5 58.8571
6 0
7 0
8 0
9 0
