9
1 0
2 0
3 0
4 0
5 0
6 98.6667
7 0
8 76.7273
9 301.167
9
1 0
2 0
3 0
4 0
5 0
6 99.7778
7 0
8 77.7143
9 300.696
9
1 0
2 0
3 0
4 0
5 0
6 101.556
7 0
8 78
9 301.391
9
1 0
2 0
3 0
4 0
5 0
6 108
7 0
8 82.1818
9 301.6
9
1 0
2 0
3 0
4 0
5 0
6 112.5
7 0
8 88
9 302.857
9
1 0
2 0
3 0
4 0
5 0
6 118
7 0
8 86.1538
9 301.818
9
1 0
2 0
3 0
4 0
5 0
6 125.263
7 0
8 86.2222
9 300.833
9
1 0
2 0
3 0
4 0
5 0
6 126.095
7 0
8 88.4211
9 301
9
1 0
2 0
3 0
4 0
5 0
6 130.316
7 0
8 91.2941
9 300.16
9
1 0
2 0
3 0
4 0
5 73.2
6 136.19
7 0
8 93.8824
9 300
9
1 0
2 0
3 0
4 0
5 69
6 140.348
7 0
8 95.5556
9 299.04
9
1 0
2 0
3 0
4 0
5 70.5455
6 141.905
7 0
8 98.1538
9 297.63
9
1 0
2 0
3 0
4 0
5 76.3636
6 144
7 0
8 95.2
9 295.833
9
1 0
2 0
3 0
4 0
5 0
6 148.6
7 0
8 97.8462
9 296
9
1 0
2 0
3 0
4 0
5 82.5
6 151.429
7 0
8 101.143
9 294
9
1 0
2 0
3 0
4 0
5 83.6667
6 155.304
7 0
8 102.588
9 290.833
9
1 0
2 0
3 0
4 0
5 87.5
6 156
7 0
8 101.647
9 289.538
9
1 0
2 0
3 0
4 0
5 90.9091
6 159.5
7 0
8 102.889
9 286.08
9
1 0
2 0
3 0
4 0
5 95.6667
6 164
7 0
8 104.4
9 284
9
1 0
2 0
3 0
4 0
5 100
6 166.08
7 0
8 106.667
9 279.84
9
1 0
2 0
3 0
4 0
5 103.429
6 168.444
7 0
8 106.353
9 277.44
9
1 0
2 0
3 0
4 0
5 110.462
6 173.76
7 0
8 108.889
9 270.923
9
1 0
2 0
3 0
4 0
5 118
6 178.667
7 0
8 108
9 259.36
9
1 0
2 0
3 0
4 0
5 126.667
6 184
7 0
8 109.176
9 247.231
9
1 0
2 0
3 0
4 0
5 130.25
6 185.6
7 0
8 110.667
9 239.826
9
1 0
2 0
3 0
4 0
5 134.571
6 187.692
7 0
8 111.579
9 233.5
9
1 0
2 0
3 0
4 0
5 145.6
6 190.88
7 0
8 112
9 222.667
9
1 0
2 0
3 0
4 0
5 148
6 192.296
7 0
8 110.105
9 215.52
9
1 0
2 0
3 0
4 0
5 156.267
6 195.52
7 0
8 109.4
9 204.148
9
1 0
2 0
3 0
4 0
5 165.053
6 197.12
7 0
8 109.778
9 194.4
9
1 0
2 0
3 0
4 0
5 173.6
6 197.76
7 0
8 109.143
9 185.692
9
1 0
2 0
3 0
4 0
5 178.737
6 198.88
7 0
8 110.133
9 178.4
9
1 0
2 0
3 0
4 0
5 188
6 198.963
7 0
8 107.579
9 169.6
9
1 0
2 0
3 61.7143
4 0
5 197.412
6 199.2
7 0
8 107.5
9 161.778
9
1 0
2 0
3 66.2222
4 0
5 202.526
6 200.308
7 0
8 107.75
9 155.167
9
1 0
2 0
3 65
4 0
5 207.294
6 198.56
7 0
8 104.471
9 148.667
9
1 0
2 0
3 68.4444
4 0
5 215.294
6 199.68
7 0
8 101.818
9 142
9
1 0
2 0
3 68.5714
4 0
5 221.882
6 197.185
7 0
8 101.053
9 137.333
9
1 0
2 0
3 70.9091
4 0
5 227.733
6 195.68
7 0
8 101.273
9 130.88
9
1 0
2 0
3 76.4
4 0
5 237.273
6 193.926
7 0
8 96.6
9 119.619
9
1 0
2 0
3 79.2
4 0
5 244.75
6 191.36
7 0
8 95.2381
9 110.08
9
1 0
2 0
3 80.7273
4 0
5 249.455
6 188.48
7 0
8 90.4762
9 103.818
9
1 0
2 0
3 84
4 0
5 254.6
6 186.308
7 0
8 89.6
9 97
9
1 0
2 0
3 87.6923
4 0
5 258.286
6 181.44
7 0
8 85.0526
9 89.913
9
1 0
2 0
3 89.3333
4 0
5 262.545
6 176.444
7 0
8 80.9412
9 82.2609
9
1 0
2 0
3 90.1818
4 0
5 263.4
6 174.4
7 0
8 79.6364
9 77.5652
9
1 0
2 0
3 94
4 0
5 265.091
6 169.231
7 0
8 77.75
9 74
9
1 0
2 55.5556
3 96.4706
4 0
5 265.333
6 165.12
7 0
8 74.6667
9 67.3333
9
1 0
2 57.7143
3 99.7647
4 0
5 267.091
6 162.24
7 0
8 72.2222
9 65.6667
9
1 0
2 56.4444
3 102.857
4 0
5 266.087
6 159.704
7 0
8 71.0588
9 66.1538
9
1 0
2 61
3 101.2
4 0
5 264.762
6 159.04
7 0
8 70
9 64
9
1 0
2 59.1111
3 104.211
4 0
5 265.185
6 156.444
7 0
8 68.8
9 58.9091
9
1 0
2 63.5
3 103
4 0
5 262.947
6 151.84
7 0
8 66.4
9 57
9
1 0
2 65.8462
3 104.762
4 0
5 264.19
6 149.12
7 0
8 63.4667
9 54.1818
9
1 0
2 69.1429
3 107.111
4 0
5 263.158
6 145.385
7 0
8 62.8
9 52
9
1 0
2 73
3 108
4 0
5 260.8
6 141.28
7 0
8 58.5455
9 52.5714
9
1 0
2 77.4118
3 109.2
4 50.2857
5 257.391
6 136.296
7 0
8 60
9 0
9
1 0
2 81.2632
3 109.043
4 0
5 256.842
6 133.76
7 0
8 58.6667
9 0
9
1 0
2 81.3333
3 109.231
4 54.2857
5 254.545
6 131.84
7 0
8 55.2
9 0
9
1 0
2 82.3529
3 109.5
4 0
5 253.4
6 130.72
7 0
8 54
9 0
9
1 0
2 86.1053
3 109.846
4 0
5 251.368
6 127.36
7 0
8 55.4286
9 0
9
1 0
2 93.6471
3 111.826
4 57.7778
5 243.13
6 121.185
7 0
8 50.8
9 0
9
1 56
2 99.619
3 112
4 60.2857
5 236.833
6 113.667
7 0
8 0
9 0
9
1 61
2 107.048
3 109.92
4 64
5 226.462
6 107.478
7 0
8 0
9 0
9
1 66.2222
2 113.4
3 109.667
4 65
5 219.636
6 101.5
7 0
8 0
9 0
9
1 72.6667
2 119
3 109.037
4 65.3333
5 211.692
6 97.4737
7 0
8 0
9 0
9
1 74.5714
2 124
3 108.8
4 71.8095
5 200.696
6 91.2941
7 0
8 0
9 0
9
1 83.4286
2 129.565
3 107.111
4 74.7273
5 190.56
6 87.3333
7 0
8 0
9 0
9
1 87.2
2 133.6
3 106.08
4 73.6667
5 184.615
6 82.6667
7 0
8 0
9 0
9
1 91.5
2 138.5
3 104.96
4 74.6667
5 175.36
6 78
7 0
8 0
9 0
9
1 96.5333
2 141.76
3 103.2
4 79.1429
5 167.36
6 73.0909
7 0
8 0
9 0
9
1 102.769
2 148.16
3 101.76
4 78.4615
5 158.72
6 69.0909
7 0
8 0
9 0
9
1 111.143
2 150.714
3 98.4615
4 81.7778
5 149.6
6 62.6667
7 0
8 0
9 0
9
1 117.5
2 159.36
3 97.913
4 84.96
5 141.231
6 58.5455
7 0
8 0
9 0
9
1 124
2 159.429
3 93.8333
4 85.76
5 134.261
6 0
7 0
8 0
9 0
9
1 133.231
2 169.28
3 93.0909
4 87.0769
5 126.154
6 0
7 0
8 0
9 0
9
1 140
2 172.96
3 89.7778
4 88.16
5 118.88
6 0
7 0
8 0
9 0
9
1 145.333
2 174
3 88
4 89.92
5 116.769
6 0
7 0
8 0
9 0
9
1 149.067
2 172.615
3 85
4 91.52
5 111.84
6 0
7 0
8 0
9 0
9
1 158.588
2 179.704
3 84.2857
4 91.2
5 106.56
6 0
7 0
8 0
9 0
9
1 163.385
2 181.44
3 80.6667
4 92.6667
5 100.148
6 0
7 0
8 0
9 0
9
1 173.067
2 182.923
3 77.8182
4 92.5
5 93.5
6 0
7 0
8 0
9 0
9
1 179.143
2 184.8
3 74.7692
4 93.4815
5 89.76
6 0
7 0
8 0
9 0
9
1 184.857
2 184.32
3 75.6364
4 92.8
5 85.6667
6 0
7 0
8 0
9 0
9
1 190.933
2 185.333
3 72
4 93.6296
5 83.1667
6 0
7 0
8 0
9 0
9
1 198.933
2 185.44
3 66.8571
4 92.32
5 75.2308
6 0
7 0
8 0
9 0
9
1 210.667
2 184.444
3 66.5
4 91.2
5 68.32
6 0
7 0
8 0
9 0
9
1 220
2 182.56
3 0
4 90.7692
5 64.6667
6 0
7 0
8 0
9 0
9
1 211.733
2 182.56
3 0
4 89.7391
5 62.4762
6 0
7 0
8 0
9 0
9
1 230.25
2 181.077
3 0
4 89.7391
5 60.4
6 0
7 0
8 0
9 0
9
1 235.5
2 177.6
3 0
4 87.8261
5 57.1429
6 0
7 0
8 0
9 0
9
1 237.067
2 175.704
3 0
4 87.3333
5 54.3333
6 0
7 0
8 0
9 0
9
1 240
2 175.04
3 0
4 87.6667
5 52.4444
6 0
7 0
8 0
9 0
9
1 241.867
2 172.615
3 0
4 87.619
5 49.6
6 0
7 0
8 0
9 0
9
1 234.588
2 171.2
3 0
4 85.2727
5 48.5
6 0
7 0
8 0
9 0
9
1 248.8
2 169.12
3 0
4 84.2
5 0
6 0
7 0
8 0
9 0
9
1 248.571
2 168.296
3 0
4 83.3333
5 0
6 0
7 0
8 0
9 0
9
1 235.385
2 169.28
3 0
4 84.3478
5 0
6 0
7 0
8 0
9 0
