9
1 0
2 0
3 0
4 0
5 0
6 0
7 0
8 0
9 290.545
9
1 0
2 0
3 0
4 0
5 0
6 0
7 0
8 0
9 292
9
1 0
2 0
3 0
4 0
5 0
6 0
7 0
8 0
9 292.667
9
1 0
2 0
3 0
4 0
5 0
6 0
7 0
8 0
9 290.4
9
1 0
2 0
3 0
4 0
5 0
6 0
7 0
8 0
9 291.6
9
1 0
2 0
3 0
4 0
5 0
6 0
7 0
8 0
9 292.615
9
1 0
2 0
3 0
4 0
5 0
6 0
7 0
8 0
9 291.667
9
1 0
2 0
3 0
4 0
5 0
6 0
7 0
8 0
9 291.667
9
1 0
2 0
3 0
4 0
5 0
6 0
7 0
8 0
9 290.8
9
1 0
2 0
3 0
4 0
5 0
6 0
7 0
8 0
9 290.545
9
1 0
2 0
3 0
4 0
5 0
6 0
7 0
8 0
9 290.462
9
1 0
2 0
3 0
4 0
5 0
6 0
7 0
8 0
9 290.909
9
1 0
2 0
3 0
4 0
5 0
6 0
7 0
8 0
9 290.333
9
1 0
2 0
3 0
4 0
5 0
6 0
7 0
8 0
9 290.769
9
1 0
2 0
3 0
4 0
5 0
6 0
7 0
8 0
9 292.333
9
1 0
2 0
3 0
4 0
5 0
6 0
7 0
8 0
9 292
9
1 0
2 0
3 0
4 0
5 0
6 0
7 0
8 0
9 288.333
9
1 0
2 0
3 0
4 0
5 0
6 0
7 0
8 0
9 288
9
1 0
2 0
3 0
4 0
5 0
6 0
7 0
8 0
9 290.667
9
1 0
2 0
3 0
4 0
5 0
6 0
7 0
8 0
9 290.8
9
1 0
2 0
3 0
4 0
5 0
6 0
7 0
8 0
9 287
9
1 0
2 0
3 0
4 0
5 0
6 0
7 0
8 0
9 291
9
1 0
2 0
3 0
4 0
5 0
6 0
7 0
8 0
9 290.182
9
1 0
2 0
3 0
4 0
5 0
6 0
7 0
8 0
9 288
9
1 0
2 0
3 0
4 0
5 0
6 0
7 0
8 0
9 287.385
9
1 0
2 0
3 0
4 0
5 0
6 0
7 0
8 0
9 289.846
9
1 0
2 0
3 0
4 0
5 0
6 0
7 0
8 0
9 286.545
9
1 0
2 0
3 0
4 0
5 0
6 0
7 0
8 0
9 287.333
9
1 0
2 0
3 0
4 0
5 0
6 0
7 0
8 0
9 286.667
9
1 0
2 0
3 0
4 0
5 0
6 0
7 0
8 0
9 287.385
9
1 0
2 0
3 0
4 0
5 0
6 0
7 0
8 0
9 288
9
1 0
2 0
3 0
4 0
5 0
6 0
7 0
8 0
9 285.846
9
1 0
2 0
3 0
4 0
5 0
6 0
7 0
8 0
9 286.333
9
1 0
2 0
3 0
4 0
5 0
6 0
7 0
8 0
9 286.154
9
1 0
2 0
3 0
4 0
5 0
6 0
7 0
8 0
9 286.182
9
1 0
2 0
3 0
4 0
5 0
6 0
7 0
8 0
9 285.333
9
1 0
2 0
3 0
4 0
5 0
6 0
7 0
8 0
9 282.667
9
1 0
2 0
3 0
4 0
5 0
6 0
7 0
8 0
9 283.636
9
1 0
2 0
3 0
4 0
5 0
6 0
7 0
8 0
9 286
9
1 0
2 0
3 0
4 0
5 0
6 0
7 0
8 0
9 281
9
1 0
2 0
3 0
4 0
5 0
6 0
7 0
8 0
9 281.846
9
1 0
2 0
3 0
4 0
5 0
6 0
7 0
8 0
9 281.333
9
1 0
2 0
3 0
4 0
5 0
6 0
7 0
8 0
9 281.091
9
1 0
2 0
3 0
4 0
5 0
6 0
7 0
8 0
9 280.667
9
1 0
2 0
3 0
4 0
5 0
6 0
7 0
8 0
9 278.769
9
1 0
2 0
3 0
4 0
5 0
6 0
7 0
8 0
9 279.6
9
1 0
2 0
3 0
4 0
5 0
6 0
7 0
8 0
9 277.818
9
1 0
2 0
3 0
4 0
5 0
6 0
7 0
8 0
9 275.077
9
1 0
2 0
3 0
4 0
5 0
6 0
7 0
8 0
9 273.333
9
1 0
2 0
3 0
4 0
5 0
6 0
7 0
8 0
9 272.727
9
1 0
2 0
3 0
4 0
5 0
6 0
7 0
8 0
9 271.333
9
1 0
2 0
3 0
4 0
5 0
6 0
7 0
8 0
9 268.923
9
1 0
2 0
3 0
4 0
5 0
6 0
7 0
8 0
9 266
9
1 0
2 0
3 0
4 0
5 0
6 0
7 0
8 0
9 266.8
9
1 0
2 0
3 0
4 0
5 0
6 0
7 0
8 0
9 265.091
9
1 0
2 0
3 0
4 0
5 0
6 0
7 0
8 0
9 263.077
9
1 0
2 0
3 0
4 0
5 0
6 0
7 0
8 0
9 264.727
9
1 0
2 0
3 0
4 0
5 0
6 162.857
7 0
8 0
9 261.091
9
1 0
2 0
3 0
4 0
5 0
6 0
7 0
8 0
9 261.231
9
1 0
2 0
3 0
4 0
5 0
6 0
7 0
8 0
9 256.667
9
1 0
2 0
3 0
4 0
5 0
6 0
7 0
8 0
9 256.8
9
1 0
2 0
3 0
4 0
5 0
6 0
7 0
8 0
9 252.364
9
1 0
2 0
3 0
4 0
5 0
6 0
7 0
8 0
9 247.333
9
1 0
2 0
3 0
4 0
5 0
6 169.778
7 0
8 0
9 244.727
9
1 0
2 0
3 0
4 0
5 0
6 169.778
7 0
8 0
9 244.364
9
1 0
2 0
3 0
4 0
5 0
6 172.571
7 0
8 0
9 239.273
9
1 0
2 0
3 0
4 0
5 0
6 175.429
7 0
8 0
9 232.667
9
1 0
2 0
3 0
4 0
5 0
6 176.444
7 0
8 0
9 228
9
1 0
2 0
3 0
4 0
5 0
6 178.667
7 0
8 0
9 223.6
9
1 0
2 0
3 0
4 0
5 0
6 178
7 0
8 0
9 217.818
9
1 0
2 0
3 0
4 0
5 0
6 178.545
7 0
8 0
9 216.308
9
1 0
2 0
3 0
4 0
5 0
6 179.556
7 0
8 0
9 214.182
9
1 0
2 0
3 0
4 0
5 0
6 181.6
7 0
8 0
9 213.455
9
1 0
2 0
3 0
4 0
5 0
6 181
7 0
8 0
9 211.385
9
1 0
2 0
3 0
4 0
5 0
6 180
7 0
8 0
9 210
9
1 0
2 0
3 0
4 0
5 0
6 181.2
7 0
8 0
9 205.091
9
1 0
2 0
3 0
4 0
5 0
6 184.333
7 0
8 0
9 201.333
9
1 0
2 0
3 0
4 0
5 0
6 185.5
7 0
8 0
9 196.364
9
1 0
2 0
3 0
4 0
5 0
6 184
7 0
8 0
9 196.889
9
1 0
2 0
3 0
4 0
5 155
6 183
7 0
8 0
9 194
9
1 0
2 0
3 0
4 0
5 157.143
6 186.667
7 0
8 0
9 190.333
9
1 0
2 0
3 0
4 0
5 156.444
6 184.5
7 0
8 0
9 189.455
9
1 0
2 0
3 0
4 0
5 165.714
6 184.364
7 0
8 0
9 186
9
1 0
2 0
3 0
4 0
5 165
6 183.2
7 0
8 0
9 183.556
9
1 0
2 0
3 0
4 0
5 168
6 185.333
7 0
8 0
9 182.545
9
1 0
2 0
3 0
4 0
5 170.667
6 188
7 0
8 0
9 179.333
9
1 0
2 0
3 0
4 0
5 171.2
6 182.182
7 0
8 0
9 181.2
9
1 0
2 0
3 0
4 0
5 172.667
6 185.667
7 0
8 0
9 176
9
1 0
2 0
3 0
4 0
5 0
6 188.571
7 0
8 0
9 169.5
9
1 0
2 0
3 0
4 0
5 177.333
6 192
7 0
8 0
9 0
9
1 0
2 0
3 0
4 0
5 180
6 188.571
7 0
8 0
9 164
9
1 0
2 0
3 0
4 0
5 183.667
6 186.8
7 0
8 0
9 0
9
1 0
2 0
3 0
4 0
5 184.364
6 189.333
7 0
8 0
9 0
9
1 0
2 0
3 0
4 0
5 187.2
6 189.143
7 0
8 0
9 157.143
9
1 0
2 0
3 0
4 0
5 189.091
6 189.778
7 0
8 0
9 0
9
1 0
2 0
3 0
4 0
5 190.667
6 185.714
7 0
8 0
9 0
9
1 0
2 0
3 0
4 0
5 192.4
6 0
7 0
8 0
9 0
9
1 0
2 0
3 0
4 0
5 193.231
6 188.5
7 0
8 0
9 0
9
1 0
2 0
3 0
4 0
5 197.846
6 0
7 0
8 0
9 0
9
1 0
2 0
3 0
4 0
5 200.615
6 0
7 0
8 0
9 0
9
1 0
2 0
3 0
4 0
5 204
6 0
7 0
8 0
9 0
9
1 0
2 0
3 0
4 0
5 210
6 0
7 0
8 0
9 0
9
1 0
2 0
3 0
4 0
5 205.455
6 0
7 0
8 0
9 0
9
1 0
2 0
3 0
4 0
5 206.8
6 0
7 0
8 0
9 0
9
1 0
2 0
3 0
4 0
5 210.545
6 0
7 0
8 0
9 0
9
1 0
2 0
3 0
4 0
5 211.667
6 184.5
7 0
8 0
9 0
9
1 0
2 0
3 0
4 0
5 213.818
6 0
7 0
8 0
9 0
9
1 0
2 0
3 0
4 0
5 213.2
6 0
7 0
8 0
9 0
9
1 0
2 0
3 0
4 0
5 215.273
6 0
7 0
8 0
9 0
9
1 0
2 0
3 0
4 0
5 216.923
6 0
7 0
8 0
9 0
9
1 0
2 0
3 0
4 0
5 221.231
6 0
7 0
8 0
9 0
9
1 0
2 0
3 0
4 0
5 222.4
6 0
7 0
8 0
9 0
9
1 0
2 0
3 0
4 0
5 225.667
6 0
7 0
8 0
9 0
9
1 0
2 0
3 0
4 0
5 226.769
6 0
7 0
8 0
9 0
9
1 0
2 0
3 0
4 0
5 231.636
6 0
7 0
8 0
9 0
9
1 0
2 0
3 0
4 0
5 229.778
6 0
7 0
8 0
9 0
9
1 0
2 0
3 0
4 0
5 234.4
6 0
7 0
8 0
9 0
9
1 0
2 0
3 0
4 0
5 235.667
6 0
7 0
8 0
9 0
9
1 0
2 0
3 0
4 0
5 236
6 0
7 0
8 0
9 0
9
1 0
2 0
3 0
4 0
5 236.364
6 0
7 0
8 0
9 0
9
1 0
2 0
3 0
4 0
5 240.364
6 0
7 0
8 0
9 0
9
1 0
2 0
3 0
4 0
5 240
6 0
7 0
8 0
9 0
9
1 0
2 0
3 0
4 0
5 244.8
6 0
7 0
8 0
9 0
9
1 0
2 0
3 0
4 0
5 244.667
6 0
7 0
8 0
9 0
9
1 0
2 0
3 0
4 0
5 244.615
6 0
7 0
8 0
9 0
9
1 0
2 0
3 0
4 0
5 248
6 0
7 0
8 0
9 0
9
1 0
2 0
3 0
4 0
5 248.4
6 0
7 0
8 0
9 0
9
1 0
2 0
3 0
4 0
5 248.333
6 0
7 0
8 0
9 0
9
1 0
2 0
3 0
4 0
5 250.667
6 0
7 0
8 0
9 0
9
1 0
2 0
3 0
4 0
5 249.091
6 0
7 0
8 0
9 0
9
1 0
2 0
3 0
4 0
5 251.273
6 0
7 0
8 0
9 0
9
1 0
2 0
3 0
4 0
5 253
6 0
7 0
8 0
9 0
9
1 0
2 0
3 0
4 0
5 253
6 0
7 0
8 0
9 0
9
1 0
2 0
3 0
4 0
5 254.667
6 0
7 0
8 0
9 0
9
1 0
2 0
3 0
4 0
5 255.6
6 0
7 0
8 0
9 0
9
1 0
2 0
3 0
4 0
5 255.667
6 0
7 0
8 0
9 0
9
1 0
2 0
3 0
4 0
5 250
6 0
7 0
8 0
9 0
9
1 0
2 0
3 0
4 0
5 250.182
6 0
7 0
8 0
9 0
9
1 0
2 0
3 0
4 0
5 254.667
6 0
7 0
8 0
9 0
9
1 0
2 0
3 0
4 0
5 256.667
6 0
7 0
8 0
9 0
9
1 0
2 0
3 0
4 0
5 256.308
6 0
7 0
8 0
9 0
9
1 0
2 0
3 0
4 0
5 259.273
6 0
7 0
8 0
9 0
9
1 0
2 0
3 0
4 0
5 257.846
6 0
7 0
8 0
9 0
9
1 0
2 0
3 0
4 0
5 258.769
6 0
7 0
8 0
9 0
9
1 0
2 0
3 0
4 0
5 260
6 0
7 0
8 0
9 0
9
1 0
2 0
3 0
4 0
5 258
6 0
7 0
8 0
9 0
9
1 0
2 0
3 0
4 0
5 261.2
6 0
7 0
8 0
9 0
9
1 0
2 0
3 0
4 0
5 259.385
6 0
7 0
8 0
9 0
9
1 0
2 0
3 0
4 0
5 262.4
6 0
7 0
8 0
9 0
9
1 0
2 0
3 0
4 0
5 259.556
6 0
7 0
8 0
9 0
9
1 0
2 0
3 0
4 0
5 259.692
6 0
7 0
8 0
9 0
9
1 0
2 0
3 0
4 0
5 261.231
6 0
7 0
8 0
9 0
9
1 0
2 0
3 0
4 0
5 259.273
6 0
7 0
8 0
9 0
9
1 0
2 0
3 0
4 0
5 260.364
6 0
7 0
8 0
9 0
9
1 0
2 0
3 0
4 0
5 260
6 0
7 0
8 0
9 0
9
1 0
2 0
3 0
4 0
5 259.077
6 0
7 0
8 0
9 0
9
1 0
2 0
3 0
4 0
5 259.5
6 0
7 0
8 0
9 0
9
1 0
2 0
3 0
4 0
5 256.364
6 0
7 0
8 0
9 0
9
1 0
2 0
3 0
4 0
5 257.333
6 0
7 0
8 0
9 0
9
1 0
2 0
3 0
4 0
5 257.667
6 0
7 0
8 0
9 0
9
1 0
2 0
3 0
4 0
5 255.6
6 0
7 0
8 0
9 0
9
1 0
2 0
3 0
4 0
5 254
6 0
7 0
8 0
9 0
9
1 0
2 0
3 0
4 0
5 253.455
6 0
7 0
8 0
9 0
9
1 0
2 0
3 0
4 0
5 253.333
6 0
7 0
8 0
9 0
9
1 0
2 0
3 0
4 0
5 248.8
6 0
7 0
8 0
9 0
9
1 0
2 0
3 0
4 0
5 240.667
6 0
7 0
8 0
9 0
9
1 0
2 0
3 0
4 0
5 236.8
6 0
7 0
8 0
9 0
9
1 0
2 0
3 0
4 0
5 0
6 0
7 0
8 0
9 0
9
1 0
2 0
3 0
4 0
5 0
6 0
7 0
8 0
9 0
9
1 0
2 0
3 0
4 0
5 0
6 0
7 0
8 0
9 0
9
1 0
2 0
3 0
4 0
5 0
6 0
7 0
8 0
9 0
9
1 0
2 0
3 0
4 0
5 0
6 0
7 0
8 0
9 0
9
1 0
2 0
3 0
4 0
5 0
6 0
7 0
8 0
9 0
9
1 0
2 0
3 0
4 0
5 0
6 0
7 0
8 0
9 0
9
1 0
2 0
3 0
4 0
5 0
6 0
7 0
8 0
9 0
9
1 0
2 0
3 0
4 0
5 0
6 0
7 0
8 0
9 0
9
1 0
2 0
3 0
4 0
5 0
6 0
7 0
8 0
9 0
9
1 0
2 0
3 0
4 0
5 0
6 0
7 0
8 0
9 0
9
1 0
2 0
3 0
4 0
5 0
6 0
7 0
8 0
9 0
9
1 0
2 0
3 0
4 0
5 0
6 0
7 0
8 0
9 0
9
1 0
2 0
3 0
4 0
5 0
6 0
7 0
8 0
9 0
9
1 0
2 0
3 0
4 0
5 0
6 0
7 0
8 0
9 0
9
1 0
2 0
3 0
4 0
5 0
6 0
7 0
8 0
9 0
9
1 0
2 0
3 0
4 0
5 0
6 0
7 0
8 0
9 0
9
1 0
2 0
3 0
4 0
5 0
6 0
7 0
8 0
9 0
9
1 0
2 0
3 0
4 0
5 0
6 0
7 0
8 0
9 0
9
1 0
2 0
3 0
4 0
5 0
6 0
7 0
8 0
9 0
9
1 0
2 0
3 0
4 0
5 214.222
6 0
7 0
8 0
9 0
9
1 0
2 0
3 0
4 0
5 212
6 0
7 0
8 0
9 0
9
1 0
2 0
3 0
4 0
5 208.615
6 0
7 0
8 0
9 0
9
1 0
2 0
3 0
4 0
5 209.818
6 0
7 0
8 0
9 0
9
1 0
2 0
3 0
4 0
5 206.4
6 0
7 0
8 0
9 0
9
1 0
2 0
3 0
4 0
5 205.538
6 0
7 0
8 0
9 0
9
1 0
2 0
3 0
4 0
5 200.923
6 0
7 0
8 0
9 0
9
1 0
2 0
3 0
4 0
5 195.333
6 0
7 0
8 0
9 0
9
1 0
2 0
3 0
4 0
5 194
6 0
7 0
8 0
9 0
9
1 0
2 0
3 0
4 0
5 191.692
6 0
7 0
8 0
9 0
9
1 0
2 0
3 0
4 0
5 189.333
6 0
7 0
8 0
9 0
9
1 0
2 0
3 0
4 0
5 185.2
6 0
7 0
8 0
9 0
9
1 0
2 0
3 0
4 0
5 185.2
6 0
7 0
8 0
9 0
9
1 0
2 0
3 0
4 0
5 183.6
6 0
7 0
8 0
9 0
9
1 0
2 0
3 0
4 0
5 177.6
6 0
7 0
8 0
9 0
9
1 0
2 0
3 0
4 0
5 176.727
6 0
7 0
8 0
9 0
9
1 0
2 0
3 0
4 0
5 169.091
6 0
7 0
8 0
9 0
9
1 0
2 0
3 0
4 0
5 162.5
6 0
7 0
8 0
9 0
9
1 0
2 0
3 0
4 0
5 164
6 0
7 0
8 0
9 0
9
1 0
2 0
3 0
4 0
5 0
6 0
7 0
8 0
9 0
9
1 0
2 0
3 0
4 0
5 0
6 0
7 0
8 0
9 0
9
1 0
2 0
3 0
4 0
5 0
6 0
7 0
8 0
9 0
9
1 0
2 0
3 0
4 0
5 0
6 0
7 0
8 0
9 0
9
1 0
2 0
3 0
4 0
5 0
6 0
7 0
8 0
9 0
9
1 0
2 0
3 0
4 0
5 0
6 0
7 0
8 0
9 0
9
1 0
2 0
3 0
4 0
5 0
6 0
7 0
8 0
9 0
9
1 0
2 0
3 0
4 0
5 0
6 0
7 0
8 0
9 0
9
1 0
2 0
3 0
4 0
5 0
6 0
7 0
8 0
9 0
9
1 0
2 0
3 0
4 0
5 0
6 0
7 0
8 0
9 0
9
1 0
2 0
3 0
4 0
5 0
6 0
7 0
8 0
9 0
9
1 0
2 0
3 0
4 0
5 0
6 0
7 0
8 0
9 0
9
1 0
2 0
3 0
4 0
5 0
6 0
7 0
8 0
9 0
9
1 0
2 0
3 0
4 0
5 0
6 0
7 0
8 0
9 0
9
1 0
2 0
3 0
4 0
5 0
6 0
7 0
8 0
9 0
9
1 0
2 0
3 0
4 0
5 0
6 0
7 0
8 0
9 0
9
1 0
2 0
3 0
4 0
5 0
6 0
7 0
8 0
9 0
9
1 0
2 0
3 0
4 0
5 0
6 0
7 0
8 0
9 0
9
1 0
2 0
3 0
4 0
5 0
6 0
7 0
8 0
9 0
9
1 0
2 0
3 0
4 0
5 0
6 0
7 0
8 0
9 0
9
1 0
2 0
3 0
4 0
5 0
6 0
7 0
8 0
9 0
9
1 0
2 0
3 0
4 0
5 0
6 0
7 0
8 0
9 0
9
1 0
2 0
3 0
4 0
5 0
6 0
7 0
8 0
9 0
9
1 0
2 0
3 0
4 0
5 0
6 0
7 0
8 0
9 0
9
1 0
2 0
3 0
4 0
5 0
6 0
7 0
8 0
9 0
9
1 156.889
2 0
3 0
4 0
5 0
6 0
7 0
8 0
9 0
9
1 157.714
2 0
3 0
4 0
5 0
6 0
7 0
8 0
9 0
9
1 159
2 0
3 0
4 0
5 0
6 0
7 0
8 0
9 0
9
1 162.182
2 0
3 0
4 0
5 0
6 0
7 0
8 0
9 0
9
1 164.5
2 0
3 0
4 0
5 0
6 0
7 0
8 0
9 0
9
1 166.182
2 0
3 0
4 0
5 0
6 0
7 0
8 0
9 0
9
1 172.923
2 0
3 0
4 0
5 0
6 0
7 0
8 0
9 0
9
1 172.4
2 0
3 0
4 0
5 0
6 0
7 0
8 0
9 0
9
1 172.8
2 0
3 0
4 0
5 0
6 0
7 0
8 0
9 0
9
1 175.077
2 0
3 0
4 0
5 0
6 0
7 0
8 0
9 0
9
1 178.154
2 0
3 0
4 0
5 0
6 0
7 0
8 0
9 0
9
1 180.4
2 0
3 0
4 0
5 0
6 0
7 0
8 0
9 0
9
1 181.846
2 0
3 0
4 0
5 0
6 0
7 0
8 0
9 0
9
1 182.154
2 0
3 0
4 0
5 0
6 0
7 0
8 0
9 0
9
1 184.923
2 0
3 0
4 0
5 0
6 0
7 0
8 0
9 0
9
1 188
2 0
3 0
4 0
5 0
6 0
7 0
8 0
9 0
9
1 190.333
2 0
3 0
4 0
5 0
6 0
7 0
8 0
9 0
9
1 193
2 0
3 0
4 0
5 0
6 0
7 0
8 0
9 0
9
1 192.8
2 0
3 0
4 0
5 0
6 0
7 0
8 0
9 0
9
1 196.364
2 0
3 0
4 0
5 0
6 0
7 0
8 0
9 0
9
1 196.923
2 0
3 0
4 0
5 0
6 0
7 0
8 0
9 0
9
1 199.077
2 0
3 0
4 0
5 0
6 0
7 0
8 0
9 0
9
1 201.091
2 0
3 0
4 0
5 0
6 0
7 0
8 0
9 0
9
1 204.333
2 0
3 0
4 0
5 0
6 0
7 0
8 0
9 0
9
1 207.385
2 0
3 0
4 0
5 0
6 0
7 0
8 0
9 0
9
1 207.077
2 0
3 0
4 0
5 0
6 0
7 0
8 0
9 0
9
1 208.889
2 0
3 0
4 0
5 0
6 0
7 0
8 0
9 0
9
1 207.6
2 0
3 0
4 0
5 0
6 0
7 0
8 0
9 0
9
1 211
2 0
3 0
4 0
5 0
6 0
7 0
8 0
9 0
9
1 213.333
2 0
3 0
4 0
5 0
6 0
7 0
8 0
9 0
9
1 213.818
2 0
3 0
4 0
5 0
6 0
7 0
8 0
9 0
