9
1 0
2 0
3 0
4 0
5 0
6 0
7 0
8 0
9 296
9
1 0
2 0
3 0
4 0
5 0
6 0
7 0
8 0
9 295.333
9
1 0
2 0
3 0
4 0
5 0
6 0
7 0
8 0
9 295.636
9
1 0
2 0
3 0
4 0
5 0
6 0
7 0
8 0
9 293.6
9
1 0
2 0
3 0
4 0
5 0
6 0
7 0
8 0
9 296.333
9
1 0
2 0
3 0
4 0
5 0
6 0
7 0
8 0
9 294.909
9
1 0
2 0
3 0
4 0
5 0
6 0
7 0
8 0
9 294.182
9
1 0
2 0
3 0
4 0
5 0
6 0
7 0
8 0
9 294.8
9
1 0
2 0
3 0
4 0
5 0
6 0
7 0
8 0
9 295.667
9
1 0
2 0
3 0
4 0
5 0
6 0
7 0
8 0
9 296
9
1 0
2 0
3 0
4 0
5 0
6 0
7 0
8 0
9 293.455
9
1 0
2 0
3 0
4 0
5 0
6 0
7 0
8 0
9 291
9
1 0
2 0
3 0
4 0
5 0
6 0
7 0
8 0
9 295.273
9
1 0
2 0
3 0
4 0
5 0
6 0
7 0
8 0
9 291.667
9
1 0
2 0
3 0
4 0
5 0
6 0
7 0
8 0
9 293.091
9
1 0
2 0
3 0
4 0
5 0
6 0
7 0
8 0
9 292
9
1 0
2 0
3 0
4 0
5 0
6 0
7 0
8 0
9 293.231
9
1 0
2 0
3 0
4 0
5 0
6 0
7 0
8 0
9 291.667
9
1 0
2 0
3 0
4 0
5 0
6 0
7 0
8 0
9 292
9
1 0
2 0
3 0
4 0
5 0
6 0
7 0
8 0
9 291.273
9
1 0
2 0
3 0
4 0
5 0
6 0
7 0
8 0
9 290.182
9
1 0
2 0
3 0
4 0
5 0
6 0
7 0
8 0
9 290
9
1 0
2 0
3 0
4 0
5 0
6 0
7 0
8 0
9 290.182
9
1 0
2 0
3 0
4 0
5 0
6 0
7 0
8 0
9 289.818
9
1 0
2 0
3 0
4 0
5 0
6 0
7 0
8 0
9 287.692
9
1 0
2 0
3 0
4 0
5 0
6 0
7 0
8 0
9 288.727
9
1 0
2 0
3 0
4 0
5 0
6 0
7 0
8 0
9 286.333
9
1 0
2 0
3 0
4 0
5 0
6 0
7 0
8 0
9 288
9
1 0
2 0
3 0
4 0
5 0
6 0
7 0
8 0
9 286.462
9
1 0
2 0
3 0
4 0
5 0
6 0
7 0
8 0
9 284.444
9
1 0
2 0
3 0
4 0
5 0
6 0
7 0
8 0
9 283.667
9
1 0
2 0
3 0
4 0
5 0
6 0
7 0
8 0
9 282.667
9
1 0
2 0
3 0
4 0
5 0
6 0
7 0
8 0
9 281.6
9
1 0
2 0
3 0
4 0
5 0
6 0
7 0
8 0
9 282.5
9
1 0
2 0
3 0
4 0
5 0
6 0
7 0
8 0
9 279.333
9
1 0
2 0
3 0
4 0
5 0
6 0
7 0
8 0
9 279.385
9
1 0
2 0
3 0
4 0
5 0
6 0
7 0
8 0
9 275.273
9
1 0
2 0
3 0
4 0
5 0
6 0
7 0
8 0
9 276.727
9
1 0
2 0
3 0
4 0
5 0
6 0
7 0
8 0
9 273.091
9
1 0
2 0
3 0
4 0
5 0
6 0
7 0
8 0
9 269.818
9
1 0
2 0
3 0
4 0
5 0
6 0
7 0
8 0
9 271.111
9
1 0
2 0
3 0
4 0
5 0
6 0
7 0
8 0
9 268.667
9
1 0
2 0
3 0
4 0
5 0
6 0
7 0
8 0
9 265.333
9
1 0
2 0
3 0
4 0
5 0
6 157
7 0
8 0
9 264.923
9
1 0
2 0
3 0
4 0
5 0
6 0
7 0
8 0
9 261.2
9
1 0
2 0
3 0
4 0
5 0
6 0
7 0
8 0
9 263.333
9
1 0
2 0
3 0
4 0
5 0
6 162.857
7 0
8 0
9 262
9
1 0
2 0
3 0
4 0
5 0
6 164.444
7 0
8 0
9 258.4
9
1 0
2 0
3 0
4 0
5 0
6 168
7 0
8 0
9 259.273
9
1 0
2 0
3 0
4 0
5 0
6 0
7 0
8 0
9 255.333
9
1 0
2 0
3 0
4 0
5 0
6 0
7 0
8 0
9 254
9
1 0
2 0
3 0
4 0
5 0
6 168.444
7 0
8 0
9 252
9
1 0
2 0
3 0
4 0
5 0
6 170.857
7 0
8 0
9 252.333
9
1 0
2 0
3 0
4 0
5 0
6 166.286
7 0
8 0
9 249.231
9
1 0
2 0
3 0
4 0
5 0
6 0
7 0
8 0
9 247
9
1 0
2 0
3 0
4 0
5 0
6 175.111
7 0
8 0
9 241.6
9
1 0
2 0
3 0
4 0
5 0
6 172.571
7 0
8 0
9 237.538
9
1 0
2 0
3 0
4 0
5 0
6 177.714
7 0
8 0
9 231
9
1 0
2 0
3 0
4 0
5 0
6 179.556
7 0
8 0
9 228.364
9
1 0
2 0
3 0
4 0
5 0
6 180
7 0
8 0
9 226.8
9
1 0
2 0
3 0
4 0
5 0
6 0
7 0
8 0
9 224.4
9
1 0
2 0
3 0
4 0
5 0
6 181.333
7 0
8 0
9 223.692
9
1 0
2 0
3 0
4 0
5 0
6 181.091
7 0
8 0
9 222
9
1 0
2 0
3 0
4 0
5 0
6 0
7 0
8 0
9 216.4
9
1 0
2 0
3 0
4 0
5 0
6 181.143
7 0
8 0
9 213.538
9
1 0
2 0
3 0
4 0
5 0
6 180.5
7 0
8 0
9 214
9
1 0
2 0
3 0
4 0
5 0
6 180
7 0
8 0
9 211.636
9
1 0
2 0
3 0
4 0
5 0
6 0
7 0
8 0
9 210.8
9
1 0
2 0
3 0
4 0
5 0
6 182
7 0
8 0
9 207.636
9
1 0
2 0
3 0
4 0
5 150.286
6 182.857
7 0
8 0
9 202.667
9
1 0
2 0
3 0
4 0
5 154.5
6 184.889
7 0
8 0
9 197.455
9
1 0
2 0
3 0
4 0
5 164
6 187.556
7 0
8 0
9 195
9
1 0
2 0
3 0
4 0
5 163.5
6 192
7 0
8 0
9 193
9
1 0
2 0
3 0
4 0
5 163.111
6 186.182
7 0
8 0
9 190.182
9
1 0
2 0
3 0
4 0
5 168.8
6 183.5
7 0
8 0
9 185.714
9
1 0
2 0
3 0
4 0
5 171.5
6 198.5
7 0
8 0
9 183.111
9
1 0
2 0
3 0
4 0
5 172.333
6 186
7 0
8 0
9 0
9
1 0
2 0
3 0
4 0
5 173.231
6 185.714
7 0
8 0
9 177.714
9
1 0
2 0
3 0
4 0
5 174.182
6 187.111
7 0
8 0
9 176.5
9
1 0
2 0
3 0
4 0
5 178.909
6 190.5
7 0
8 0
9 176.444
9
1 0
2 0
3 0
4 0
5 177
6 189.455
7 0
8 0
9 0
9
1 0
2 0
3 0
4 0
5 184.333
6 187.6
7 0
8 0
9 0
9
1 0
2 0
3 0
4 0
5 186.154
6 188
7 0
8 0
9 0
9
1 0
2 0
3 0
4 0
5 187.2
6 190.857
7 0
8 0
9 184.571
9
1 0
2 0
3 0
4 0
5 187.6
6 186.909
7 0
8 0
9 0
9
1 0
2 0
3 0
4 0
5 188
6 188.727
7 0
8 0
9 0
9
1 0
2 0
3 0
4 0
5 192.364
6 195.556
7 0
8 0
9 0
9
1 0
2 0
3 0
4 0
5 194.182
6 191.111
7 0
8 0
9 0
9
1 0
2 0
3 0
4 0
5 200.615
6 187.111
7 0
8 0
9 0
9
1 0
2 0
3 0
4 0
5 202.667
6 188.8
7 0
8 0
9 0
9
1 0
2 0
3 0
4 0
5 202.545
6 189.5
7 0
8 0
9 0
9
1 0
2 0
3 0
4 0
5 206.909
6 189.091
7 0
8 0
9 0
9
1 0
2 0
3 0
4 0
5 208.667
6 190.667
7 0
8 0
9 0
9
1 0
2 0
3 0
4 0
5 210
6 187.273
7 0
8 0
9 0
9
1 0
2 0
3 0
4 0
5 210.8
6 191.5
7 0
8 0
9 0
9
1 0
2 0
3 0
4 0
5 213.846
6 187.6
7 0
8 0
9 0
9
1 0
2 0
3 0
4 0
5 213.818
6 190.857
7 0
8 0
9 0
9
1 0
2 0
3 0
4 0
5 216
6 186.5
7 0
8 0
9 0
9
1 0
2 0
3 0
4 0
5 220
6 188
7 0
8 0
9 0
9
1 0
2 0
3 0
4 0
5 220
6 186
7 0
8 0
9 0
9
1 0
2 0
3 0
4 0
5 221.818
6 0
7 0
8 0
9 0
9
1 0
2 0
3 0
4 0
5 222.4
6 0
7 0
8 0
9 0
9
1 0
2 0
3 0
4 0
5 224
6 0
7 0
8 0
9 0
9
1 0
2 0
3 0
4 0
5 223.692
6 0
7 0
8 0
9 0
9
1 0
2 0
3 0
4 0
5 224
6 0
7 0
8 0
9 0
9
1 0
2 0
3 0
4 0
5 226.545
6 0
7 0
8 0
9 0
9
1 0
2 0
3 0
4 0
5 230.667
6 0
7 0
8 0
9 0
9
1 0
2 0
3 0
4 0
5 232.333
6 0
7 0
8 0
9 0
9
1 0
2 0
3 0
4 0
5 235.6
6 0
7 0
8 0
9 0
9
1 0
2 0
3 0
4 0
5 236.8
6 0
7 0
8 0
9 0
9
1 0
2 0
3 0
4 0
5 236.615
6 0
7 0
8 0
9 0
9
1 0
2 0
3 0
4 0
5 241.538
6 0
7 0
8 0
9 0
9
1 0
2 0
3 0
4 0
5 240.923
6 0
7 0
8 0
9 0
9
1 0
2 0
3 0
4 0
5 242.182
6 0
7 0
8 0
9 0
9
1 0
2 0
3 0
4 0
5 242.545
6 0
7 0
8 0
9 0
9
1 0
2 0
3 0
4 0
5 244.615
6 0
7 0
8 0
9 0
9
1 0
2 0
3 0
4 0
5 246.667
6 0
7 0
8 0
9 0
9
1 0
2 0
3 0
4 0
5 245.091
6 0
7 0
8 0
9 0
9
1 0
2 0
3 0
4 0
5 246.769
6 0
7 0
8 0
9 0
9
1 0
2 0
3 0
4 0
5 249.818
6 0
7 0
8 0
9 0
9
1 0
2 0
3 0
4 0
5 249.091
6 0
7 0
8 0
9 0
9
1 0
2 0
3 0
4 0
5 249.6
6 0
7 0
8 0
9 0
9
1 0
2 0
3 0
4 0
5 251.385
6 0
7 0
8 0
9 0
9
1 0
2 0
3 0
4 0
5 250.769
6 0
7 0
8 0
9 0
9
1 0
2 0
3 0
4 0
5 252.364
6 0
7 0
8 0
9 0
9
1 0
2 0
3 0
4 0
5 253.667
6 0
7 0
8 0
9 0
9
1 0
2 0
3 0
4 0
5 254.769
6 0
7 0
8 0
9 0
9
1 0
2 0
3 0
4 0
5 251.667
6 0
7 0
8 0
9 0
9
1 0
2 0
3 0
4 0
5 255.636
6 0
7 0
8 0
9 0
9
1 0
2 0
3 0
4 0
5 255.333
6 0
7 0
8 0
9 0
9
1 0
2 0
3 0
4 0
5 255.692
6 0
7 0
8 0
9 0
9
1 0
2 0
3 0
4 0
5 256.333
6 0
7 0
8 0
9 0
9
1 0
2 0
3 0
4 0
5 257.333
6 0
7 0
8 0
9 0
9
1 0
2 0
3 0
4 0
5 256
6 0
7 0
8 0
9 0
9
1 0
2 0
3 0
4 0
5 257.333
6 0
7 0
8 0
9 0
9
1 0
2 0
3 0
4 0
5 259.6
6 0
7 0
8 0
9 0
9
1 0
2 0
3 0
4 0
5 257.778
6 0
7 0
8 0
9 0
9
1 0
2 0
3 0
4 0
5 260.364
6 0
7 0
8 0
9 0
9
1 0
2 0
3 0
4 0
5 260.667
6 0
7 0
8 0
9 0
9
1 0
2 0
3 0
4 0
5 261.091
6 0
7 0
8 0
9 0
9
1 0
2 0
3 0
4 0
5 260.615
6 0
7 0
8 0
9 0
9
1 0
2 0
3 0
4 0
5 262
6 0
7 0
8 0
9 0
9
1 0
2 0
3 0
4 0
5 262
6 0
7 0
8 0
9 0
9
1 0
2 0
3 0
4 0
5 261.818
6 0
7 0
8 0
9 0
9
1 0
2 0
3 0
4 0
5 262.8
6 0
7 0
8 0
9 0
9
1 0
2 0
3 0
4 0
5 262.909
6 0
7 0
8 0
9 0
9
1 0
2 0
3 0
4 0
5 261.455
6 0
7 0
8 0
9 0
9
1 0
2 0
3 0
4 0
5 261.455
6 0
7 0
8 0
9 0
9
1 0
2 0
3 0
4 0
5 260.727
6 0
7 0
8 0
9 0
9
1 0
2 0
3 0
4 0
5 263.273
6 0
7 0
8 0
9 0
9
1 0
2 0
3 0
4 0
5 260.889
6 0
7 0
8 0
9 0
9
1 0
2 0
3 0
4 0
5 260.4
6 0
7 0
8 0
9 0
9
1 0
2 0
3 0
4 0
5 260.308
6 0
7 0
8 0
9 0
9
1 0
2 0
3 0
4 0
5 258.667
6 0
7 0
8 0
9 0
9
1 0
2 0
3 0
4 0
5 258.182
6 0
7 0
8 0
9 0
9
1 0
2 0
3 0
4 0
5 257.846
6 0
7 0
8 0
9 0
9
1 0
2 0
3 0
4 0
5 255.333
6 0
7 0
8 0
9 0
9
1 0
2 0
3 0
4 0
5 258
6 0
7 0
8 0
9 0
9
1 0
2 0
3 0
4 0
5 257.455
6 0
7 0
8 0
9 0
9
1 0
2 0
3 0
4 0
5 254.333
6 0
7 0
8 0
9 0
9
1 0
2 0
3 0
4 0
5 254.154
6 0
7 0
8 0
9 0
9
1 0
2 0
3 0
4 0
5 253.455
6 0
7 0
8 0
9 0
9
1 0
2 0
3 0
4 0
5 251.6
6 0
7 0
8 0
9 0
9
1 0
2 0
3 0
4 0
5 251.667
6 0
7 0
8 0
9 0
9
1 0
2 0
3 0
4 0
5 250.154
6 0
7 0
8 0
9 0
9
1 0
2 0
3 0
4 0
5 249.091
6 0
7 0
8 0
9 0
9
1 0
2 0
3 0
4 0
5 249.667
6 0
7 0
8 0
9 0
9
1 0
2 0
3 0
4 0
5 249.231
6 0
7 0
8 0
9 0
9
1 0
2 0
3 0
4 0
5 246.667
6 0
7 0
8 0
9 0
9
1 0
2 0
3 0
4 0
5 240.727
6 0
7 0
8 0
9 0
9
1 0
2 0
3 0
4 0
5 241.091
6 0
7 0
8 0
9 0
9
1 0
2 0
3 0
4 0
5 237.846
6 0
7 0
8 0
9 0
9
1 0
2 0
3 0
4 0
5 236.8
6 0
7 0
8 0
9 0
9
1 0
2 0
3 0
4 0
5 236
6 0
7 0
8 0
9 0
9
1 0
2 0
3 0
4 0
5 233.667
6 0
7 0
8 0
9 0
9
1 0
2 0
3 0
4 0
5 232.308
6 0
7 0
8 0
9 0
9
1 0
2 0
3 0
4 0
5 232
6 0
7 0
8 0
9 0
9
1 0
2 0
3 0
4 0
5 230
6 0
7 0
8 0
9 0
9
1 0
2 0
3 0
4 0
5 226.769
6 0
7 0
8 0
9 0
9
1 0
2 0
3 0
4 0
5 224
6 0
7 0
8 0
9 0
9
1 0
2 0
3 0
4 0
5 224.4
6 0
7 0
8 0
9 0
9
1 0
2 0
3 0
4 0
5 218.909
6 0
7 0
8 0
9 0
9
1 0
2 0
3 0
4 0
5 218.154
6 0
7 0
8 0
9 0
9
1 0
2 0
3 0
4 0
5 212.308
6 0
7 0
8 0
9 0
9
1 0
2 0
3 0
4 0
5 207.636
6 0
7 0
8 0
9 0
9
1 0
2 0
3 0
4 0
5 206.154
6 0
7 0
8 0
9 0
9
1 0
2 0
3 0
4 0
5 203.333
6 0
7 0
8 0
9 0
9
1 0
2 0
3 0
4 0
5 202.909
6 0
7 0
8 0
9 0
9
1 0
2 0
3 0
4 0
5 201.2
6 0
7 0
8 0
9 0
9
1 0
2 0
3 0
4 0
5 201
6 0
7 0
8 0
9 0
9
1 0
2 0
3 0
4 0
5 198.909
6 0
7 0
8 0
9 0
9
1 0
2 0
3 0
4 0
5 192
6 0
7 0
8 0
9 0
9
1 0
2 0
3 0
4 0
5 188.727
6 0
7 0
8 0
9 0
9
1 0
2 0
3 0
4 0
5 189.667
6 0
7 0
8 0
9 0
9
1 0
2 0
3 0
4 0
5 187.077
6 0
7 0
8 0
9 0
9
1 0
2 0
3 0
4 0
5 184.364
6 0
7 0
8 0
9 0
9
1 0
2 0
3 0
4 0
5 180.667
6 0
7 0
8 0
9 0
9
1 0
2 0
3 0
4 0
5 176.364
6 0
7 0
8 0
9 0
9
1 0
2 0
3 0
4 0
5 176
6 0
7 0
8 0
9 0
9
1 0
2 0
3 0
4 0
5 175.556
6 0
7 0
8 0
9 0
9
1 0
2 0
3 0
4 0
5 171.636
6 0
7 0
8 0
9 0
9
1 0
2 0
3 0
4 0
5 169.143
6 0
7 0
8 0
9 0
9
1 0
2 0
3 0
4 0
5 0
6 0
7 0
8 0
9 0
9
1 0
2 0
3 0
4 0
5 0
6 0
7 0
8 0
9 0
9
1 0
2 0
3 0
4 0
5 0
6 0
7 0
8 0
9 0
9
1 0
2 0
3 0
4 0
5 0
6 0
7 0
8 0
9 0
9
1 0
2 0
3 0
4 0
5 0
6 0
7 0
8 0
9 0
9
1 0
2 0
3 0
4 0
5 0
6 0
7 0
8 0
9 0
9
1 0
2 0
3 0
4 0
5 0
6 0
7 0
8 0
9 0
9
1 0
2 0
3 0
4 0
5 0
6 0
7 0
8 0
9 0
9
1 0
2 0
3 0
4 0
5 0
6 0
7 0
8 0
9 0
9
1 0
2 0
3 0
4 0
5 0
6 0
7 0
8 0
9 0
9
1 0
2 0
3 0
4 0
5 0
6 0
7 0
8 0
9 0
9
1 0
2 0
3 0
4 0
5 0
6 0
7 0
8 0
9 0
9
1 0
2 0
3 0
4 0
5 0
6 0
7 0
8 0
9 0
9
1 0
2 0
3 0
4 0
5 0
6 0
7 0
8 0
9 0
9
1 0
2 0
3 0
4 0
5 0
6 0
7 0
8 0
9 0
9
1 0
2 0
3 0
4 0
5 0
6 0
7 0
8 0
9 0
9
1 0
2 0
3 0
4 0
5 0
6 0
7 0
8 0
9 0
9
1 0
2 0
3 0
4 0
5 0
6 0
7 0
8 0
9 0
9
1 0
2 0
3 0
4 0
5 0
6 0
7 0
8 0
9 0
9
1 0
2 0
3 0
4 0
5 0
6 0
7 0
8 0
9 0
9
1 0
2 0
3 0
4 0
5 0
6 0
7 0
8 0
9 0
9
1 0
2 0
3 0
4 0
5 0
6 0
7 0
8 0
9 0
9
1 0
2 0
3 0
4 0
5 0
6 0
7 0
8 0
9 0
9
1 0
2 0
3 0
4 0
5 0
6 0
7 0
8 0
9 0
9
1 0
2 0
3 0
4 0
5 0
6 0
7 0
8 0
9 0
9
1 0
2 0
3 0
4 0
5 0
6 0
7 0
8 0
9 0
9
1 0
2 0
3 0
4 0
5 0
6 0
7 0
8 0
9 0
9
1 0
2 174.857
3 0
4 0
5 0
6 0
7 0
8 0
9 0
9
1 0
2 0
3 0
4 0
5 0
6 0
7 0
8 0
9 0
9
1 0
2 0
3 0
4 0
5 0
6 0
7 0
8 0
9 0
9
1 0
2 0
3 0
4 0
5 0
6 0
7 0
8 0
9 0
9
1 150
2 0
3 0
4 0
5 0
6 0
7 0
8 0
9 0
9
1 161
2 171.429
3 0
4 0
5 0
6 0
7 0
8 0
9 0
9
1 159.5
2 173.2
3 0
4 0
5 0
6 0
7 0
8 0
9 0
9
1 159.636
2 174.286
3 0
4 0
5 0
6 0
7 0
8 0
9 0
9
1 160.444
2 0
3 0
4 0
5 0
6 0
7 0
8 0
9 0
9
1 164.4
2 174.5
3 0
4 0
5 0
6 0
7 0
8 0
9 0
9
1 169
2 0
3 0
4 0
5 0
6 0
7 0
8 0
9 0
9
1 170
2 181.091
3 0
4 0
5 0
6 0
7 0
8 0
9 0
9
1 175
2 181.333
3 0
4 0
5 0
6 0
7 0
8 0
9 0
9
1 174.8
2 176.5
3 0
4 0
5 0
6 0
7 0
8 0
9 0
9
1 179.273
2 178.222
3 0
4 0
5 0
6 0
7 0
8 0
9 0
9
1 179.385
2 181.091
3 0
4 0
5 0
6 0
7 0
8 0
9 0
9
1 180
2 174
3 0
4 0
5 0
6 0
7 0
8 0
9 0
9
1 183.636
2 0
3 0
4 0
5 0
6 0
7 0
8 0
9 0
9
1 183.333
2 0
3 0
4 0
5 0
6 0
7 0
8 0
9 0
9
1 188.615
2 175.429
3 0
4 0
5 0
6 0
7 0
8 0
9 0
9
1 191
2 0
3 0
4 0
5 0
6 0
7 0
8 0
9 0
9
1 192.4
2 182.857
3 0
4 0
5 0
6 0
7 0
8 0
9 0
9
1 190
2 174
3 0
4 0
5 0
6 0
7 0
8 0
9 0
9
1 194.667
2 177.333
3 0
4 0
5 0
6 0
7 0
8 0
9 0
9
1 195.636
2 0
3 0
4 0
5 0
6 0
7 0
8 0
9 0
9
1 201.455
2 0
3 0
4 0
5 0
6 0
7 0
8 0
9 0
9
1 205.6
2 0
3 0
4 0
5 0
6 0
7 0
8 0
9 0
9
1 207.385
2 0
3 0
4 0
5 0
6 0
7 0
8 0
9 0
9
1 208
2 0
3 0
4 0
5 0
6 0
7 0
8 0
9 0
9
1 212.4
2 0
3 0
4 0
5 0
6 0
7 0
8 0
9 0
9
1 218.182
2 0
3 0
4 0
5 0
6 0
7 0
8 0
9 0
9
1 217.538
2 0
3 0
4 0
5 0
6 0
7 0
8 0
9 0
9
1 218.909
2 0
3 0
4 0
5 0
6 0
7 0
8 0
9 0
9
1 222
2 0
3 0
4 0
5 0
6 0
7 0
8 0
9 0
9
1 223.385
2 0
3 0
4 0
5 0
6 0
7 0
8 0
9 0
9
1 229.6
2 0
3 0
4 0
5 0
6 0
7 0
8 0
9 0
9
1 230.909
2 0
3 0
4 0
5 0
6 0
7 0
8 0
9 0
9
1 230.462
2 0
3 0
4 0
5 0
6 0
7 0
8 0
9 0
9
1 231.692
2 0
3 0
4 0
5 0
6 0
7 0
8 0
9 0
9
1 232
2 0
3 0
4 0
5 0
6 0
7 0
8 0
9 0
9
1 234.4
2 0
3 0
4 0
5 0
6 0
7 0
8 0
9 0
9
1 233.538
2 0
3 0
4 0
5 0
6 0
7 0
8 0
9 0
9
1 235.077
2 0
3 0
4 0
5 0
6 0
7 0
8 0
9 0
9
1 235.6
2 0
3 0
4 0
5 0
6 0
7 0
8 0
9 0
9
1 235.692
2 0
3 0
4 0
5 0
6 0
7 0
8 0
9 0
9
1 238.667
2 0
3 0
4 0
5 0
6 0
7 0
8 0
9 0
9
1 239.636
2 0
3 0
4 0
5 0
6 0
7 0
8 0
9 0
9
1 239.6
2 0
3 0
4 0
5 0
6 0
7 0
8 0
9 0
9
1 239
2 0
3 0
4 0
5 0
6 0
7 0
8 0
9 0
9
1 241.333
2 0
3 0
4 0
5 0
6 0
7 0
8 0
9 0
9
1 242.182
2 0
3 0
4 0
5 0
6 0
7 0
8 0
9 0
9
1 241.455
2 0
3 0
4 0
5 0
6 0
7 0
8 0
9 0
