9
1 0
2 0
3 0
4 0
5 0
6 101.6
7 0
8 77.7143
9 299.556
9
1 0
2 0
3 0
4 0
5 0
6 102.545
7 0
8 0
9 300.4
9
1 0
2 0
3 0
4 0
5 0
6 104.571
7 0
8 0
9 298.545
9
1 0
2 0
3 0
4 0
5 0
6 107.556
7 0
8 0
9 301
9
1 0
2 0
3 0
4 0
5 0
6 110.182
7 0
8 85
9 299.636
9
1 0
2 0
3 0
4 0
5 0
6 113
7 0
8 0
9 298.545
9
1 0
2 0
3 0
4 0
5 0
6 113.333
7 0
8 0
9 300.615
9
1 0
2 0
3 0
4 0
5 0
6 115.6
7 0
8 82.8571
9 300.667
9
1 0
2 0
3 0
4 0
5 0
6 117.2
7 0
8 86.2857
9 301.6
9
1 0
2 0
3 0
4 0
5 0
6 117
7 0
8 0
9 298.545
9
1 0
2 0
3 0
4 0
5 0
6 121.6
7 0
8 88
9 300
9
1 0
2 0
3 0
4 0
5 0
6 124.333
7 0
8 0
9 300
9
1 0
2 0
3 0
4 0
5 0
6 124.4
7 0
8 0
9 297.091
9
1 0
2 0
3 0
4 0
5 0
6 127.111
7 0
8 0
9 299.385
9
1 0
2 0
3 0
4 0
5 0
6 130.333
7 0
8 0
9 300.727
9
1 0
2 0
3 0
4 0
5 0
6 132
7 0
8 92.5
9 296.8
9
1 0
2 0
3 0
4 0
5 0
6 137.143
7 0
8 0
9 297.333
9
1 0
2 0
3 0
4 0
5 0
6 0
7 0
8 95
9 297.333
9
1 0
2 0
3 0
4 0
5 0
6 137.333
7 0
8 96.8889
9 296.667
9
1 0
2 0
3 0
4 0
5 0
6 139.2
7 0
8 95
9 296.8
9
1 0
2 0
3 0
4 0
5 0
6 141.455
7 0
8 96.5714
9 296.333
9
1 0
2 0
3 0
4 0
5 0
6 142.182
7 0
8 97
9 293.333
9
1 0
2 0
3 0
4 0
5 0
6 141.333
7 0
8 98.1818
9 294.769
9
1 0
2 0
3 0
4 0
5 0
6 146.667
7 0
8 0
9 292
9
1 0
2 0
3 0
4 0
5 0
6 148
7 0
8 0
9 288.667
9
1 0
2 0
3 0
4 0
5 0
6 151
7 0
8 100
9 291.692
9
1 0
2 0
3 0
4 0
5 84.5714
6 152
7 0
8 99.5556
9 289.667
9
1 0
2 0
3 0
4 0
5 0
6 151.556
7 0
8 101.714
9 292
9
1 0
2 0
3 0
4 0
5 0
6 155.6
7 0
8 99.5
9 288.727
9
1 0
2 0
3 0
4 0
5 0
6 156.727
7 0
8 0
9 289
9
1 0
2 0
3 0
4 0
5 0
6 156.4
7 0
8 103.111
9 288
9
1 0
2 0
3 0
4 0
5 0
6 158.667
7 0
8 0
9 284.8
9
1 0
2 0
3 0
4 0
5 0
6 160
7 0
8 104
9 286.462
9
1 0
2 0
3 0
4 0
5 0
6 159.333
7 0
8 104
9 283.667
9
1 0
2 0
3 0
4 0
5 0
6 159.333
7 0
8 104
9 285.818
9
1 0
2 0
3 0
4 0
5 0
6 160
7 0
8 104
9 284
9
1 0
2 0
3 0
4 0
5 0
6 162.182
7 0
8 106.222
9 281.538
9
1 0
2 0
3 0
4 0
5 97.7778
6 165.231
7 0
8 105.333
9 278.769
9
1 0
2 0
3 0
4 0
5 101.778
6 168.333
7 0
8 103.5
9 277.818
9
1 0
2 0
3 0
4 0
5 0
6 169.818
7 0
8 108
9 274.462
9
1 0
2 0
3 0
4 0
5 0
6 169.667
7 0
8 108
9 272.923
9
1 0
2 0
3 0
4 0
5 104.571
6 172.615
7 0
8 108
9 271.692
9
1 0
2 0
3 0
4 0
5 104.571
6 170.333
7 0
8 0
9 272.364
9
1 0
2 0
3 0
4 0
5 105.143
6 172
7 0
8 107.556
9 268.308
9
1 0
2 0
3 0
4 0
5 0
6 171.692
7 0
8 108.5
9 268
9
1 0
2 0
3 0
4 0
5 111
6 175.077
7 0
8 108.444
9 265.818
9
1 0
2 0
3 0
4 0
5 113.714
6 175
7 0
8 109.333
9 262.182
9
1 0
2 0
3 0
4 0
5 0
6 179.273
7 0
8 106.286
9 258.462
9
1 0
2 0
3 0
4 0
5 0
6 178.154
7 0
8 108.889
9 253.846
9
1 0
2 0
3 0
4 0
5 121.6
6 178.667
7 0
8 108.889
9 253.455
9
1 0
2 0
3 0
4 0
5 121.333
6 182
7 0
8 108.571
9 250.667
9
1 0
2 0
3 0
4 0
5 124.571
6 183.2
7 0
8 108.4
9 246.769
9
1 0
2 0
3 0
4 0
5 0
6 182.769
7 0
8 109.5
9 243.273
9
1 0
2 0
3 0
4 0
5 130.857
6 185.231
7 0
8 108.5
9 241.2
9
1 0
2 0
3 0
4 0
5 0
6 185.455
7 0
8 109
9 238.462
9
1 0
2 0
3 0
4 0
5 0
6 187.667
7 0
8 110.286
9 232.308
9
1 0
2 0
3 0
4 0
5 141
6 189.231
7 0
8 109.846
9 224.667
9
1 0
2 0
3 0
4 0
5 145.143
6 189.538
7 0
8 109
9 218.909
9
1 0
2 0
3 0
4 0
5 145.143
6 190.182
7 0
8 110.222
9 215.667
9
1 0
2 0
3 0
4 0
5 148.571
6 190.769
7 0
8 111.2
9 211.273
9
1 0
2 0
3 0
4 0
5 149
6 190.462
7 0
8 109
9 209.455
9
1 0
2 0
3 0
4 0
5 149.5
6 191.385
7 0
8 111.5
9 210
9
1 0
2 0
3 0
4 0
5 154.857
6 193.455
7 0
8 110.4
9 205.231
9
1 0
2 0
3 0
4 0
5 156.889
6 192.923
7 0
8 112.4
9 202.154
9
1 0
2 0
3 0
4 0
5 159
6 196
7 0
8 109.778
9 199.636
9
1 0
2 0
3 0
4 0
5 163.556
6 193.333
7 0
8 108.5
9 195
9
1 0
2 0
3 0
4 0
5 168.889
6 195.273
7 0
8 111.273
9 188
9
1 0
2 0
3 0
4 0
5 171.5
6 196.923
7 0
8 108
9 186
9
1 0
2 0
3 0
4 0
5 173.333
6 195.077
7 0
8 110.857
9 183.636
9
1 0
2 0
3 0
4 0
5 175.5
6 196
7 0
8 110.5
9 180.308
9
1 0
2 0
3 0
4 0
5 182.5
6 197
7 0
8 112.444
9 172.923
9
1 0
2 0
3 0
4 0
5 184.889
6 196.308
7 0
8 111.273
9 169.538
9
1 0
2 0
3 0
4 0
5 186.667
6 196.923
7 0
8 107.556
9 169.091
9
1 0
2 0
3 0
4 0
5 190.286
6 196.364
7 0
8 109.5
9 167
9
1 0
2 0
3 0
4 0
5 0
6 197.846
7 0
8 108.727
9 162.462
9
1 0
2 0
3 0
4 0
5 201.714
6 196.923
7 0
8 107
9 154.667
9
1 0
2 0
3 0
4 0
5 208
6 195.692
7 0
8 104.5
9 150.545
9
1 0
2 0
3 0
4 0
5 208.5
6 196
7 0
8 104
9 147.333
9
1 0
2 0
3 0
4 0
5 212.5
6 195.385
7 0
8 103.2
9 145.231
9
1 0
2 0
3 0
4 0
5 212.727
6 197.231
7 0
8 104
9 144.364
9
1 0
2 0
3 0
4 0
5 215.6
6 197.667
7 0
8 101.143
9 139.273
9
1 0
2 0
3 0
4 0
5 205
6 196
7 0
8 103.273
9 135.077
9
1 0
2 0
3 0
4 0
5 224.889
6 194.462
7 0
8 101.091
9 132.667
9
1 0
2 0
3 0
4 0
5 229.818
6 194.462
7 0
8 98.8
9 126.909
9
1 0
2 0
3 0
4 0
5 232.8
6 192.364
7 0
8 99.5
9 124.615
9
1 0
2 0
3 0
4 0
5 236
6 192.727
7 0
8 98.1538
9 121.231
9
1 0
2 0
3 0
4 0
5 238
6 190.769
7 0
8 96.8
9 117.846
9
1 0
2 0
3 76
4 0
5 240
6 192.308
7 0
8 95.4286
9 113.455
9
1 0
2 0
3 78
4 0
5 244
6 187.667
7 0
8 93.5
9 110.182
9
1 0
2 0
3 0
4 0
5 0
6 190.545
7 0
8 92
9 105.231
9
1 0
2 0
3 78.2857
4 0
5 250.222
6 187.692
7 0
8 0
9 103
9
1 0
2 0
3 80
4 0
5 251.111
6 185.846
7 0
8 89.7778
9 98.8
9
1 0
2 0
3 84.5714
4 0
5 253.714
6 183.636
7 0
8 90.2857
9 95.6667
9
1 0
2 0
3 0
4 0
5 256
6 181
7 0
8 87.4286
9 93.8462
9
1 0
2 0
3 86
4 0
5 255.556
6 182.462
7 0
8 87.6
9 92.7273
9
1 0
2 0
3 84
4 0
5 256.444
6 182.462
7 0
8 87.4286
9 91
9
1 0
2 0
3 89.7143
4 0
5 257.5
6 180.727
7 0
8 0
9 87.3333
9
1 0
2 0
3 89.1429
4 0
5 260.8
6 176.308
7 0
8 84
9 82.8
9
1 0
2 0
3 91.4286
4 0
5 261
6 173.231
7 0
8 0
9 80
9
1 0
2 0
3 92.3636
4 0
5 260
6 175.692
7 0
8 82.5
9 78.8571
9
1 0
2 0
3 89.7143
4 0
5 261.333
6 172.364
7 0
8 80.5714
9 77.7143
9
1 0
2 0
3 92.4444
4 0
5 264.308
6 172.308
7 0
8 79.5
9 76
9
1 0
2 0
3 94.2857
4 0
5 261.6
6 170.154
7 0
8 77.4545
9 77.1429
9
1 0
2 0
3 93.2
4 0
5 262.182
6 168.333
7 0
8 80
9 73.7143
9
1 0
2 0
3 93.1429
4 0
5 264.5
6 168.727
7 0
8 77.6
9 74.4
9
1 0
2 0
3 0
4 0
5 264.923
6 165.538
7 0
8 74.6667
9 69.2
9
1 0
2 0
3 97.5
4 0
5 262.8
6 163.077
7 0
8 73
9 68.5
9
1 0
2 0
3 97.3333
4 0
5 263.5
6 161
7 0
8 71
9 64.5
9
1 0
2 56.5
3 96.8
4 0
5 264
6 157.818
7 0
8 70.3333
9 0
9
1 0
2 0
3 100.889
4 0
5 263.636
6 157.231
7 0
8 69.7143
9 61
9
1 0
2 0
3 102.222
4 0
5 265
6 153.538
7 0
8 0
9 0
9
1 0
2 0
3 102.545
4 0
5 263.556
6 150.545
7 0
8 0
9 0
9
1 0
2 0
3 0
4 0
5 262.222
6 145.333
7 0
8 65
9 0
9
1 0
2 0
3 105
4 0
5 262
6 146.462
7 0
8 64
9 0
9
1 0
2 68
3 106.909
4 0
5 260.4
6 143.385
7 0
8 0
9 0
9
1 0
2 0
3 107.692
4 0
5 260
6 142.545
7 0
8 59.5
9 0
9
1 0
2 73.6
3 106.8
4 0
5 259.111
6 139.385
7 0
8 0
9 0
9
1 0
2 0
3 108.444
4 0
5 259.636
6 138.154
7 0
8 58.2857
9 0
9
1 0
2 80
3 107.111
4 0
5 257.455
6 133.538
7 0
8 0
9 0
9
1 0
2 80
3 108
4 0
5 252.5
6 130.909
7 0
8 0
9 0
9
1 0
2 85.0909
3 109.2
4 0
5 253.455
6 127.692
7 0
8 54
9 0
9
1 0
2 84.5
3 108.727
4 0
5 251.667
6 128
7 0
8 0
9 0
9
1 0
2 85.3333
3 110
4 0
5 249.455
6 125.231
7 0
8 0
9 0
9
1 0
2 88.8889
3 110.333
4 0
5 246.4
6 120.727
7 0
8 0
9 0
9
1 0
2 91.2
3 109.455
4 0
5 243.6
6 117.667
7 0
8 0
9 0
9
1 0
2 96
3 109.091
4 57.7143
5 242
6 117.846
7 0
8 0
9 0
9
1 0
2 97.5
3 111.077
4 0
5 236.364
6 116.923
7 0
8 0
9 0
9
1 0
2 0
3 109.846
4 0
5 233.6
6 112.8
7 0
8 0
9 0
9
1 0
2 101.091
3 110.4
4 0
5 229.818
6 111.385
7 0
8 0
9 0
9
1 0
2 104.4
3 111
4 0
5 227.667
6 108
7 0
8 0
9 0
9
1 0
2 108
3 112
4 0
5 225.667
6 108
7 0
8 0
9 0
9
1 65.7143
2 111.5
3 109.231
4 73.3333
5 220
6 105.5
7 0
8 0
9 0
9
1 0
2 112
3 109.818
4 65.1429
5 216.364
6 100.889
7 0
8 0
9 0
9
1 0
2 114
3 109.231
4 66
5 214.462
6 98.2222
7 0
8 0
9 0
9
1 0
2 117.2
3 108.615
4 66.5455
5 209.667
6 97.1429
7 0
8 0
9 0
9
1 0
2 119.556
3 109.231
4 66
5 208.727
6 95.5556
7 0
8 0
9 0
9
1 0
2 117.143
3 108.727
4 66.2857
5 206.769
6 94.2222
7 0
8 0
9 0
9
1 0
2 120
3 106.769
4 68.8
5 203.667
6 94.2222
7 0
8 0
9 0
9
1 76.5714
2 124.615
3 107.692
4 71.2
5 196
6 88.4
7 0
8 0
9 0
9
1 0
2 127
3 104.615
4 74.4615
5 189.2
6 0
7 0
8 0
9 0
9
1 0
2 130.8
3 104.364
4 72
5 186.769
6 85.7143
7 0
8 0
9 0
9
1 0
2 132.667
3 104.923
4 75.6364
5 186.154
6 82.8571
7 0
8 0
9 0
9
1 0
2 132.667
3 104.308
4 77.0909
5 182.462
6 0
7 0
8 0
9 0
9
1 88.5714
2 136.923
3 102.667
4 76
5 176.364
6 0
7 0
8 0
9 0
9
1 0
2 140.4
3 103.636
4 76.9231
5 170.154
6 74.2857
7 0
8 0
9 0
9
1 0
2 143.385
3 103.077
4 78.1538
5 167.077
6 0
7 0
8 0
9 0
9
1 0
2 146.769
3 99.3846
4 81.5385
5 160.333
6 0
7 0
8 0
9 0
9
1 0
2 148
3 97.4545
4 80
5 154.545
6 0
7 0
8 0
9 0
9
1 0
2 150.545
3 98.9091
4 80.6154
5 151.385
6 0
7 0
8 0
9 0
9
1 110.286
2 153.846
3 99.0769
4 83.3333
5 146.769
6 0
7 0
8 0
9 0
9
1 117.333
2 155.692
3 95.6923
4 84
5 142.545
6 0
7 0
8 0
9 0
9
1 119.5
2 159.385
3 93.4545
4 85.8182
5 142
6 0
7 0
8 0
9 0
9
1 0
2 160.364
3 92.3333
4 85.2308
5 137.333
6 0
7 0
8 0
9 0
9
1 121.714
2 162.462
3 93.2308
4 86.3333
5 135.667
6 0
7 0
8 0
9 0
9
1 128.444
2 164.308
3 91.6667
4 86.6667
5 132
6 0
7 0
8 0
9 0
9
1 129.5
2 165.667
3 91.6364
4 88.3636
5 127.667
6 0
7 0
8 0
9 0
9
1 0
2 170.182
3 87.6
4 88.9231
5 123.077
6 0
7 0
8 0
9 0
9
1 0
2 162.857
3 86.8
4 88
5 119
6 0
7 0
8 0
9 0
9
1 144
2 175.077
3 84
4 91.6667
5 116
6 0
7 0
8 0
9 0
9
1 149.714
2 175.636
3 86.2222
4 87.3333
5 112.308
6 0
7 0
8 0
9 0
9
1 149
2 176.667
3 82.2857
4 92.6154
5 110.462
6 0
7 0
8 0
9 0
9
1 156
2 170.571
3 80.5714
4 90.9091
5 108.615
6 0
7 0
8 0
9 0
9
1 0
2 178.769
3 0
4 93
5 102.8
6 0
7 0
8 0
9 0
9
1 163.429
2 180.364
3 0
4 90.6667
5 100
6 0
7 0
8 0
9 0
9
1 170.286
2 183.385
3 0
4 92.6154
5 94.7692
6 0
7 0
8 0
9 0
9
1 0
2 184
3 0
4 92
5 92.6667
6 0
7 0
8 0
9 0
9
1 182
2 185.538
3 0
4 92
5 88.7273
6 0
7 0
8 0
9 0
9
1 0
2 185.091
3 0
4 91.3846
5 85.4545
6 0
7 0
8 0
9 0
9
1 0
2 172
3 0
4 94.1538
5 82.4615
6 0
7 0
8 0
9 0
9
1 191.429
2 183.692
3 0
4 93.8462
5 80
6 0
7 0
8 0
9 0
9
1 195
2 184
3 0
4 91.6
5 78.4
6 0
7 0
8 0
9 0
9
1 0
2 183.636
3 0
4 93.2308
5 74.6667
6 0
7 0
8 0
9 0
9
1 0
2 183.385
3 0
4 94.3333
5 72
6 0
7 0
8 0
9 0
9
1 0
2 182.769
3 0
4 93
5 71.6364
6 0
7 0
8 0
9 0
9
1 213.143
2 182.909
3 0
4 92.7273
5 70.7692
6 0
7 0
8 0
9 0
9
1 0
2 181.333
3 0
4 92.3077
5 69.0909
6 0
7 0
8 0
9 0
9
1 0
2 181.538
3 0
4 93.2308
5 65.6667
6 0
7 0
8 0
9 0
9
1 0
2 178.769
3 0
4 90.6667
5 62.6667
6 0
7 0
8 0
9 0
9
1 0
2 180
3 0
4 93.2
5 63
6 0
7 0
8 0
9 0
9
1 0
2 179.385
3 0
4 91.6667
5 60.8
6 0
7 0
8 0
9 0
9
1 214.667
2 177.846
3 0
4 90.3333
5 57.5
6 0
7 0
8 0
9 0
9
1 231.556
2 177.538
3 0
4 92
5 0
6 0
7 0
8 0
9 0
9
1 0
2 176.727
3 0
4 88.3333
5 56.4444
6 0
7 0
8 0
9 0
9
1 211
2 175.385
3 0
4 89.2
5 58.2857
6 0
7 0
8 0
9 0
9
1 234.857
2 175.385
3 0
4 88.4
5 0
6 0
7 0
8 0
9 0
9
1 238.5
2 174.462
3 0
4 86.5455
5 0
6 0
7 0
8 0
9 0
9
1 0
2 172
3 0
4 85.3333
5 0
6 0
7 0
8 0
9 0
9
1 0
2 172.308
3 0
4 89
5 0
6 0
7 0
8 0
9 0
9
1 0
2 171.385
3 0
4 85.6667
5 0
6 0
7 0
8 0
9 0
9
1 0
2 169.846
3 0
4 84
5 0
6 0
7 0
8 0
9 0
9
1 0
2 167.273
3 0
4 83
5 0
6 0
7 0
8 0
9 0
9
1 246.857
2 167.077
3 0
4 84.3636
5 0
6 0
7 0
8 0
9 0
9
1 224
2 166.154
3 0
4 84
5 0
6 0
7 0
8 0
9 0
9
1 249.143
2 162.909
3 0
4 83
5 0
6 0
7 0
8 0
9 0
9
1 250.286
2 162.182
3 0
4 83.6364
5 0
6 0
7 0
8 0
9 0
9
1 224
2 162.462
3 0
4 83.5
5 0
6 0
7 0
8 0
9 0
9
1 0
2 160.615
3 0
4 81.6
5 0
6 0
7 0
8 0
9 0
9
1 0
2 160.364
3 0
4 80.3636
5 0
6 0
7 0
8 0
9 0
9
1 253.714
2 159
3 0
4 81.4545
5 0
6 0
7 0
8 0
9 0
9
1 0
2 158.462
3 0
4 79.6
5 0
6 0
7 0
8 0
9 0
9
1 256
2 158.462
3 0
4 80
5 0
6 0
7 0
8 0
9 0
9
1 0
2 157.818
3 0
4 79.6667
5 0
6 0
7 0
8 0
9 0
9
1 254.857
2 156
3 0
4 80
5 0
6 0
7 0
8 0
9 0
9
1 254.857
2 154.462
3 0
4 78.9091
5 0
6 0
7 0
8 0
9 0
9
1 257
2 155.667
3 0
4 79.6
5 0
6 0
7 0
8 0
9 0
9
1 0
2 152.364
3 0
4 79.2727
5 0
6 0
7 0
8 0
9 0
9
1 257
2 154.462
3 0
4 78.5455
5 0
6 0
7 0
8 0
9 0
9
1 225.714
2 152.308
3 0
4 78.1538
5 0
6 0
7 0
8 0
9 0
9
1 256.571
2 155.077
3 0
4 75.2727
5 0
6 0
7 0
8 0
9 0
9
1 0
2 150.545
3 0
4 76.3333
5 0
6 0
7 0
8 0
9 0
9
1 229.5
2 151.077
3 0
4 76
5 0
6 0
7 0
8 0
9 0
9
1 257.714
2 151.077
3 0
4 78.5455
5 0
6 0
7 0
8 0
9 0
9
1 259.429
2 151.333
3 0
4 76.4
5 0
6 0
7 0
8 0
9 0
9
1 0
2 152
3 0
4 77.6
5 0
6 0
7 0
8 0
9 0
9
1 258.857
2 151.692
3 0
4 76.5
5 0
6 0
7 0
8 0
9 0
9
1 258.857
2 151.385
3 0
4 79.5556
5 0
6 0
7 0
8 0
9 0
9
1 258.286
2 150.909
3 0
4 0
5 0
6 0
7 0
8 0
9 0
9
1 259.429
2 151.333
3 0
4 76
5 0
6 0
7 0
8 0
9 0
9
1 257.143
2 150.462
3 0
4 75.4286
5 0
6 0
7 0
8 0
9 0
9
1 257
2 149.846
3 0
4 78.2857
5 0
6 0
7 0
8 0
9 0
9
1 0
2 150.545
3 0
4 76.7273
5 0
6 0
7 0
8 0
9 0
9
1 0
2 150.154
3 0
4 76.3636
5 0
6 0
7 0
8 0
9 0
9
1 259.429
2 148.923
3 0
4 76.8
5 0
6 0
7 0
8 0
9 0
9
1 259.429
2 149.231
3 0
4 75.5
5 0
6 0
7 0
8 0
9 0
9
1 0
2 149.455
3 0
4 76.7273
5 0
6 0
7 0
8 0
9 0
9
1 260.571
2 148.308
3 0
4 77
5 0
6 0
7 0
8 0
9 0
9
1 0
2 150.462
3 0
4 76
5 0
6 0
7 0
8 0
9 0
9
1 259.429
2 148
3 0
4 76
5 0
6 0
7 0
8 0
9 0
9
1 0
2 151.636
3 0
4 76.6154
5 0
6 0
7 0
8 0
9 0
9
1 0
2 149.846
3 0
4 77.3333
5 0
6 0
7 0
8 0
9 0
9
1 259.429
2 150.154
3 0
4 75.6667
5 0
6 0
7 0
8 0
9 0
9
1 258.222
2 151.273
3 0
4 75.6364
5 0
6 0
7 0
8 0
9 0
9
1 0
2 151.273
3 0
4 79.3333
5 0
6 0
7 0
8 0
9 0
9
1 0
2 149.846
3 0
4 75.6364
5 0
6 0
7 0
8 0
9 0
9
1 0
2 150.154
3 0
4 75.2
5 0
6 0
7 0
8 0
9 0
9
1 0
2 150.545
3 0
4 76.3636
5 0
6 0
7 0
8 0
9 0
9
1 0
2 152
3 0
4 77.3333
5 0
6 0
7 0
8 0
9 0
9
1 0
2 150.769
3 0
4 76.3333
5 0
6 0
7 0
8 0
9 0
9
1 258.5
2 147.385
3 0
4 78
5 0
6 0
7 0
8 0
9 0
