9
1 0
2 0
3 0
4 0
5 0
6 99.7143
7 0
8 77.6842
9 299.652
9
1 0
2 0
3 0
4 0
5 0
6 104
7 0
8 80
9 300.364
9
1 0
2 0
3 0
4 0
5 0
6 106.4
7 0
8 79.7333
9 300.909
9
1 0
2 0
3 0
4 0
5 0
6 108.182
7 0
8 81.0909
9 299.818
9
1 0
2 0
3 0
4 0
5 0
6 112.889
7 0
8 83.4286
9 300.16
9
1 0
2 0
3 0
4 0
5 0
6 116.444
7 0
8 85.4286
9 299.826
9
1 0
2 0
3 0
4 0
5 0
6 121.111
7 0
8 86.9091
9 299.04
9
1 0
2 0
3 0
4 0
5 0
6 127
7 0
8 88.2857
9 299.091
9
1 0
2 0
3 0
4 0
5 0
6 129.524
7 0
8 89.5
9 298.364
9
1 0
2 0
3 0
4 0
5 0
6 133.25
7 0
8 93
9 298
9
1 0
2 0
3 0
4 0
5 72
6 136.421
7 0
8 94.8235
9 296.96
9
1 0
2 0
3 0
4 0
5 73.2
6 140.8
7 0
8 96.6667
9 296.48
9
1 0
2 0
3 0
4 0
5 75
6 145.455
7 0
8 97.25
9 294.56
9
1 0
2 0
3 0
4 0
5 79.0769
6 148
7 0
8 99.0588
9 292.48
9
1 0
2 0
3 0
4 0
5 81.0909
6 151.81
7 0
8 99.4667
9 291.04
9
1 0
2 0
3 0
4 0
5 87.7333
6 154.72
7 0
8 100.8
9 289.167
9
1 0
2 0
3 0
4 0
5 89.3333
6 160.696
7 0
8 101.111
9 286.615
9
1 0
2 0
3 0
4 0
5 92.3636
6 161.92
7 0
8 103.692
9 284.32
9
1 0
2 0
3 0
4 0
5 99
6 164.833
7 0
8 104.667
9 279.385
9
1 0
2 0
3 0
4 0
5 104.615
6 169.28
7 0
8 105.778
9 276
9
1 0
2 0
3 0
4 0
5 109.231
6 173.037
7 0
8 107.455
9 268.32
9
1 0
2 0
3 0
4 0
5 115.2
6 176.64
7 0
8 108.571
9 260.741
9
1 0
2 0
3 0
4 0
5 121.647
6 180.889
7 0
8 108.941
9 252.32
9
1 0
2 0
3 0
4 0
5 128.471
6 182.88
7 0
8 110.105
9 242.074
9
1 0
2 0
3 0
4 0
5 136.222
6 186.72
7 0
8 111.529
9 231.2
9
1 0
2 0
3 0
4 0
5 144.8
6 190.37
7 0
8 111.81
9 220.48
9
1 0
2 0
3 0
4 0
5 152.5
6 191.36
7 0
8 112.235
9 208.833
9
1 0
2 0
3 0
4 0
5 161.75
6 192.889
7 0
8 111.2
9 199
9
1 0
2 0
3 0
4 0
5 166.909
6 196
7 0
8 111.579
9 190.24
9
1 0
2 0
3 0
4 0
5 176
6 195.692
7 0
8 108.5
9 183.36
9
1 0
2 0
3 0
4 0
5 183.143
6 196
7 0
8 109.053
9 172.148
9
1 0
2 0
3 0
4 0
5 191.059
6 198.24
7 0
8 107.368
9 167.04
9
1 0
2 0
3 0
4 0
5 197.636
6 197.037
7 0
8 106.727
9 158.08
9
1 0
2 0
3 0
4 0
5 209.556
6 196.64
7 0
8 105.263
9 150.08
9
1 0
2 0
3 66.2857
4 0
5 212.889
6 197.926
7 0
8 104.471
9 144.5
9
1 0
2 0
3 0
4 0
5 217.75
6 196.8
7 0
8 102.947
9 142.222
9
1 0
2 0
3 67.1111
4 0
5 220.174
6 196
7 0
8 103.25
9 138.56
9
1 0
2 0
3 70.6667
4 0
5 225.053
6 195.259
7 0
8 100.952
9 132.8
9
1 0
2 0
3 72
4 0
5 231.75
6 193.76
7 0
8 98.1053
9 125.6
9
1 0
2 0
3 74.9091
4 0
5 237.524
6 191.556
7 0
8 98.1333
9 120.174
9
1 0
2 0
3 74.2857
4 0
5 240
6 191.84
7 0
8 95.619
9 117.217
9
1 0
2 0
3 77.3333
4 0
5 246.526
6 190.56
7 0
8 93.4
9 109.333
9
1 0
2 0
3 79.6364
4 0
5 250
6 187.231
7 0
8 90.4444
9 102
9
1 0
2 0
3 87.2
4 0
5 254.353
6 182.24
7 0
8 87.7647
9 96.3478
9
1 0
2 0
3 85.3333
4 0
5 255.4
6 182.815
7 0
8 86.5882
9 91.6364
9
1 0
2 0
3 86.5
4 0
5 259.579
6 180.16
7 0
8 84.5333
9 87.3043
9
1 0
2 0
3 89.25
4 0
5 261.391
6 174.769
7 0
8 81.5
9 81.4
9
1 0
2 0
3 93.3333
4 0
5 263.81
6 170.24
7 0
8 79.1111
9 74.8333
9
1 0
2 53.6
3 98.1053
4 0
5 267.368
6 162.72
7 0
8 74.5882
9 67.25
9
1 0
2 59.5556
3 100.842
4 0
5 265.263
6 155.852
7 0
8 69.2632
9 60.3077
9
1 0
2 63.3333
3 103
4 0
5 263.789
6 149.12
7 0
8 65.1765
9 54.7692
9
1 0
2 67.3846
3 104.6
4 0
5 262.727
6 144.889
7 0
8 65.2308
9 56.7273
9
1 0
2 76.4444
3 105.217
4 0
5 261.091
6 140.32
7 0
8 61.1429
9 56.5
9
1 0
2 80.8
3 108.48
4 51.4286
5 256.8
6 133.76
7 0
8 57
9 0
9
1 53.1429
2 85.5556
3 108.167
4 0
5 251.304
6 125.76
7 0
8 56.5714
9 0
9
1 58.4
2 91
3 110
4 58
5 242.435
6 118.72
7 0
8 0
9 0
9
1 55.3846
2 98
3 110.167
4 68.7273
5 236.522
6 114.769
7 0
8 0
9 0
9
1 59.4286
2 101.714
3 110.88
4 60.6154
5 231.455
6 110.609
7 0
8 0
9 0
9
1 63.1111
2 107.6
3 108.96
4 63.3333
5 225.333
6 105.167
7 0
8 0
9 0
9
1 66.1818
2 112.8
3 108.8
4 65.6
5 214.5
6 100.235
7 0
8 0
9 0
9
1 73.0909
2 118.545
3 108.444
4 68
5 207.333
6 93.8824
7 0
8 0
9 0
9
1 76
2 124.522
3 106.56
4 71.2
5 196.364
6 88.9231
7 0
8 0
9 0
9
1 0
2 129.538
3 105.429
4 74.5714
5 188.333
6 0
7 0
8 0
9 0
9
1 94.2857
2 139.294
3 103.333
4 76.6316
5 171.818
6 77.0909
7 0
8 0
9 0
9
1 100.923
2 144
3 99.84
4 79.619
5 162.4
6 70.1818
7 0
8 0
9 0
9
1 108
2 150.56
3 98.3077
4 81.9259
5 152.48
6 0
7 0
8 0
9 0
9
1 117.538
2 156.696
3 93.3333
4 84
5 138.947
6 0
7 0
8 0
9 0
9
1 124
2 162.462
3 92.4444
4 87.2593
5 132.833
6 61.7143
7 0
8 0
9 0
9
1 132.286
2 167.667
3 88.8333
4 87.2308
5 124.615
6 0
7 0
8 0
9 0
9
1 140.286
2 168.143
3 86.75
4 89.1667
5 117.12
6 0
7 0
8 0
9 0
9
1 149.538
2 173.44
3 83.1429
4 91.2593
5 109.481
6 0
7 0
8 0
9 0
9
1 157.333
2 177.778
3 80
4 92.1667
5 104.32
6 0
7 0
8 0
9 0
9
1 161.895
2 180
3 78.5455
4 91.2857
5 97.2308
6 0
7 0
8 0
9 0
9
1 176.5
2 179.077
3 77.4545
4 93.6
5 89.44
6 0
7 0
8 0
9 0
9
1 176.25
2 181.846
3 73.2
4 93.76
5 86.24
6 0
7 0
8 0
9 0
9
1 187.714
2 183.04
3 72
4 93.12
5 80.8696
6 0
7 0
8 0
9 0
9
1 198.857
2 179.429
3 66
4 92.381
5 75.68
6 0
7 0
8 0
9 0
9
1 205.867
2 182.24
3 0
4 92.8
5 68.96
6 0
7 0
8 0
9 0
9
1 205.333
2 175.231
3 0
4 91.619
5 66.2609
6 0
7 0
8 0
9 0
9
1 210.154
2 179.52
3 0
4 91.5
5 62.4762
6 0
7 0
8 0
9 0
9
1 216.267
2 179.52
3 0
4 89.3333
5 59.0588
6 0
7 0
8 0
9 0
9
1 231.733
2 176
3 0
4 88.2
5 54.4
6 0
7 0
8 0
9 0
9
1 236.5
2 172.32
3 0
4 87.8261
5 50.8571
6 0
7 0
8 0
9 0
9
1 238.933
2 171.538
3 0
4 88
5 0
6 0
7 0
8 0
9 0
9
1 240.533
2 169.44
3 0
4 86.5
5 0
6 0
7 0
8 0
9 0
9
1 243.059
2 167.36
3 0
4 84
5 0
6 0
7 0
8 0
9 0
