9
1 0
2 0
3 0
4 0
5 0
6 110
7 0
8 0
9 300.444
9
1 0
2 0
3 0
4 0
5 0
6 110.286
7 0
8 84.5714
9 299.636
9
1 0
2 0
3 0
4 0
5 0
6 112.889
7 0
8 0
9 300.727
9
1 0
2 0
3 0
4 0
5 0
6 113.667
7 0
8 86.8571
9 300
9
1 0
2 0
3 0
4 0
5 0
6 116.571
7 0
8 0
9 301.2
9
1 0
2 0
3 0
4 0
5 0
6 116.571
7 0
8 0
9 300
9
1 0
2 0
3 0
4 0
5 0
6 118.5
7 0
8 88
9 299.636
9
1 0
2 0
3 0
4 0
5 0
6 118
7 0
8 90.5
9 301.091
9
1 0
2 0
3 0
4 0
5 0
6 121.5
7 0
8 0
9 298.333
9
1 0
2 0
3 0
4 0
5 0
6 122.667
7 0
8 90.5
9 298.462
9
1 0
2 0
3 0
4 0
5 0
6 121.6
7 0
8 92.4444
9 298.769
9
1 0
2 0
3 0
4 0
5 0
6 127.6
7 0
8 0
9 299.273
9
1 0
2 0
3 0
4 0
5 0
6 127.556
7 0
8 0
9 297.846
9
1 0
2 0
3 0
4 0
5 0
6 128
7 0
8 0
9 297.846
9
1 0
2 0
3 0
4 0
5 0
6 130
7 0
8 92.4444
9 297.231
9
1 0
2 0
3 0
4 0
5 69.7143
6 131.667
7 0
8 95.4286
9 297.091
9
1 0
2 0
3 0
4 0
5 0
6 131.6
7 0
8 93
9 296.615
9
1 0
2 0
3 0
4 0
5 0
6 134
7 0
8 95.6
9 298
9
1 0
2 0
3 0
4 0
5 0
6 137
7 0
8 95.4286
9 294.667
9
1 0
2 0
3 0
4 0
5 0
6 139.556
7 0
8 0
9 294.909
9
1 0
2 0
3 0
4 0
5 0
6 143.636
7 0
8 101.143
9 295.385
9
1 0
2 0
3 0
4 0
5 0
6 145.333
7 0
8 99.5
9 292.923
9
1 0
2 0
3 0
4 0
5 80.5
6 147.273
7 0
8 102.222
9 291.667
9
1 0
2 0
3 0
4 0
5 80
6 149.231
7 0
8 101.5
9 293.2
9
1 0
2 0
3 0
4 0
5 0
6 152.364
7 0
8 102
9 291.077
9
1 0
2 0
3 0
4 0
5 86.2857
6 153.818
7 0
8 104.5
9 291.077
9
1 0
2 0
3 0
4 0
5 0
6 156.333
7 0
8 104
9 289.231
9
1 0
2 0
3 0
4 0
5 0
6 156.667
7 0
8 105.333
9 287.333
9
1 0
2 0
3 0
4 0
5 88.5714
6 159.636
7 0
8 107.429
9 286.182
9
1 0
2 0
3 0
4 0
5 0
6 160.364
7 0
8 107.5
9 283.077
9
1 0
2 0
3 0
4 0
5 0
6 161.846
7 0
8 106
9 282.182
9
1 0
2 0
3 0
4 0
5 0
6 163.692
7 0
8 107.636
9 278.933
9
1 0
2 0
3 0
4 0
5 0
6 164.615
7 0
8 110.857
9 277.818
9
1 0
2 0
3 0
4 0
5 104
6 168.308
7 0
8 106.5
9 274.182
9
1 0
2 0
3 0
4 0
5 0
6 169.455
7 0
8 110.222
9 273.333
9
1 0
2 0
3 0
4 0
5 0
6 173
7 0
8 110.222
9 266.462
9
1 0
2 0
3 0
4 0
5 0
6 173.538
7 0
8 112
9 263.6
9
1 0
2 0
3 0
4 0
5 119
6 175
7 0
8 111.429
9 257.455
9
1 0
2 0
3 0
4 0
5 0
6 177.2
7 0
8 110
9 257.231
9
1 0
2 0
3 0
4 0
5 121.143
6 179.692
7 0
8 110.667
9 251.385
9
1 0
2 0
3 0
4 0
5 0
6 179.692
7 0
8 114
9 248
9
1 0
2 0
3 0
4 0
5 0
6 184.364
7 0
8 109.5
9 242.154
9
1 0
2 0
3 0
4 0
5 0
6 183.667
7 0
8 112
9 238.769
9
1 0
2 0
3 0
4 0
5 0
6 185.846
7 0
8 111.111
9 233.538
9
1 0
2 0
3 0
4 0
5 0
6 185.538
7 0
8 110
9 235.273
9
1 0
2 0
3 0
4 0
5 136.571
6 187.636
7 0
8 115.429
9 234.154
9
1 0
2 0
3 0
4 0
5 0
6 186
7 0
8 113.2
9 231.385
9
1 0
2 0
3 0
4 0
5 140.5
6 187.385
7 0
8 113.333
9 225.538
9
1 0
2 0
3 0
4 0
5 0
6 189.846
7 0
8 112.4
9 219.636
9
1 0
2 0
3 0
4 0
5 0
6 189.091
7 0
8 112
9 218.462
9
1 0
2 0
3 0
4 0
5 0
6 190.154
7 0
8 113.333
9 213.231
9
1 0
2 0
3 0
4 0
5 157
6 192
7 0
8 112.333
9 206.667
9
1 0
2 0
3 0
4 0
5 0
6 192.308
7 0
8 114.667
9 207.273
9
1 0
2 0
3 0
4 0
5 157.143
6 190.909
7 0
8 111.111
9 204.923
9
1 0
2 0
3 0
4 0
5 0
6 192
7 0
8 114.222
9 198.545
9
1 0
2 0
3 0
4 0
5 165.6
6 196
7 0
8 114.182
9 194.545
9
1 0
2 0
3 0
4 0
5 170.222
6 192.615
7 0
8 113.333
9 191.636
9
1 0
2 0
3 0
4 0
5 176
6 194.182
7 0
8 110.182
9 184.615
9
1 0
2 0
3 0
4 0
5 179.429
6 193.846
7 0
8 111.636
9 180
9
1 0
2 0
3 0
4 0
5 179.6
6 195.077
7 0
8 112
9 178
9
1 0
2 0
3 0
4 0
5 180.571
6 194.333
7 0
8 110
9 177.667
9
1 0
2 0
3 0
4 0
5 186
6 195.636
7 0
8 109.231
9 172.923
9
1 0
2 0
3 0
4 0
5 188
6 198.462
7 0
8 109.333
9 169.538
9
1 0
2 0
3 0
4 0
5 192.8
6 195.385
7 0
8 109.5
9 165.455
9
1 0
2 0
3 0
4 0
5 195.556
6 198.182
7 0
8 110.667
9 161.231
9
1 0
2 0
3 0
4 0
5 196
6 196
7 0
8 107.111
9 160
9
1 0
2 0
3 0
4 0
5 196.444
6 196.615
7 0
8 107.077
9 158
9
1 0
2 0
3 0
4 0
5 200
6 197.846
7 0
8 105.714
9 158.4
9
1 0
2 0
3 0
4 0
5 205.5
6 197.455
7 0
8 109.778
9 153.846
9
1 0
2 0
3 0
4 0
5 209.714
6 197.846
7 0
8 107.333
9 151.385
9
1 0
2 0
3 0
4 0
5 213.5
6 196.923
7 0
8 108
9 146
9
1 0
2 0
3 0
4 0
5 217.5
6 196.615
7 0
8 0
9 144
9
1 0
2 0
3 0
4 0
5 220
6 197.455
7 0
8 107.6
9 138.462
9
1 0
2 0
3 0
4 0
5 224
6 194.769
7 0
8 103.111
9 135.077
9
1 0
2 0
3 0
4 0
5 228
6 194.769
7 0
8 101.778
9 131.273
9
1 0
2 0
3 0
4 0
5 232.4
6 193.333
7 0
8 104
9 130.667
9
1 0
2 0
3 0
4 0
5 0
6 197.091
7 0
8 101.778
9 127.077
9
1 0
2 0
3 0
4 0
5 233.333
6 194.769
7 0
8 101.5
9 128.615
9
1 0
2 0
3 0
4 0
5 234
6 193.846
7 0
8 102
9 122.909
9
1 0
2 0
3 0
4 0
5 235.556
6 192.727
7 0
8 102.286
9 122.909
9
1 0
2 0
3 0
4 0
5 235.5
6 193.667
7 0
8 97.4545
9 120
9
1 0
2 0
3 0
4 0
5 242
6 189.846
7 0
8 0
9 114.667
9
1 0
2 0
3 77.1429
4 0
5 245.6
6 191.077
7 0
8 94.6667
9 110.8
9
1 0
2 0
3 78.2857
4 0
5 246.909
6 187.273
7 0
8 94.4
9 107.667
9
1 0
2 0
3 0
4 0
5 251.556
6 187.077
7 0
8 91.5556
9 101.818
9
1 0
2 0
3 80.5714
4 0
5 252.364
6 181.538
7 0
8 90.1818
9 97.2
9
1 0
2 0
3 85.7143
4 0
5 255.273
6 182.769
7 0
8 88
9 94.2222
9
1 0
2 0
3 85.3333
4 0
5 0
6 180.727
7 0
8 86.2857
9 90.5455
9
1 0
2 0
3 85
4 0
5 257.091
6 180.615
7 0
8 85.5
9 88.8
9
1 0
2 0
3 88
4 0
5 260
6 178.154
7 0
8 0
9 86.4
9
1 0
2 0
3 88
4 0
5 262
6 178.667
7 0
8 0
9 83.5556
9
1 0
2 0
3 88
4 0
5 261.6
6 175.273
7 0
8 83.1111
9 82.6667
9
1 0
2 0
3 89.7778
4 0
5 263.6
6 171.692
7 0
8 0
9 76.4
9
1 0
2 0
3 94.2857
4 0
5 267.111
6 168.615
7 0
8 78.5
9 71
9
1 0
2 0
3 97
4 0
5 265.6
6 161.818
7 0
8 76
9 67.5556
9
1 0
2 0
3 100.727
4 0
5 265.2
6 160.727
7 0
8 71.6
9 0
9
1 0
2 0
3 0
4 0
5 266.222
6 157.231
7 0
8 71.6
9 61.3333
9
1 0
2 0
3 98.2222
4 0
5 267.556
6 153.846
7 0
8 0
9 62.8571
9
1 0
2 73
3 102.667
4 0
5 264.444
6 150.545
7 0
8 67.5
9 0
9
1 0
2 64
3 104.8
4 0
5 260.889
6 150.333
7 0
8 66.5
9 0
9
1 0
2 0
3 107.111
4 0
5 262.545
6 145.231
7 0
8 64.8889
9 0
9
1 0
2 69.3333
3 106.909
4 0
5 262.909
6 141.846
7 0
8 0
9 0
9
1 0
2 69.5
3 106.667
4 0
5 261
6 142.545
7 0
8 0
9 0
9
1 0
2 0
3 106
4 0
5 259.111
6 140.308
7 0
8 62.8571
9 0
9
1 0
2 0
3 105.714
4 0
5 259
6 137.538
7 0
8 0
9 0
9
1 0
2 75.5556
3 107.6
4 0
5 256.364
6 134.769
7 0
8 0
9 0
9
1 0
2 77.7778
3 107.333
4 0
5 253.6
6 131.636
7 0
8 0
9 0
9
1 0
2 81
3 111.273
4 0
5 253.333
6 130.462
7 0
8 59
9 0
9
1 0
2 84
3 111
4 0
5 250.667
6 130
7 0
8 0
9 0
9
1 0
2 85.1429
3 111
4 0
5 249.2
6 125.231
7 0
8 0
9 0
9
1 0
2 90
3 110.909
4 0
5 244.889
6 122.182
7 0
8 0
9 0
9
1 0
2 93.3333
3 110.182
4 0
5 243.636
6 122.545
7 0
8 0
9 0
9
1 0
2 0
3 110.462
4 0
5 239.692
6 117.846
7 0
8 0
9 0
9
1 0
2 98.4
3 111.692
4 0
5 236.727
6 115
7 0
8 0
9 0
9
1 0
2 99.6
3 113.538
4 0
5 232.444
6 112.364
7 0
8 0
9 0
9
1 0
2 102.286
3 112
4 0
5 228.727
6 109.667
7 0
8 0
9 0
9
1 0
2 108
3 110.462
4 0
5 224.615
6 106.182
7 0
8 0
9 0
9
1 0
2 108.889
3 112.923
4 0
5 221.667
6 102.333
7 0
8 0
9 0
9
1 0
2 112.8
3 109.538
4 66.2857
5 214.545
6 101
7 0
8 0
9 0
9
1 0
2 115.111
3 111.636
4 0
5 212.4
6 100.727
7 0
8 0
9 0
9
1 0
2 117.2
3 111.077
4 65.7143
5 208
6 97
7 0
8 0
9 0
9
1 0
2 121.333
3 108.615
4 68
5 204
6 0
7 0
8 0
9 0
9
1 0
2 121.818
3 108.308
4 68.5714
5 202.4
6 93
7 0
8 0
9 0
9
1 0
2 125.333
3 106.182
4 69.6667
5 198
6 93.7778
7 0
8 0
9 0
9
1 0
2 126.333
3 107.692
4 69.2
5 196.8
6 91
7 0
8 0
9 0
9
1 80
2 129.333
3 106.154
4 70.1818
5 192
6 87.1111
7 0
8 0
9 0
9
1 85.5
2 133
3 105.091
4 74
5 183.273
6 87
7 0
8 0
9 0
9
1 0
2 137.455
3 104.364
4 74.9091
5 176.308
6 78.8571
7 0
8 0
9 0
9
1 94.2857
2 141.846
3 103.077
4 78
5 170.333
6 74.2857
7 0
8 0
9 0
9
1 95
2 143.385
3 104
4 76.9231
5 168.727
6 0
7 0
8 0
9 0
9
1 0
2 146.333
3 101.818
4 78.1818
5 162.667
6 0
7 0
8 0
9 0
9
1 102.857
2 149.818
3 101.333
4 80.3333
5 158.154
6 0
7 0
8 0
9 0
9
1 107.111
2 150.462
3 100.923
4 80.9231
5 155.333
6 0
7 0
8 0
9 0
9
1 97.7143
2 153.231
3 99.0769
4 82.5455
5 149.6
6 0
7 0
8 0
9 0
9
1 0
2 156.727
3 98.1818
4 82.5455
5 146.154
6 0
7 0
8 0
9 0
9
1 114.286
2 156.364
3 97.3333
4 83.6923
5 142.462
6 0
7 0
8 0
9 0
9
1 119.111
2 160
3 96.9231
4 83.6923
5 140.923
6 0
7 0
8 0
9 0
9
1 122.286
2 155.714
3 95.0769
4 84
5 133.818
6 0
7 0
8 0
9 0
9
1 126.286
2 164.727
3 91.6364
4 84.3333
5 131.692
6 0
7 0
8 0
9 0
9
1 0
2 167.077
3 92.9231
4 85.5385
5 125.846
6 0
7 0
8 0
9 0
9
1 135.429
2 170.154
3 90.9091
4 86.6667
5 123.333
6 0
7 0
8 0
9 0
9
1 140
2 171.385
3 90.1818
4 86.9091
5 120
6 0
7 0
8 0
9 0
9
1 142.286
2 173.818
3 0
4 87.7143
5 117.538
6 0
7 0
8 0
9 0
9
1 146.286
2 175.385
3 83.4286
4 89.2308
5 112.615
6 0
7 0
8 0
9 0
9
1 150.5
2 168.857
3 84.5714
4 90.4615
5 109.455
6 0
7 0
8 0
9 0
9
1 157.143
2 179
3 0
4 89.6
5 105.667
6 0
7 0
8 0
9 0
9
1 0
2 181.091
3 0
4 89.8462
5 107.077
6 0
7 0
8 0
9 0
9
1 160.5
2 180.923
3 0
4 90.7692
5 103.692
6 0
7 0
8 0
9 0
9
1 165.5
2 182.154
3 0
4 91
5 100.444
6 0
7 0
8 0
9 0
9
1 172
2 181.455
3 0
4 91.2727
5 93.8462
6 0
7 0
8 0
9 0
9
1 0
2 185.818
3 0
4 92.9231
5 91.3846
6 0
7 0
8 0
9 0
9
1 181.333
2 185.231
3 0
4 90.6667
5 87.0769
6 0
7 0
8 0
9 0
9
1 185.714
2 184.308
3 0
4 90.5455
5 85.3333
6 0
7 0
8 0
9 0
9
1 187
2 177.333
3 0
4 89.2308
5 83.6923
6 0
7 0
8 0
9 0
9
1 0
2 186.154
3 0
4 89.5385
5 84.3077
6 0
7 0
8 0
9 0
9
1 192.5
2 176.286
3 0
4 90.8
5 80
6 0
7 0
8 0
9 0
9
1 0
2 185.846
3 0
4 87.6
5 78.9091
6 0
7 0
8 0
9 0
9
1 0
2 185.818
3 0
4 90.3333
5 77.3333
6 0
7 0
8 0
9 0
9
1 0
2 184.923
3 0
4 89.3333
5 80.3333
6 0
7 0
8 0
9 0
9
1 207.556
2 184.308
3 0
4 91
5 73.2
6 0
7 0
8 0
9 0
9
1 208.571
2 184.667
3 0
4 88.8
5 71.6364
6 0
7 0
8 0
9 0
9
1 0
2 183.636
3 0
4 88.3333
5 72
6 0
7 0
8 0
9 0
9
1 213.6
2 183.077
3 0
4 88
5 66
6 0
7 0
8 0
9 0
9
1 216.571
2 182.769
3 0
4 89.2
5 64.4444
6 0
7 0
8 0
9 0
9
1 224
2 182.909
3 0
4 87.6364
5 64
6 0
7 0
8 0
9 0
9
1 0
2 182.909
3 0
4 87.2727
5 63
6 0
7 0
8 0
9 0
9
1 206.857
2 181.538
3 0
4 86.1818
5 60
6 0
7 0
8 0
9 0
9
1 211
2 180.615
3 0
4 86.8
5 58.2222
6 0
7 0
8 0
9 0
9
1 212.444
2 168.333
3 0
4 85.6
5 58.2857
6 0
7 0
8 0
9 0
9
1 232
2 177.846
3 0
4 83.6364
5 58.2222
6 0
7 0
8 0
9 0
9
1 206.286
2 179.692
3 0
4 84.6154
5 0
6 0
7 0
8 0
9 0
9
1 234
2 179.692
3 0
4 86.1818
5 57.7143
6 0
7 0
8 0
9 0
9
1 235.429
2 176.727
3 0
4 82.5714
5 54.2222
6 0
7 0
8 0
9 0
9
1 0
2 177.538
3 0
4 82.4615
5 0
6 0
7 0
8 0
9 0
9
1 237.714
2 176
3 0
4 84
5 0
6 0
7 0
8 0
9 0
9
1 237.714
2 175
3 0
4 83.6364
5 56
6 0
7 0
8 0
9 0
9
1 0
2 173.818
3 0
4 85.4545
5 0
6 0
7 0
8 0
9 0
9
1 241.714
2 173.538
3 0
4 84.3077
5 53.7143
6 0
7 0
8 0
9 0
9
1 0
2 171.077
3 0
4 85.0909
5 0
6 0
7 0
8 0
9 0
9
1 246
2 171.636
3 0
4 83.6364
5 0
6 0
7 0
8 0
9 0
9
1 0
2 170
3 0
4 84
5 0
6 0
7 0
8 0
9 0
