9
1 0
2 0
3 0
4 0
5 0
6 0
7 0
8 0
9 292.444
9
1 0
2 0
3 0
4 0
5 0
6 0
7 0
8 0
9 0
9
1 0
2 0
3 0
4 0
5 0
6 0
7 0
8 0
9 0
9
1 0
2 0
3 0
4 0
5 0
6 0
7 0
8 0
9 286.667
9
1 0
2 0
3 0
4 0
5 0
6 0
7 0
8 0
9 289.538
9
1 0
2 0
3 0
4 0
5 0
6 0
7 0
8 0
9 290.4
9
1 0
2 0
3 0
4 0
5 0
6 0
7 0
8 0
9 292.364
9
1 0
2 0
3 0
4 0
5 0
6 0
7 0
8 0
9 291.077
9
1 0
2 0
3 0
4 0
5 0
6 0
7 0
8 0
9 292.308
9
1 0
2 0
3 0
4 0
5 0
6 0
7 0
8 0
9 289.333
9
1 0
2 0
3 0
4 0
5 0
6 0
7 0
8 0
9 289.333
9
1 0
2 0
3 0
4 0
5 0
6 0
7 0
8 0
9 290.545
9
1 0
2 0
3 0
4 0
5 0
6 0
7 0
8 0
9 290.909
9
1 0
2 0
3 0
4 0
5 0
6 0
7 0
8 0
9 290.182
9
1 0
2 0
3 0
4 0
5 0
6 0
7 0
8 0
9 289.818
9
1 0
2 0
3 0
4 0
5 0
6 0
7 0
8 0
9 290
9
1 0
2 0
3 0
4 0
5 0
6 0
7 0
8 0
9 286.667
9
1 0
2 0
3 0
4 0
5 0
6 0
7 0
8 0
9 0
9
1 0
2 0
3 0
4 0
5 0
6 0
7 0
8 0
9 280.8
9
1 0
2 0
3 0
4 0
5 0
6 0
7 0
8 0
9 0
9
1 0
2 0
3 0
4 0
5 0
6 0
7 0
8 0
9 0
9
1 0
2 0
3 0
4 0
5 0
6 0
7 0
8 0
9 283.273
9
1 0
2 0
3 0
4 0
5 0
6 0
7 0
8 0
9 284.923
9
1 0
2 0
3 0
4 0
5 0
6 0
7 0
8 0
9 285.846
9
1 0
2 0
3 0
4 0
5 0
6 0
7 0
8 0
9 286.8
9
1 0
2 0
3 0
4 0
5 0
6 0
7 0
8 0
9 283.636
9
1 0
2 0
3 0
4 0
5 0
6 0
7 0
8 0
9 283.667
9
1 0
2 0
3 0
4 0
5 0
6 0
7 0
8 0
9 282.154
9
1 0
2 0
3 0
4 0
5 0
6 0
7 0
8 0
9 280
9
1 0
2 0
3 0
4 0
5 0
6 0
7 0
8 0
9 280.615
9
1 0
2 0
3 0
4 0
5 0
6 0
7 0
8 0
9 278.5
9
1 0
2 0
3 0
4 0
5 0
6 0
7 0
8 0
9 271.667
9
1 0
2 0
3 0
4 0
5 0
6 0
7 0
8 0
9 275.429
9
1 0
2 0
3 0
4 0
5 0
6 0
7 0
8 0
9 272.571
9
1 0
2 0
3 0
4 0
5 0
6 0
7 0
8 0
9 264.8
9
1 0
2 0
3 0
4 0
5 0
6 0
7 0
8 0
9 264.333
9
1 0
2 0
3 0
4 0
5 0
6 0
7 0
8 0
9 261.5
9
1 0
2 0
3 0
4 0
5 0
6 0
7 0
8 0
9 261.2
9
1 0
2 0
3 0
4 0
5 0
6 0
7 0
8 0
9 0
9
1 0
2 0
3 0
4 0
5 0
6 0
7 0
8 0
9 0
9
1 0
2 0
3 0
4 0
5 0
6 0
7 0
8 0
9 0
9
1 0
2 0
3 0
4 0
5 0
6 0
7 0
8 0
9 0
9
1 0
2 0
3 0
4 0
5 0
6 0
7 0
8 0
9 0
9
1 0
2 0
3 0
4 0
5 0
6 0
7 0
8 0
9 0
9
1 0
2 0
3 0
4 0
5 0
6 173.5
7 0
8 0
9 239.273
9
1 0
2 0
3 0
4 0
5 0
6 172.444
7 0
8 0
9 237.231
9
1 0
2 0
3 0
4 0
5 0
6 0
7 0
8 0
9 231
9
1 0
2 0
3 0
4 0
5 0
6 178.4
7 0
8 0
9 224
9
1 0
2 0
3 0
4 0
5 0
6 181
7 0
8 0
9 220
9
1 0
2 0
3 0
4 0
5 0
6 0
7 0
8 0
9 0
9
1 0
2 0
3 0
4 0
5 0
6 0
7 0
8 0
9 215.636
9
1 0
2 0
3 0
4 0
5 0
6 179.5
7 0
8 0
9 214.857
9
1 0
2 0
3 0
4 0
5 0
6 0
7 0
8 0
9 207
9
1 0
2 0
3 0
4 0
5 0
6 0
7 0
8 0
9 203.667
9
1 0
2 0
3 0
4 0
5 0
6 185.333
7 0
8 0
9 198
9
1 0
2 0
3 0
4 0
5 153.714
6 184
7 0
8 0
9 195.273
9
1 0
2 0
3 0
4 0
5 160
6 185.5
7 0
8 0
9 189.333
9
1 0
2 0
3 0
4 0
5 0
6 186.5
7 0
8 0
9 0
9
1 0
2 0
3 0
4 0
5 0
6 0
7 0
8 0
9 0
9
1 0
2 0
3 0
4 0
5 0
6 0
7 0
8 0
9 0
9
1 0
2 0
3 0
4 0
5 0
6 0
7 0
8 0
9 0
9
1 0
2 0
3 0
4 0
5 191.6
6 188
7 0
8 0
9 0
9
1 0
2 0
3 0
4 0
5 194.5
6 0
7 0
8 0
9 0
9
1 0
2 0
3 0
4 0
5 196
6 0
7 0
8 0
9 0
9
1 0
2 0
3 0
4 0
5 206.8
6 188.444
7 0
8 0
9 0
9
1 0
2 0
3 0
4 0
5 208.727
6 190.909
7 0
8 0
9 0
9
1 0
2 0
3 0
4 0
5 214.769
6 185.714
7 0
8 0
9 0
9
1 0
2 0
3 0
4 0
5 217.455
6 0
7 0
8 0
9 0
9
1 0
2 0
3 0
4 0
5 221.818
6 185.778
7 0
8 0
9 0
9
1 0
2 0
3 0
4 0
5 222.462
6 189.143
7 0
8 0
9 0
9
1 0
2 0
3 0
4 0
5 225.538
6 183.2
7 0
8 0
9 0
9
1 0
2 0
3 0
4 0
5 227.333
6 0
7 0
8 0
9 0
9
1 0
2 0
3 0
4 0
5 230.545
6 0
7 0
8 0
9 0
9
1 0
2 0
3 0
4 0
5 232.364
6 0
7 0
8 0
9 0
9
1 0
2 0
3 0
4 0
5 237.333
6 0
7 0
8 0
9 0
9
1 0
2 0
3 0
4 0
5 237.2
6 0
7 0
8 0
9 0
9
1 0
2 0
3 0
4 0
5 241.2
6 0
7 0
8 0
9 0
9
1 0
2 0
3 0
4 0
5 244.667
6 0
7 0
8 0
9 0
9
1 0
2 0
3 0
4 0
5 247.2
6 0
7 0
8 0
9 0
9
1 0
2 0
3 0
4 0
5 250.667
6 0
7 0
8 0
9 0
9
1 0
2 0
3 0
4 0
5 248.923
6 0
7 0
8 0
9 0
9
1 0
2 0
3 0
4 0
5 253
6 0
7 0
8 0
9 0
9
1 0
2 0
3 0
4 0
5 253.231
6 0
7 0
8 0
9 0
9
1 0
2 0
3 0
4 0
5 252.727
6 0
7 0
8 0
9 0
9
1 0
2 0
3 0
4 0
5 254.667
6 0
7 0
8 0
9 0
9
1 0
2 0
3 0
4 0
5 257.667
6 0
7 0
8 0
9 0
9
1 0
2 0
3 0
4 0
5 254
6 0
7 0
8 0
9 0
9
1 0
2 0
3 0
4 0
5 257.091
6 0
7 0
8 0
9 0
9
1 0
2 0
3 0
4 0
5 258.462
6 0
7 0
8 0
9 0
9
1 0
2 0
3 0
4 0
5 259
6 0
7 0
8 0
9 0
9
1 0
2 0
3 0
4 0
5 260
6 0
7 0
8 0
9 0
9
1 0
2 0
3 0
4 0
5 260
6 0
7 0
8 0
9 0
9
1 0
2 0
3 0
4 0
5 259.692
6 0
7 0
8 0
9 0
9
1 0
2 0
3 0
4 0
5 261.091
6 0
7 0
8 0
9 0
9
1 0
2 0
3 0
4 0
5 258.182
6 0
7 0
8 0
9 0
9
1 0
2 0
3 0
4 0
5 257.846
6 0
7 0
8 0
9 0
9
1 0
2 0
3 0
4 0
5 256.615
6 0
7 0
8 0
9 0
9
1 0
2 0
3 0
4 0
5 255.333
6 0
7 0
8 0
9 0
9
1 0
2 0
3 0
4 0
5 253.091
6 0
7 0
8 0
9 0
9
1 0
2 0
3 0
4 0
5 252.727
6 0
7 0
8 0
9 0
9
1 0
2 0
3 0
4 0
5 251.333
6 0
7 0
8 0
9 0
9
1 0
2 0
3 0
4 0
5 246.8
6 0
7 0
8 0
9 0
9
1 0
2 0
3 0
4 0
5 245.818
6 0
7 0
8 0
9 0
9
1 0
2 0
3 0
4 0
5 246.333
6 0
7 0
8 0
9 0
9
1 0
2 0
3 0
4 0
5 244.923
6 0
7 0
8 0
9 0
9
1 0
2 0
3 0
4 0
5 242.545
6 0
7 0
8 0
9 0
9
1 0
2 0
3 0
4 0
5 240.364
6 0
7 0
8 0
9 0
9
1 0
2 0
3 0
4 0
5 236.8
6 0
7 0
8 0
9 0
9
1 0
2 0
3 0
4 0
5 235.636
6 0
7 0
8 0
9 0
9
1 0
2 0
3 0
4 0
5 233.333
6 0
7 0
8 0
9 0
9
1 0
2 0
3 0
4 0
5 231.333
6 0
7 0
8 0
9 0
9
1 0
2 0
3 0
4 0
5 227.6
6 0
7 0
8 0
9 0
9
1 0
2 0
3 0
4 0
5 224
6 0
7 0
8 0
9 0
9
1 0
2 0
3 0
4 0
5 221.455
6 0
7 0
8 0
9 0
9
1 0
2 0
3 0
4 0
5 216
6 0
7 0
8 0
9 0
9
1 0
2 0
3 0
4 0
5 212.308
6 0
7 0
8 0
9 0
9
1 0
2 0
3 0
4 0
5 207
6 0
7 0
8 0
9 0
9
1 0
2 0
3 0
4 0
5 204.364
6 0
7 0
8 0
9 0
9
1 0
2 0
3 0
4 0
5 200.308
6 0
7 0
8 0
9 0
9
1 0
2 0
3 0
4 0
5 199.667
6 0
7 0
8 0
9 0
9
1 0
2 0
3 0
4 0
5 198.8
6 0
7 0
8 0
9 0
9
1 0
2 0
3 0
4 0
5 196.4
6 0
7 0
8 0
9 0
9
1 0
2 0
3 0
4 0
5 189.538
6 0
7 0
8 0
9 0
9
1 0
2 0
3 0
4 0
5 187
6 0
7 0
8 0
9 0
9
1 0
2 0
3 0
4 0
5 184
6 0
7 0
8 0
9 0
9
1 0
2 0
3 0
4 0
5 180.364
6 0
7 0
8 0
9 0
9
1 0
2 0
3 0
4 0
5 174.4
6 0
7 0
8 0
9 0
9
1 0
2 0
3 0
4 0
5 174.286
6 0
7 0
8 0
9 0
9
1 0
2 0
3 0
4 0
5 174
6 0
7 0
8 0
9 0
9
1 0
2 0
3 0
4 0
5 164.4
6 0
7 0
8 0
9 0
9
1 0
2 0
3 0
4 0
5 0
6 0
7 0
8 0
9 0
9
1 0
2 0
3 0
4 0
5 0
6 0
7 0
8 0
9 0
9
1 0
2 0
3 0
4 0
5 0
6 0
7 0
8 0
9 0
9
1 0
2 0
3 0
4 0
5 0
6 0
7 0
8 0
9 0
9
1 0
2 0
3 0
4 0
5 0
6 0
7 0
8 0
9 0
9
1 0
2 0
3 0
4 0
5 0
6 0
7 0
8 0
9 0
9
1 0
2 0
3 0
4 0
5 0
6 0
7 0
8 0
9 0
9
1 0
2 0
3 0
4 0
5 0
6 0
7 0
8 0
9 0
9
1 0
2 0
3 0
4 0
5 0
6 0
7 0
8 0
9 0
9
1 0
2 0
3 0
4 0
5 0
6 0
7 0
8 0
9 0
9
1 0
2 0
3 0
4 0
5 0
6 0
7 0
8 0
9 0
9
1 0
2 0
3 0
4 0
5 0
6 0
7 0
8 0
9 0
9
1 0
2 0
3 0
4 0
5 0
6 0
7 0
8 0
9 0
9
1 0
2 0
3 0
4 0
5 0
6 0
7 0
8 0
9 0
9
1 0
2 0
3 0
4 0
5 0
6 0
7 0
8 0
9 0
9
1 0
2 0
3 0
4 0
5 0
6 0
7 0
8 0
9 0
9
1 0
2 0
3 0
4 0
5 0
6 0
7 0
8 0
9 0
9
1 0
2 0
3 0
4 0
5 0
6 0
7 0
8 0
9 0
9
1 0
2 0
3 0
4 0
5 0
6 0
7 0
8 0
9 0
9
1 0
2 0
3 0
4 0
5 0
6 0
7 0
8 0
9 0
9
1 0
2 0
3 0
4 0
5 0
6 0
7 0
8 0
9 0
9
1 0
2 0
3 0
4 0
5 0
6 0
7 0
8 0
9 0
9
1 0
2 0
3 0
4 0
5 0
6 0
7 0
8 0
9 0
9
1 0
2 0
3 0
4 0
5 0
6 0
7 0
8 0
9 0
9
1 0
2 0
3 0
4 0
5 0
6 0
7 0
8 0
9 0
9
1 0
2 165.714
3 0
4 0
5 0
6 0
7 0
8 0
9 0
9
1 156
2 0
3 0
4 0
5 0
6 0
7 0
8 0
9 0
9
1 0
2 168
3 0
4 0
5 0
6 0
7 0
8 0
9 0
9
1 154.667
2 0
3 0
4 0
5 0
6 0
7 0
8 0
9 0
9
1 161.6
2 0
3 0
4 0
5 0
6 0
7 0
8 0
9 0
9
1 164
2 0
3 0
4 0
5 0
6 0
7 0
8 0
9 0
9
1 167.6
2 0
3 0
4 0
5 0
6 0
7 0
8 0
9 0
9
1 168.615
2 0
3 0
4 0
5 0
6 0
7 0
8 0
9 0
9
1 171.6
2 0
3 0
4 0
5 0
6 0
7 0
8 0
9 0
9
1 172.4
2 0
3 0
4 0
5 0
6 0
7 0
8 0
9 0
9
1 176.364
2 0
3 0
4 0
5 0
6 0
7 0
8 0
9 0
9
1 178.667
2 174.667
3 0
4 0
5 0
6 0
7 0
8 0
9 0
9
1 181.818
2 0
3 0
4 0
5 0
6 0
7 0
8 0
9 0
9
1 184.364
2 0
3 0
4 0
5 0
6 0
7 0
8 0
9 0
9
1 186
2 0
3 0
4 0
5 0
6 0
7 0
8 0
9 0
9
1 189.818
2 0
3 0
4 0
5 0
6 0
7 0
8 0
9 0
9
1 191.111
2 0
3 0
4 0
5 0
6 0
7 0
8 0
9 0
9
1 194.154
2 0
3 0
4 0
5 0
6 0
7 0
8 0
9 0
9
1 196.923
2 0
3 0
4 0
5 0
6 0
7 0
8 0
9 0
9
1 199
2 0
3 0
4 0
5 0
6 0
7 0
8 0
9 0
9
1 202.222
2 0
3 0
4 0
5 0
6 0
7 0
8 0
9 0
9
1 204.333
2 0
3 0
4 0
5 0
6 0
7 0
8 0
9 0
9
1 207.2
2 0
3 0
4 0
5 0
6 0
7 0
8 0
9 0
9
1 206.154
2 0
3 0
4 0
5 0
6 0
7 0
8 0
9 0
9
1 208.8
2 0
3 0
4 0
5 0
6 0
7 0
8 0
9 0
9
1 211.077
2 0
3 0
4 0
5 0
6 0
7 0
8 0
9 0
9
1 211.333
2 0
3 0
4 0
5 0
6 0
7 0
8 0
9 0
9
1 213.455
2 0
3 0
4 0
5 0
6 0
7 0
8 0
9 0
9
1 218
2 0
3 0
4 0
5 0
6 0
7 0
8 0
9 0
9
1 218.154
2 0
3 0
4 0
5 0
6 0
7 0
8 0
9 0
9
1 221.818
2 0
3 0
4 0
5 0
6 0
7 0
8 0
9 0
9
1 226.8
2 0
3 0
4 0
5 0
6 0
7 0
8 0
9 0
9
1 229.818
2 0
3 0
4 0
5 0
6 0
7 0
8 0
9 0
