9
1 0
2 0
3 0
4 0
5 0
6 0
7 0
8 0
9 273.6
9
1 0
2 0
3 0
4 0
5 0
6 0
7 0
8 0
9 280.5
9
1 0
2 0
3 0
4 0
5 0
6 0
7 0
8 0
9 280.5
9
1 0
2 0
3 0
4 0
5 0
6 0
7 0
8 0
9 280.444
9
1 0
2 0
3 0
4 0
5 0
6 0
7 0
8 0
9 0
9
1 0
2 0
3 0
4 0
5 0
6 0
7 0
8 0
9 0
9
1 0
2 0
3 0
4 0
5 0
6 0
7 0
8 0
9 0
9
1 0
2 0
3 0
4 0
5 0
6 0
7 0
8 0
9 0
9
1 0
2 0
3 0
4 0
5 0
6 0
7 0
8 0
9 0
9
1 0
2 0
3 0
4 0
5 0
6 0
7 0
8 0
9 288
9
1 0
2 0
3 0
4 0
5 0
6 0
7 0
8 0
9 291
9
1 0
2 0
3 0
4 0
5 0
6 0
7 0
8 0
9 289.667
9
1 0
2 0
3 0
4 0
5 0
6 0
7 0
8 0
9 290.222
9
1 0
2 0
3 0
4 0
5 0
6 0
7 0
8 0
9 290.667
9
1 0
2 0
3 0
4 0
5 0
6 0
7 0
8 0
9 0
9
1 0
2 0
3 0
4 0
5 0
6 0
7 0
8 0
9 290.8
9
1 0
2 0
3 0
4 0
5 0
6 0
7 0
8 0
9 286.286
9
1 0
2 0
3 0
4 0
5 0
6 0
7 0
8 0
9 276
9
1 0
2 0
3 0
4 0
5 0
6 0
7 0
8 0
9 287
9
1 0
2 0
3 0
4 0
5 0
6 0
7 0
8 0
9 289
9
1 0
2 0
3 0
4 0
5 0
6 0
7 0
8 0
9 290.182
9
1 0
2 0
3 0
4 0
5 0
6 0
7 0
8 0
9 290
9
1 0
2 0
3 0
4 0
5 0
6 0
7 0
8 0
9 290.769
9
1 0
2 0
3 0
4 0
5 0
6 0
7 0
8 0
9 290.154
9
1 0
2 0
3 0
4 0
5 0
6 0
7 0
8 0
9 290.8
9
1 0
2 0
3 0
4 0
5 0
6 0
7 0
8 0
9 290.154
9
1 0
2 0
3 0
4 0
5 0
6 0
7 0
8 0
9 290.545
9
1 0
2 0
3 0
4 0
5 0
6 0
7 0
8 0
9 288.364
9
1 0
2 0
3 0
4 0
5 0
6 0
7 0
8 0
9 289.091
9
1 0
2 0
3 0
4 0
5 0
6 0
7 0
8 0
9 290.545
9
1 0
2 0
3 0
4 0
5 0
6 0
7 0
8 0
9 289.231
9
1 0
2 0
3 0
4 0
5 0
6 0
7 0
8 0
9 290.545
9
1 0
2 0
3 0
4 0
5 0
6 0
7 0
8 0
9 288.889
9
1 0
2 0
3 0
4 0
5 0
6 0
7 0
8 0
9 288
9
1 0
2 0
3 0
4 0
5 0
6 0
7 0
8 0
9 289.091
9
1 0
2 0
3 0
4 0
5 0
6 0
7 0
8 0
9 288.4
9
1 0
2 0
3 0
4 0
5 0
6 0
7 0
8 0
9 287.692
9
1 0
2 0
3 0
4 0
5 0
6 0
7 0
8 0
9 286.667
9
1 0
2 0
3 0
4 0
5 0
6 0
7 0
8 0
9 286.909
9
1 0
2 0
3 0
4 0
5 0
6 0
7 0
8 0
9 285.2
9
1 0
2 0
3 0
4 0
5 0
6 0
7 0
8 0
9 285.231
9
1 0
2 0
3 0
4 0
5 0
6 0
7 0
8 0
9 284.333
9
1 0
2 0
3 0
4 0
5 0
6 0
7 0
8 0
9 284.667
9
1 0
2 0
3 0
4 0
5 0
6 0
7 0
8 0
9 285.2
9
1 0
2 0
3 0
4 0
5 0
6 0
7 0
8 0
9 281.667
9
1 0
2 0
3 0
4 0
5 0
6 0
7 0
8 0
9 282
9
1 0
2 0
3 0
4 0
5 0
6 0
7 0
8 0
9 279.6
9
1 0
2 0
3 0
4 0
5 0
6 0
7 0
8 0
9 276.727
9
1 0
2 0
3 0
4 0
5 0
6 0
7 0
8 0
9 273.455
9
1 0
2 0
3 0
4 0
5 0
6 0
7 0
8 0
9 272.923
9
1 0
2 0
3 0
4 0
5 0
6 0
7 0
8 0
9 271.273
9
1 0
2 0
3 0
4 0
5 0
6 0
7 0
8 0
9 268.333
9
1 0
2 0
3 0
4 0
5 0
6 0
7 0
8 0
9 268.667
9
1 0
2 0
3 0
4 0
5 0
6 0
7 0
8 0
9 267.667
9
1 0
2 0
3 0
4 0
5 0
6 0
7 0
8 0
9 264.8
9
1 0
2 0
3 0
4 0
5 0
6 0
7 0
8 0
9 263
9
1 0
2 0
3 0
4 0
5 0
6 0
7 0
8 0
9 261.846
9
1 0
2 0
3 0
4 0
5 0
6 0
7 0
8 0
9 255
9
1 0
2 0
3 0
4 0
5 0
6 161.778
7 0
8 0
9 252
9
1 0
2 0
3 0
4 0
5 0
6 0
7 0
8 0
9 250.154
9
1 0
2 0
3 0
4 0
5 0
6 165.778
7 0
8 0
9 243.692
9
1 0
2 0
3 0
4 0
5 0
6 173.143
7 0
8 0
9 235.6
9
1 0
2 0
3 0
4 0
5 0
6 0
7 0
8 0
9 225.2
9
1 0
2 0
3 0
4 0
5 0
6 0
7 0
8 0
9 217.333
9
1 0
2 0
3 0
4 0
5 0
6 173.333
7 0
8 0
9 215.333
9
1 0
2 0
3 0
4 0
5 0
6 0
7 0
8 0
9 214.182
9
1 0
2 0
3 0
4 0
5 145.714
6 176
7 0
8 0
9 208.333
9
1 0
2 0
3 0
4 0
5 0
6 0
7 0
8 0
9 204.308
9
1 0
2 0
3 0
4 0
5 0
6 178.857
7 0
8 0
9 199.6
9
1 0
2 0
3 0
4 0
5 151.111
6 0
7 0
8 0
9 194.909
9
1 0
2 0
3 0
4 0
5 156.571
6 0
7 0
8 0
9 189.778
9
1 0
2 0
3 0
4 0
5 162.286
6 0
7 0
8 0
9 189.333
9
1 0
2 0
3 0
4 0
5 163.556
6 0
7 0
8 0
9 185.818
9
1 0
2 0
3 0
4 0
5 167.333
6 181
7 0
8 0
9 188
9
1 0
2 0
3 0
4 0
5 168.8
6 183.2
7 0
8 0
9 178.8
9
1 0
2 0
3 0
4 0
5 172.4
6 184.5
7 0
8 0
9 180.5
9
1 0
2 0
3 0
4 0
5 172
6 183.429
7 0
8 0
9 0
9
1 0
2 0
3 0
4 0
5 173.091
6 183.6
7 0
8 0
9 0
9
1 0
2 0
3 0
4 0
5 173.333
6 188.571
7 0
8 0
9 174.286
9
1 0
2 0
3 0
4 0
5 179.636
6 183.556
7 0
8 0
9 0
9
1 0
2 0
3 0
4 0
5 184.667
6 182.909
7 0
8 0
9 0
9
1 0
2 0
3 0
4 0
5 189
6 183.636
7 0
8 0
9 0
9
1 0
2 0
3 0
4 0
5 189.778
6 188
7 0
8 0
9 0
9
1 0
2 0
3 0
4 0
5 190
6 0
7 0
8 0
9 0
9
1 0
2 0
3 0
4 0
5 192.923
6 185.143
7 0
8 0
9 0
9
1 0
2 0
3 0
4 0
5 197.818
6 184.444
7 0
8 0
9 0
9
1 0
2 0
3 0
4 0
5 203.273
6 0
7 0
8 0
9 0
9
1 0
2 0
3 0
4 0
5 207.692
6 180.364
7 0
8 0
9 0
9
1 0
2 0
3 0
4 0
5 208.923
6 183.6
7 0
8 0
9 0
9
1 0
2 0
3 0
4 0
5 206.545
6 0
7 0
8 0
9 0
9
1 0
2 0
3 0
4 0
5 214.5
6 0
7 0
8 0
9 0
9
1 0
2 0
3 0
4 0
5 217.818
6 0
7 0
8 0
9 0
9
1 0
2 0
3 0
4 0
5 220.667
6 184
7 0
8 0
9 0
9
1 0
2 0
3 0
4 0
5 223.2
6 0
7 0
8 0
9 0
9
1 0
2 0
3 0
4 0
5 227
6 0
7 0
8 0
9 0
9
1 0
2 0
3 0
4 0
5 224.615
6 0
7 0
8 0
9 0
9
1 0
2 0
3 0
4 0
5 232.308
6 0
7 0
8 0
9 0
9
1 0
2 0
3 0
4 0
5 235.636
6 0
7 0
8 0
9 0
9
1 0
2 0
3 0
4 0
5 231.273
6 0
7 0
8 0
9 0
9
1 0
2 0
3 0
4 0
5 237.667
6 0
7 0
8 0
9 0
9
1 0
2 0
3 0
4 0
5 239.385
6 0
7 0
8 0
9 0
9
1 0
2 0
3 0
4 0
5 238.857
6 0
7 0
8 0
9 0
9
1 0
2 0
3 0
4 0
5 0
6 0
7 0
8 0
9 0
9
1 0
2 0
3 0
4 0
5 244.727
6 0
7 0
8 0
9 0
9
1 0
2 0
3 0
4 0
5 239.5
6 0
7 0
8 0
9 0
9
1 0
2 0
3 0
4 0
5 247.273
6 0
7 0
8 0
9 0
9
1 0
2 0
3 0
4 0
5 245.846
6 0
7 0
8 0
9 0
9
1 0
2 0
3 0
4 0
5 245.818
6 0
7 0
8 0
9 0
9
1 0
2 0
3 0
4 0
5 244.889
6 0
7 0
8 0
9 0
9
1 0
2 0
3 0
4 0
5 246.8
6 0
7 0
8 0
9 0
9
1 0
2 0
3 0
4 0
5 249.091
6 0
7 0
8 0
9 0
9
1 0
2 0
3 0
4 0
5 252
6 0
7 0
8 0
9 0
9
1 0
2 0
3 0
4 0
5 254.8
6 0
7 0
8 0
9 0
9
1 0
2 0
3 0
4 0
5 252.667
6 0
7 0
8 0
9 0
9
1 0
2 0
3 0
4 0
5 256.333
6 0
7 0
8 0
9 0
9
1 0
2 0
3 0
4 0
5 258.333
6 0
7 0
8 0
9 0
9
1 0
2 0
3 0
4 0
5 257.333
6 0
7 0
8 0
9 0
9
1 0
2 0
3 0
4 0
5 260.308
6 0
7 0
8 0
9 0
9
1 0
2 0
3 0
4 0
5 261.333
6 0
7 0
8 0
9 0
9
1 0
2 0
3 0
4 0
5 260
6 0
7 0
8 0
9 0
9
1 0
2 0
3 0
4 0
5 260.8
6 0
7 0
8 0
9 0
9
1 0
2 0
3 0
4 0
5 259.333
6 0
7 0
8 0
9 0
9
1 0
2 0
3 0
4 0
5 258.154
6 0
7 0
8 0
9 0
9
1 0
2 0
3 0
4 0
5 258.545
6 0
7 0
8 0
9 0
9
1 0
2 0
3 0
4 0
5 258.667
6 0
7 0
8 0
9 0
9
1 0
2 0
3 0
4 0
5 257.231
6 0
7 0
8 0
9 0
9
1 0
2 0
3 0
4 0
5 256
6 0
7 0
8 0
9 0
9
1 0
2 0
3 0
4 0
5 256.8
6 0
7 0
8 0
9 0
9
1 0
2 0
3 0
4 0
5 255.667
6 0
7 0
8 0
9 0
9
1 0
2 0
3 0
4 0
5 255.385
6 0
7 0
8 0
9 0
9
1 0
2 0
3 0
4 0
5 255.333
6 0
7 0
8 0
9 0
9
1 0
2 0
3 0
4 0
5 252.8
6 0
7 0
8 0
9 0
9
1 0
2 0
3 0
4 0
5 252.615
6 0
7 0
8 0
9 0
9
1 0
2 0
3 0
4 0
5 250.769
6 0
7 0
8 0
9 0
9
1 0
2 0
3 0
4 0
5 250.154
6 0
7 0
8 0
9 0
9
1 0
2 0
3 0
4 0
5 248.8
6 0
7 0
8 0
9 0
9
1 0
2 0
3 0
4 0
5 249.846
6 0
7 0
8 0
9 0
9
1 0
2 0
3 0
4 0
5 247.667
6 0
7 0
8 0
9 0
9
1 0
2 0
3 0
4 0
5 246.545
6 0
7 0
8 0
9 0
9
1 0
2 0
3 0
4 0
5 243.273
6 0
7 0
8 0
9 0
9
1 0
2 0
3 0
4 0
5 241.538
6 0
7 0
8 0
9 0
9
1 0
2 0
3 0
4 0
5 240.727
6 0
7 0
8 0
9 0
9
1 0
2 0
3 0
4 0
5 236.727
6 0
7 0
8 0
9 0
9
1 0
2 0
3 0
4 0
5 235.333
6 0
7 0
8 0
9 0
9
1 0
2 0
3 0
4 0
5 233
6 0
7 0
8 0
9 0
9
1 0
2 0
3 0
4 0
5 229.818
6 0
7 0
8 0
9 0
9
1 0
2 0
3 0
4 0
5 224.364
6 0
7 0
8 0
9 0
9
1 0
2 0
3 0
4 0
5 221.818
6 0
7 0
8 0
9 0
9
1 0
2 0
3 0
4 0
5 218.909
6 0
7 0
8 0
9 0
9
1 0
2 0
3 0
4 0
5 216.667
6 0
7 0
8 0
9 0
9
1 0
2 0
3 0
4 0
5 214.182
6 0
7 0
8 0
9 0
9
1 0
2 0
3 0
4 0
5 214.154
6 0
7 0
8 0
9 0
9
1 0
2 0
3 0
4 0
5 209.846
6 0
7 0
8 0
9 0
9
1 0
2 0
3 0
4 0
5 206.909
6 0
7 0
8 0
9 0
9
1 0
2 0
3 0
4 0
5 203.111
6 0
7 0
8 0
9 0
9
1 0
2 0
3 0
4 0
5 199.385
6 0
7 0
8 0
9 0
9
1 0
2 0
3 0
4 0
5 194.462
6 0
7 0
8 0
9 0
9
1 0
2 0
3 0
4 0
5 190
6 0
7 0
8 0
9 0
9
1 0
2 0
3 0
4 0
5 186
6 0
7 0
8 0
9 0
9
1 0
2 0
3 0
4 0
5 185.538
6 0
7 0
8 0
9 0
9
1 0
2 0
3 0
4 0
5 180.923
6 0
7 0
8 0
9 0
9
1 0
2 0
3 0
4 0
5 175.636
6 0
7 0
8 0
9 0
9
1 0
2 0
3 0
4 0
5 170.909
6 0
7 0
8 0
9 0
9
1 0
2 0
3 0
4 0
5 166
6 0
7 0
8 0
9 0
9
1 0
2 0
3 0
4 0
5 0
6 0
7 0
8 0
9 0
9
1 0
2 0
3 0
4 0
5 0
6 0
7 0
8 0
9 0
9
1 0
2 0
3 0
4 0
5 0
6 0
7 0
8 0
9 0
9
1 0
2 0
3 0
4 0
5 0
6 0
7 0
8 0
9 0
9
1 0
2 0
3 0
4 0
5 0
6 0
7 0
8 0
9 0
9
1 0
2 0
3 0
4 0
5 0
6 0
7 0
8 0
9 0
9
1 0
2 0
3 0
4 0
5 0
6 0
7 0
8 0
9 0
9
1 0
2 0
3 0
4 0
5 0
6 0
7 0
8 0
9 0
9
1 0
2 0
3 0
4 0
5 0
6 0
7 0
8 0
9 0
9
1 0
2 0
3 0
4 0
5 0
6 0
7 0
8 0
9 0
9
1 0
2 0
3 0
4 0
5 0
6 0
7 0
8 0
9 0
9
1 0
2 0
3 0
4 0
5 0
6 0
7 0
8 0
9 0
9
1 0
2 0
3 0
4 0
5 0
6 0
7 0
8 0
9 0
9
1 0
2 0
3 0
4 0
5 0
6 0
7 0
8 0
9 0
9
1 0
2 0
3 0
4 0
5 0
6 0
7 0
8 0
9 0
9
1 0
2 0
3 0
4 0
5 0
6 0
7 0
8 0
9 0
9
1 0
2 0
3 0
4 0
5 0
6 0
7 0
8 0
9 0
9
1 0
2 0
3 0
4 0
5 0
6 0
7 0
8 0
9 0
9
1 0
2 0
3 0
4 0
5 0
6 0
7 0
8 0
9 0
9
1 0
2 0
3 0
4 0
5 0
6 0
7 0
8 0
9 0
9
1 149.714
2 0
3 0
4 0
5 0
6 0
7 0
8 0
9 0
9
1 0
2 0
3 0
4 0
5 0
6 0
7 0
8 0
9 0
9
1 0
2 0
3 0
4 0
5 0
6 0
7 0
8 0
9 0
9
1 0
2 0
3 0
4 0
5 0
6 0
7 0
8 0
9 0
9
1 0
2 0
3 0
4 0
5 0
6 0
7 0
8 0
9 0
9
1 160.444
2 0
3 0
4 0
5 0
6 0
7 0
8 0
9 0
9
1 171.111
2 0
3 0
4 0
5 0
6 0
7 0
8 0
9 0
9
1 162.222
2 0
3 0
4 0
5 0
6 0
7 0
8 0
9 0
9
1 167.2
2 0
3 0
4 0
5 0
6 0
7 0
8 0
9 0
9
1 167.636
2 0
3 0
4 0
5 0
6 0
7 0
8 0
9 0
9
1 167.636
2 0
3 0
4 0
5 0
6 0
7 0
8 0
9 0
9
1 168.364
2 0
3 0
4 0
5 0
6 0
7 0
8 0
9 0
9
1 169.231
2 0
3 0
4 0
5 0
6 0
7 0
8 0
9 0
9
1 174.8
2 0
3 0
4 0
5 0
6 0
7 0
8 0
9 0
9
1 179.333
2 0
3 0
4 0
5 0
6 0
7 0
8 0
9 0
9
1 181.846
2 0
3 0
4 0
5 0
6 0
7 0
8 0
9 0
9
1 181.2
2 0
3 0
4 0
5 0
6 0
7 0
8 0
9 0
9
1 187.273
2 0
3 0
4 0
5 0
6 0
7 0
8 0
9 0
9
1 186.667
2 0
3 0
4 0
5 0
6 0
7 0
8 0
9 0
9
1 190.462
2 0
3 0
4 0
5 0
6 0
7 0
8 0
9 0
9
1 194.4
2 0
3 0
4 0
5 0
6 0
7 0
8 0
9 0
9
1 198.182
2 0
3 0
4 0
5 0
6 0
7 0
8 0
9 0
9
1 199.077
2 0
3 0
4 0
5 0
6 0
7 0
8 0
9 0
9
1 200.333
2 0
3 0
4 0
5 0
6 0
7 0
8 0
9 0
9
1 201.455
2 0
3 0
4 0
5 0
6 0
7 0
8 0
9 0
9
1 201.538
2 0
3 0
4 0
5 0
6 0
7 0
8 0
9 0
9
1 203.385
2 0
3 0
4 0
5 0
6 0
7 0
8 0
9 0
9
1 207.667
2 0
3 0
4 0
5 0
6 0
7 0
8 0
9 0
9
1 208.8
2 0
3 0
4 0
5 0
6 0
7 0
8 0
9 0
9
1 210.182
2 0
3 0
4 0
5 0
6 0
7 0
8 0
9 0
9
1 211.667
2 0
3 0
4 0
5 0
6 0
7 0
8 0
9 0
9
1 212.8
2 0
3 0
4 0
5 0
6 0
7 0
8 0
9 0
9
1 210.4
2 0
3 0
4 0
5 0
6 0
7 0
8 0
9 0
9
1 214.545
2 0
3 0
4 0
5 0
6 0
7 0
8 0
9 0
9
1 214.154
2 0
3 0
4 0
5 0
6 0
7 0
8 0
9 0
9
1 216.364
2 0
3 0
4 0
5 0
6 0
7 0
8 0
9 0
9
1 214.545
2 0
3 0
4 0
5 0
6 0
7 0
8 0
9 0
9
1 217.846
2 0
3 0
4 0
5 0
6 0
7 0
8 0
9 0
9
1 216.727
2 0
3 0
4 0
5 0
6 0
7 0
8 0
9 0
9
1 221.091
2 0
3 0
4 0
5 0
6 0
7 0
8 0
9 0
9
1 224.308
2 0
3 0
4 0
5 0
6 0
7 0
8 0
9 0
9
1 222.769
2 0
3 0
4 0
5 0
6 0
7 0
8 0
9 0
9
1 225.333
2 0
3 0
4 0
5 0
6 0
7 0
8 0
9 0
9
1 227.636
2 0
3 0
4 0
5 0
6 0
7 0
8 0
9 0
9
1 227
2 0
3 0
4 0
5 0
6 0
7 0
8 0
9 0
9
1 227.667
2 0
3 0
4 0
5 0
6 0
7 0
8 0
9 0
9
1 230.545
2 0
3 0
4 0
5 0
6 0
7 0
8 0
9 0
9
1 230.667
2 0
3 0
4 0
5 0
6 0
7 0
8 0
9 0
9
1 230.769
2 0
3 0
4 0
5 0
6 0
7 0
8 0
9 0
9
1 230.545
2 0
3 0
4 0
5 0
6 0
7 0
8 0
9 0
9
1 232
2 0
3 0
4 0
5 0
6 0
7 0
8 0
9 0
9
1 232.333
2 0
3 0
4 0
5 0
6 0
7 0
8 0
9 0
9
1 234.545
2 0
3 0
4 0
5 0
6 0
7 0
8 0
9 0
9
1 235.333
2 0
3 0
4 0
5 0
6 0
7 0
8 0
9 0
9
1 235.6
2 0
3 0
4 0
5 0
6 0
7 0
8 0
9 0
9
1 238.182
2 0
3 0
4 0
5 0
6 0
7 0
8 0
9 0
9
1 237
2 0
3 0
4 0
5 0
6 0
7 0
8 0
9 0
9
1 239.273
2 0
3 0
4 0
5 0
6 0
7 0
8 0
9 0
9
1 236.727
2 0
3 0
4 0
5 0
6 0
7 0
8 0
9 0
9
1 238
2 0
3 0
4 0
5 0
6 0
7 0
8 0
9 0
9
