9
1 0
2 0
3 0
4 0
5 194.756
6 208.308
7 0
8 126.833
9 267.164
9
1 0
2 0
3 54.8
4 0
5 194.667
6 208.657
7 0
8 125.692
9 268
9
1 0
2 0
3 0
4 0
5 196.364
6 209.292
7 0
8 127.378
9 268.061
9
1 0
2 0
3 0
4 0
5 200.098
6 208.358
7 0
8 129.412
9 264.923
9
1 0
2 0
3 0
4 0
5 205.268
6 207.2
7 0
8 133.172
9 260.478
9
1 0
2 0
3 0
4 0
5 210.8
6 207.403
7 0
8 137.725
9 255.631
9
1 0
2 0
3 0
4 0
5 215.727
6 205.538
7 0
8 141.231
9 250.149
9
1 0
2 0
3 0
4 0
5 222.233
6 204.424
7 0
8 145.333
9 244.862
9
1 0
2 0
3 0
4 0
5 224.936
6 204
7 0
8 147.538
9 240.597
9
1 0
2 0
3 0
4 0
5 224.364
6 201
7 0
8 147.535
9 234.69
9
1 0
2 0
3 0
4 0
5 218.37
6 190.756
7 0
8 148.32
9 222.889
9
1 0
2 0
3 0
4 0
5 232.19
6 199.213
7 0
8 154.074
9 230.426
9
1 0
2 0
3 0
4 0
5 234.211
6 197.429
7 0
8 155.143
9 224.519
9
1 0
2 0
3 0
4 0
5 0
6 0
7 0
8 0
9 0
9
1 0
2 0
3 0
4 0
5 0
6 0
7 0
8 0
9 0
9
1 0
2 0
3 0
4 0
5 0
6 0
7 0
8 0
9 0
9
1 0
2 0
3 0
4 0
5 0
6 0
7 0
8 0
9 0
9
1 0
2 0
3 0
4 0
5 0
6 0
7 0
8 0
9 0
9
1 0
2 0
3 0
4 0
5 0
6 0
7 0
8 0
9 0
9
1 0
2 0
3 0
4 0
5 0
6 0
7 0
8 0
9 0
9
1 0
2 0
3 0
4 0
5 0
6 0
7 0
8 0
9 0
9
1 0
2 0
3 0
4 0
5 0
6 0
7 0
8 143.429
9 138.667
9
1 0
2 0
3 0
4 0
5 212.8
6 157.5
7 0
8 145.714
9 146.4
9
1 0
2 0
3 0
4 0
5 0
6 0
7 0
8 0
9 0
9
1 0
2 0
3 0
4 0
5 0
6 0
7 0
8 0
9 0
9
1 0
2 0
3 0
4 0
5 0
6 0
7 0
8 0
9 0
9
1 0
2 0
3 0
4 0
5 0
6 0
7 0
8 0
9 0
9
1 0
2 0
3 0
4 0
5 276.5
6 165.684
7 0
8 194.857
9 161.556
9
1 0
2 0
3 0
4 0
5 278.261
6 162.954
7 0
8 196.235
9 158.209
9
1 0
2 0
3 0
4 0
5 277.391
6 161.354
7 0
8 197.12
9 154.646
9
1 0
2 0
3 0
4 0
5 277.545
6 156.923
7 0
8 199.172
9 150.388
9
1 0
2 0
3 0
4 0
5 278.667
6 155.815
7 0
8 200.32
9 147.385
9
1 0
2 0
3 0
4 0
5 279.04
6 152.896
7 0
8 203.368
9 144.97
9
1 0
2 0
3 0
4 0
5 278.638
6 151.631
7 0
8 204.8
9 142.277
9
1 0
2 0
3 0
4 0
5 273.692
6 148.97
7 0
8 205.241
9 139.815
9
1 0
2 0
3 0
4 0
5 277.143
6 144.985
7 0
8 205.333
9 136.485
9
1 0
2 0
3 0
4 0
5 278.4
6 143.273
7 0
8 207.63
9 133.662
9
1 0
2 0
3 0
4 0
5 278.72
6 141.785
7 0
8 207.855
9 132.418
9
1 0
2 0
3 0
4 0
5 276.941
6 138.092
7 0
8 207.93
9 127.815
9
1 0
2 0
3 0
4 0
5 272.163
6 135.871
7 0
8 208.281
9 125.062
9
1 0
2 0
3 0
4 62.1538
5 276
6 136.312
7 0
8 210.717
9 123.323
9
1 0
2 0
3 0
4 53.7778
5 275.154
6 134.438
7 0
8 209.962
9 121.6
9
1 0
2 0
3 0
4 0
5 274.923
6 132.554
7 0
8 209.333
9 119.323
9
1 0
2 0
3 0
4 0
5 273.652
6 130.951
7 0
8 209.643
9 118.567
9
1 0
2 0
3 0
4 48.5
5 272.653
6 130.159
7 0
8 210.982
9 117.143
9
1 0
2 0
3 0
4 50
5 272.604
6 129.032
7 0
8 210.456
9 117.677
9
1 0
2 0
3 0
4 0
5 267.055
6 127.569
7 0
8 210.966
9 114.462
9
1 0
2 0
3 0
4 55.1111
5 267.63
6 124.825
7 0
8 211.308
9 112
9
1 0
2 0
3 0
4 63.5556
5 269.52
6 124.065
7 0
8 212.231
9 109.515
9
1 0
2 0
3 0
4 63
5 268.163
6 121.306
7 0
8 210.34
9 107.724
9
1 0
2 0
3 0
4 55.6667
5 267.849
6 122.34
7 0
8 210.353
9 105.143
9
1 0
2 0
3 0
4 53.3333
5 267.228
6 120
7 0
8 211.267
9 104.214
9
1 0
2 0
3 0
4 60.5714
5 260.941
6 117.923
7 0
8 210.963
9 102.691
9
1 0
2 0
3 0
4 59.1111
5 264.436
6 115.333
7 0
8 211.857
9 100.226
9
1 0
2 0
3 0
4 58.1818
5 264.549
6 115.091
7 0
8 211.571
9 98.2041
9
1 0
2 0
3 0
4 57.7143
5 262.815
6 112.226
7 55.5556
8 209.429
9 96.5217
9
1 0
2 0
3 0
4 60.1538
5 252.571
6 109.909
7 55
8 207.148
9 93.7436
9
1 0
2 0
3 0
4 62.1333
5 256
6 107.707
7 60
8 207.481
9 90.6
9
1 0
2 0
3 0
4 63.4286
5 251.304
6 104.898
7 61.4545
8 207.692
9 86.8571
9
1 0
2 0
3 0
4 63.8333
5 252.702
6 103.294
7 62
8 209.286
9 89.8947
9
1 0
2 0
3 0
4 66.4444
5 247.586
6 101.444
7 61.7143
8 208.214
9 84.7742
9
1 0
2 0
3 0
4 64.4
5 247.636
6 98.303
7 63.7143
8 208.467
9 81.25
9
1 0
2 0
3 0
4 64.64
5 246.036
6 98.0571
7 64
8 205.333
9 82.2069
9
1 0
2 0
3 0
4 64.9231
5 239.789
6 94
7 65.0526
8 205.071
9 80.8276
9
1 0
2 0
3 0
4 66.2857
5 242.939
6 95.5152
7 65.0769
8 205.283
9 78
9
1 0
2 0
3 0
4 68.7407
5 238.78
6 91.4118
7 66.1538
8 201.309
9 77.0323
9
1 0
2 0
3 0
4 68.8485
5 235.932
6 89.697
7 68.6667
8 202.148
9 75.8462
9
1 0
2 0
3 0
4 72.5517
5 229.5
6 90.6286
7 67.7714
8 201.898
9 73.28
9
1 0
2 0
3 0
4 72.5882
5 231.704
6 89.4286
7 68.6512
8 197.492
9 72
9
1 0
2 0
3 0
4 72.2286
5 228
6 86.8
7 69.1429
8 197.071
9 70.963
9
1 0
2 0
3 0
4 73.9355
5 228.068
6 86.1935
7 71.4783
8 197.574
9 73.2727
9
1 0
2 0
3 0
4 75.2821
5 222.6
6 85.6552
7 70.6977
8 194.164
9 70.5263
9
1 0
2 0
3 0
4 76.6667
5 221.891
6 87.3333
7 72.4651
8 195.93
9 70.7273
9
1 0
2 0
3 0
4 75.1111
5 223.31
6 83.2857
7 72.4255
8 192.271
9 70.7692
9
1 0
2 0
3 0
4 75.25
5 222.467
6 85.8667
7 71.8049
8 193.695
9 70.5263
9
1 0
2 0
3 0
4 76.5263
5 226.526
6 86.125
7 70.8696
8 192.218
9 71.8261
9
1 0
2 0
3 0
4 77.1852
5 223.517
6 87.2
7 71.102
8 192.5
9 69.5238
9
1 0
2 0
3 0
4 76.4444
5 228.444
6 86.6207
7 69.92
8 187.564
9 68.32
9
1 0
2 0
3 0
4 78.6667
5 225.333
6 84.7407
7 71.5556
8 188.881
9 70
9
1 0
2 0
3 0
4 79.0857
5 229.206
6 86
7 69.3953
8 186.429
9 69.1765
9
1 0
2 0
3 0
4 79.3143
5 228
6 86.5333
7 70.6316
8 183.071
9 66.9091
9
1 0
2 0
3 0
4 79.5294
5 229.267
6 87
7 70.9714
8 182.533
9 71.8095
9
1 0
2 0
3 0
4 79.9048
5 234.246
6 86.625
7 68.8182
8 180.828
9 69.9048
9
1 0
2 0
3 0
4 81.0526
5 232.211
6 90.1538
7 69.2683
8 176.339
9 65.3333
9
1 0
2 0
3 0
4 81.8889
5 236.949
6 89.1034
7 69
8 175.172
9 68.7059
9
1 0
2 0
3 0
4 81.8182
5 235.429
6 89
7 68.7059
8 170.983
9 66.4444
9
1 0
2 0
3 0
4 84.4848
5 240
6 88.5
7 68.186
8 168.4
9 67.6
9
1 0
2 0
3 0
4 85.3
5 239.172
6 90.2667
7 67.6
8 166.847
9 64.5455
9
1 0
2 0
3 0
4 83
5 239.733
6 88.8
7 68
8 165.193
9 64.7619
9
1 0
2 0
3 0
4 86.0541
5 243.533
6 92.4444
7 68.7805
8 162.414
9 67.5294
9
1 0
2 0
3 0
4 85.9487
5 239.111
6 91.2258
7 65.8462
8 159.491
9 68
9
1 0
2 0
3 0
4 87.3846
5 243.525
6 90.7879
7 66
8 156.941
9 63.8182
9
1 0
2 0
3 48
4 87.7838
5 248.407
6 92.2581
7 66.0645
8 155.407
9 67.2381
9
1 0
2 0
3 0
4 88.3404
5 249.733
6 91.3103
7 64.6667
8 151.034
9 64.6316
9
1 0
2 0
3 0
4 89.6364
5 247.188
6 93.1429
7 65.5385
8 150.828
9 62.3529
9
1 0
2 0
3 0
4 88.6222
5 251.375
6 91.3548
7 64
8 147.704
9 67.25
9
1 0
2 0
3 0
4 89.2381
5 250.625
6 93.625
7 65.7778
8 146.24
9 60.6667
9
1 0
2 0
3 0
4 90.5778
5 250.516
6 94.4516
7 63.7143
8 144.414
9 64.7273
9
1 0
2 0
3 57.7778
4 90.6341
5 247.812
6 93.375
7 64.2
8 144.291
9 61.2727
9
1 0
2 0
3 54.1818
4 91.0638
5 255.81
6 93.2414
7 63.7037
8 143.184
9 62.75
9
1 0
2 0
3 50.8
4 90.2609
5 253.5
6 94.1333
7 62.2857
8 137.356
9 60.2667
9
1 0
2 0
3 55.6
4 90.9091
5 256.909
6 95.3103
7 64.5926
8 138.491
9 59.7333
9
1 0
2 0
3 59.1429
4 92.5854
5 256.75
6 97.4194
7 58.8571
8 136.281
9 59.5
9
1 0
2 0
3 56
4 93
5 260.59
6 98.125
7 59.5556
8 132.814
9 60.3636
9
1 0
2 0
3 57
4 92.9565
5 262.623
6 99.0345
7 63.7333
8 129.818
9 62.4444
9
1 0
2 55.2727
3 62.2857
4 92.8889
5 263.692
6 96.8
7 59.2727
8 128.408
9 59.5789
9
1 0
2 48.8
3 60.8421
4 92.4255
5 265.097
6 98.9091
7 57.5
8 125.714
9 60.5
9
1 0
2 54.1818
3 61.6
4 93.0612
5 265.836
6 100.903
7 57.8667
8 123.119
9 61.6
9
1 0
2 51.5789
3 63.5
4 93.037
5 267.582
6 102.061
7 60
8 121.25
9 57.1429
9
1 0
2 64.7273
3 61.7391
4 93.5319
5 267.688
6 102.25
7 54.2857
8 116
9 63.6923
9
1 0
2 63.2727
3 60.8235
4 93.5
5 265.188
6 100.941
7 54.6667
8 115.843
9 56.3636
9
1 0
2 0
3 62.25
4 93.3913
5 265.25
6 102.424
7 56.4
8 115.077
9 55.6364
9
1 58.1818
2 54.2857
3 62.2857
4 94.3273
5 269.515
6 100.774
7 57.3333
8 110.786
9 55.2727
9
1 54
2 57.3333
3 63.0667
4 93.4615
5 268.774
6 99.8857
7 0
8 110.316
9 58.1818
9
1 48.8889
2 56.125
3 64.96
4 94.5517
5 270.562
6 101.467
7 53.5
8 109.214
9 0
9
1 57
2 57.8571
3 67.25
4 95.2593
5 271.111
6 104.235
7 0
8 104.351
9 57.5
9
1 56.5
2 57.913
3 66.4828
4 95.1852
5 269.587
6 102.875
7 0
8 102.196
9 56.6
9
1 56.5
2 59.7241
3 67.4146
4 95.6923
5 268.839
6 103.882
7 0
8 96.9565
9 56.8
9
1 53.3333
2 62.8966
3 71.0769
4 96.0833
5 269.097
6 101.455
7 0
8 97.04
9 51.3333
9
1 48.2857
2 64.5714
3 70.3478
4 96.8627
5 268.615
6 104.97
7 0
8 95.3846
9 55.8
9
1 51.5
2 61.8182
3 70.5806
4 97.6429
5 268.839
6 104.606
7 0
8 91.9273
9 55.2
9
1 54.3158
2 64.625
3 72.8
4 97.5082
5 267.642
6 104
7 0
8 90.7692
9 0
9
1 56.2667
2 67.1111
3 73.5814
4 98.4727
5 264
6 104.774
7 0
8 89.3846
9 52.8889
9
1 56.2857
2 70.5882
3 78.383
4 97.4426
5 262.941
6 105.125
7 0
8 83.4167
9 52.3636
9
1 56
2 72.1702
3 79.5
4 98.1053
5 264.062
6 105.576
7 0
8 82
9 53.4545
9
1 58.8235
2 74.2703
3 81.3793
4 97.4603
5 262
6 105.333
7 0
8 78.5714
9 54.9333
9
1 56.7273
2 76.6957
3 82.6667
4 98.1333
5 258.769
6 104.97
7 0
8 76.2353
9 51.6
9
1 59.1724
2 78.3
3 82.5263
4 98.0645
5 260.75
6 105.297
7 0
8 75.2195
9 55.5
9
1 60.48
2 80.2791
3 84.7407
4 98.5965
5 259.015
6 103.111
7 0
8 74.4865
9 0
9
1 61.8571
2 81.5319
3 86.8475
4 98.7077
5 258.4
6 103.765
7 0
8 74.2105
9 44.8889
9
1 61.8571
2 84
3 88.2353
4 98.3871
5 257.477
6 104.556
7 0
8 70.9524
9 0
9
1 62.8966
2 82.0833
3 86.4127
4 97.5484
5 257.438
6 103.765
7 0
8 72.9231
9 0
9
1 59
2 86.8
3 89.3968
4 96.3871
5 254.925
6 104.242
7 0
8 70.3256
9 0
9
1 63.8571
2 88.6957
3 90.8308
4 97.6949
5 254.349
6 106.667
7 0
8 68.093
9 46.8571
9
1 66.9091
2 91.0833
3 93.5738
4 95.5692
5 252.119
6 103.429
7 0
8 66.9
9 0
9
1 66.4286
2 96.1569
3 95.6875
4 96.2623
5 250.562
6 105.158
7 0
8 63.625
9 0
9
1 67.25
2 99.9091
3 98.3385
4 94.6462
5 247.94
6 106.2
7 0
8 61.2308
9 0
9
1 70.9474
2 105.75
3 101.968
4 93.4375
5 242.875
6 104.778
7 0
8 58.56
9 0
9
1 73.1
2 110.923
3 105.091
4 93.791
5 238.848
6 102.378
7 0
8 57.7143
9 0
9
1 76
2 113.434
3 107.375
4 92.125
5 235.754
6 103.556
7 0
8 58.8571
9 0
9
1 77.4194
2 118.182
3 109.254
4 92
5 233.046
6 103
7 0
8 56.1667
9 0
9
1 77.5556
2 121.241
3 110.892
4 91.6418
5 230.4
6 100.526
7 0
8 55.0588
9 0
9
1 80.32
2 123.158
3 113.394
4 91.2121
5 227.212
6 102.162
7 0
8 53.3333
9 0
9
1 82.4211
2 126.357
3 114.462
4 90.3871
5 224.438
6 100.762
7 0
8 54.1538
9 0
9
1 85
2 131.934
3 118.269
4 89.697
5 218.885
6 100.533
7 0
8 0
9 0
9
1 86.1053
2 134.623
3 119.938
4 89.375
5 215.463
6 98.8085
7 0
8 51.2
9 0
9
1 88.4762
2 137.017
3 120.615
4 88.5161
5 212.677
6 98.5366
7 0
8 56
9 0
9
1 89.8095
2 140.188
3 121.818
4 88.1231
5 209.394
6 97.28
7 0
8 0
9 0
9
1 92.7619
2 143.375
3 123.877
4 87.2414
5 208.375
6 96.5217
7 0
8 0
9 0
9
1 93.2093
2 145.938
3 124.848
4 87.5692
5 204.418
6 96.8333
7 0
8 0
9 0
9
1 96.7273
2 149.77
3 126.215
4 87.0508
5 201
6 94.6957
7 0
8 0
9 0
9
1 96.2286
2 152.875
3 128.478
4 86.7937
5 197.6
6 94
7 0
8 0
9 0
9
1 96.6512
2 155.556
3 129.723
4 85.5738
5 195.119
6 94.8837
7 0
8 0
9 0
9
1 99.1795
2 157.212
3 131.284
4 85.4194
5 193.625
6 93.7391
7 0
8 0
9 0
9
1 102.919
2 160.19
3 131.815
4 83.541
5 190.438
6 92.96
7 0
8 0
9 0
9
1 101.091
2 161.091
3 132.836
4 84.5714
5 189.143
6 91.7273
7 0
8 0
9 0
9
1 102.537
2 162.968
3 133.354
4 83.8491
5 187.2
6 91.1111
7 0
8 0
9 0
9
1 103.805
2 164
3 134.788
4 82.2642
5 186.5
6 92.6222
7 0
8 0
9 0
9
1 103.59
2 163.062
3 136
4 81.6154
5 187.2
6 92.8148
7 0
8 0
9 0
9
1 102.444
2 164.119
3 136.985
4 81.7872
5 188.571
6 93.8246
7 0
8 0
9 0
9
1 101.368
2 164.562
3 138.848
4 78.9333
5 189.697
6 94.4444
7 0
8 0
9 0
9
1 102.14
2 164.267
3 140.615
4 77.8261
5 189.574
6 95.5556
7 0
8 0
9 0
9
1 101.231
2 164.131
3 141.91
4 77.6
5 191.385
6 98.5098
7 0
8 0
9 0
9
1 100.8
2 166.188
3 143.815
4 76.3243
5 192.066
6 97.283
7 0
8 0
9 0
9
1 98.0606
2 166.03
3 146.866
4 73.6842
5 193.785
6 98.1481
7 0
8 0
9 0
9
1 97.5814
2 165.908
3 147.815
4 74.7879
5 195.097
6 100.772
7 0
8 0
9 0
9
1 96.0976
2 165.438
3 149.91
4 72.4138
5 194.954
6 101.614
7 0
8 0
9 0
9
1 94.6667
2 164.75
3 152.185
4 72.8
5 196.131
6 102.667
7 0
8 0
9 0
9
1 94.5263
2 164.875
3 154.209
4 72.32
5 198.349
6 104.6
7 0
8 0
9 0
9
1 93.2941
2 164
3 156.246
4 71.6522
5 199.548
6 105.846
7 0
8 0
9 0
9
1 91.6
2 163.877
3 158.328
4 70
5 200.949
6 107.29
7 0
8 0
9 0
9
1 92.1081
2 161.966
3 159.385
4 68.9412
5 202.4
6 109.231
7 0
8 0
9 0
9
1 90.9268
2 163
3 162.121
4 66.75
5 204.339
6 110.129
7 0
8 0
9 0
9
1 88.5
2 161.407
3 165.477
4 68
5 205.742
6 113.169
7 0
8 0
9 0
9
1 87.0769
2 161.651
3 169.415
4 68.5
5 206.552
6 113.524
7 0
8 0
9 0
9
1 85.6774
2 160.133
3 173.292
4 61.8462
5 208.136
6 117.254
7 0
8 0
9 0
9
1 80.8235
2 159.186
3 174.892
4 62
5 210.8
6 119.138
7 0
8 0
9 0
9
1 83.3333
2 157.333
3 178.687
4 60
5 212.509
6 122.092
7 0
8 0
9 0
9
1 77.6552
2 156
3 180.062
4 60.5714
5 214.386
6 123.138
7 0
8 0
9 0
9
1 79.6471
2 156.203
3 184.776
4 0
5 214.915
6 124.308
7 0
8 0
9 0
9
1 77.0909
2 154.593
3 185.908
4 0
5 217.123
6 127.636
7 0
8 0
9 0
9
1 76.1429
2 153.267
3 189.194
4 0
5 217.831
6 129.662
7 0
8 0
9 0
9
1 73.9259
2 151.547
3 192.862
4 0
5 219.214
6 132.299
7 0
8 0
9 0
9
1 73.3846
2 149.517
3 195.94
4 0
5 220.069
6 134.585
7 0
8 0
9 0
9
1 73.44
2 148.604
3 200
4 0
5 221.377
6 137.313
7 0
8 0
9 0
9
1 70.1622
2 147.259
3 201.846
4 0
5 222.4
6 139.815
7 0
8 0
9 0
9
1 69.697
2 145.826
3 203.463
4 0
5 223.439
6 141.636
7 0
8 0
9 0
9
1 68.1176
2 144.741
3 205.477
4 0
5 222.877
6 143.385
7 0
8 0
9 0
9
1 67.4074
2 144.706
3 207.701
4 0
5 224.475
6 145.292
7 0
8 0
9 0
9
1 64.5217
2 142.612
3 209.846
4 0
5 225.455
6 147.636
7 0
8 0
9 0
9
1 64.1379
2 139.786
3 212.896
4 0
5 224.8
6 150.954
7 0
8 0
9 0
9
1 71.1111
2 139.12
3 216.369
4 0
5 224.267
6 152.537
7 0
8 0
9 0
9
1 62.087
2 137.333
3 218.746
4 0
5 224.918
6 155.2
7 0
8 0
9 0
9
1 65.4545
2 136.462
3 220.438
4 0
5 224.867
6 156.597
7 0
8 0
9 0
9
1 63.5556
2 133.12
3 224.909
4 0
5 225.018
6 160.246
7 0
8 0
9 0
9
1 58
2 132.444
3 224.462
4 0
5 223.714
6 161.143
7 0
8 0
9 0
9
1 0
2 0
3 0
4 0
5 0
6 0
7 0
8 0
9 0
9
1 0
2 121.455
3 221.273
4 0
5 209.667
6 161.667
7 0
8 0
9 0
9
1 55.3333
2 124.727
3 227.933
4 0
5 216.593
6 166.462
7 0
8 44.5714
9 48.2105
9
1 54
2 123.879
3 235.286
4 0
5 220
6 171.525
7 0
8 0
9 0
9
1 58.2
2 124
3 238.129
4 0
5 222.246
6 176.308
7 0
8 0
9 0
9
1 52.4444
2 120.833
3 240.119
4 0
5 220.814
6 179.015
7 0
8 0
9 0
9
1 0
2 117.714
3 241.354
4 0
5 218.983
6 181.791
7 0
8 0
9 0
9
1 0
2 117.429
3 244.597
4 0
5 217.895
6 184.369
7 0
8 0
9 0
9
1 0
2 116.089
3 245.25
4 0
5 216.333
6 186.567
7 0
8 0
9 0
9
1 0
2 112.596
3 248.179
4 0
5 214.576
6 190.215
7 0
8 0
9 54.2857
9
1 0
2 111.68
3 251.148
4 0
5 211.564
6 193.433
7 0
8 0
9 0
9
1 0
2 107.628
3 252.123
4 0
5 209.333
6 196.431
7 0
8 0
9 0
9
1 0
2 106.462
3 253.484
4 0
5 208.271
6 198.627
7 0
8 0
9 0
9
1 0
2 102.341
3 254.338
4 0
5 204.357
6 202.769
7 0
8 0
9 0
9
1 0
2 99.7209
3 255.619
4 0
5 200.211
6 205.91
7 0
8 0
9 52
9
1 0
2 97.913
3 255.81
4 0
5 197.085
6 208.123
7 0
8 0
9 53
9
1 0
2 94.8235
3 255.018
4 0
5 194.621
6 210.627
7 0
8 0
9 68
9
1 0
2 94
3 255.709
4 0
5 190.6
6 212.8
7 0
8 0
9 0
9
1 0
2 92
3 254.23
4 0
5 189.742
6 214.848
7 0
8 0
9 0
9
1 0
2 89.0256
3 254.545
4 0
5 184.678
6 216.738
7 0
8 0
9 0
9
1 0
2 85.625
3 253.079
4 0
5 181.63
6 217.292
7 0
8 0
9 62.8571
9
1 0
2 83.1351
3 253.133
4 0
5 177.185
6 219.636
7 0
8 0
9 59
9
1 0
2 83.2941
3 251.733
4 0
5 173.84
6 220.492
7 0
8 0
9 56.25
9
1 0
2 80.9231
3 250.036
4 0
5 172.302
6 222.03
7 0
8 0
9 57.6
9
1 0
2 80.25
3 249.63
4 0
5 172.286
6 223.262
7 0
8 0
9 0
9
1 0
2 78.4828
3 245.574
4 0
5 172.143
6 223.94
7 0
8 0
9 56
9
1 0
2 76.8
3 242.133
4 0
5 174.807
6 226.154
7 0
8 0
9 59.7143
9
1 0
2 74.6667
3 238.37
4 0
5 176.881
6 228
7 0
8 0
9 63.3333
9
1 0
2 76.5161
3 233.115
4 0
5 181
6 228.716
7 0
8 0
9 63.6
9
1 0
2 72.8889
3 227.298
4 0
5 184.814
6 230.209
7 0
8 0
9 64.8
9
1 0
2 72.2963
3 220.906
4 0
5 188.815
6 230.646
7 0
8 0
9 65.7143
9
1 0
2 68
3 217.111
4 0
5 193.929
6 233.354
7 0
8 0
9 69.0769
9
1 0
2 67.619
3 210.473
4 0
5 198.196
6 233.477
7 0
8 0
9 66.8387
9
1 0
2 67.1304
3 206.444
4 0
5 201.053
6 233.231
7 0
8 0
9 69.625
9
1 0
2 64.2963
3 200.727
4 0
5 204.222
6 232.836
7 0
8 0
9 72.1818
9
1 0
2 61.44
3 194.792
4 0
5 206.943
6 232.923
7 0
8 0
9 74.875
9
1 0
2 61.6
3 189.143
4 0
5 212
6 232.06
7 0
8 0
9 77.8065
9
1 0
2 59.1111
3 183.184
4 0
5 216.471
6 231.508
7 0
8 0
9 82
9
1 0
2 60.5333
3 177.333
4 0
5 219.308
6 231.164
7 0
8 52
9 85.2973
9
1 0
2 59.75
3 167.855
4 0
5 224
6 230.092
7 0
8 58.2857
9 93.0612
9
1 0
2 56.6154
3 163.608
4 0
5 228.98
6 229.015
7 0
8 60
9 96.1905
9
1 0
2 52
3 159.22
4 0
5 231.333
6 228.123
7 0
8 54.75
9 99.3913
9
1 0
2 65.8182
3 156.64
4 0
5 232.923
6 227.692
7 0
8 60.5333
9 100.651
9
1 0
2 55.4286
3 151.918
4 0
5 236.333
6 227.2
7 0
8 59.6
9 107.478
9
1 0
2 0
3 144.706
4 0
5 240.462
6 225.723
7 0
8 68.2667
9 114.231
9
1 0
2 0
3 139.913
4 0
5 242.615
6 225.758
7 0
8 60.5517
9 118
9
1 0
2 0
3 137.959
4 0
5 242.083
6 225.6
7 0
8 67.8333
9 121.277
9
1 0
2 0
3 135.818
4 0
5 243.769
6 226.03
7 0
8 62.25
9 123.478
9
1 0
2 0
3 129.023
4 0
5 243.83
6 225.477
7 0
8 64.9032
9 131.321
9
1 0
2 0
3 124.385
4 0
5 245.867
6 226.269
7 0
8 67.3684
9 136.978
9
1 0
2 0
3 119.489
4 0
5 244.273
6 226.892
7 0
8 71.1724
9 140.8
9
1 0
2 0
3 114.9
4 0
5 244.981
6 227.515
7 0
8 71.25
9 147.855
9
1 0
2 0
3 108.095
4 0
5 245.44
6 226.97
7 0
8 75.7333
9 159.228
9
1 0
2 0
3 100.651
4 0
5 243.52
6 230.769
7 0
8 78.1622
9 166.857
9
1 0
2 0
3 93.7895
4 0
5 244.571
6 232.545
7 0
8 82.2326
9 173.786
9
1 0
2 0
3 92.8
4 0
5 244.261
6 232.246
7 0
8 85.0256
9 178.133
9
1 0
2 0
3 86.5806
4 0
5 242.044
6 233.731
7 0
8 87
9 184.069
9
1 0
2 0
3 82.75
4 0
5 241.043
6 233.723
7 0
8 90.7556
9 189.77
9
1 0
2 0
3 78.5455
4 0
5 240.978
6 234.09
7 0
8 93.7
9 193.966
9
1 0
2 0
3 73.3846
4 0
5 237.545
6 233.908
7 0
8 98.8696
9 202.095
9
1 0
2 0
3 72.9231
4 0
5 234.844
6 232.776
7 0
8 101.49
9 208.698
9
1 0
2 0
3 67.5294
4 0
5 231.628
6 231.262
7 0
8 103.44
9 214.462
9
1 0
2 0
3 66.5
4 0
5 228.667
6 230.03
7 0
8 106.522
9 219.937
9
1 0
2 0
3 64.4444
4 0
5 224.526
6 227.077
7 0
8 109.796
9 225.938
9
1 0
2 0
3 65.7778
4 0
5 220.711
6 225.818
7 0
8 113
9 233.574
9
1 0
2 0
3 0
4 0
5 216.878
6 222.031
7 0
8 115.462
9 239.455
9
1 0
2 0
3 55.4286
4 0
5 213.429
6 219.2
7 0
8 119.765
9 246.312
9
1 0
2 0
3 0
4 0
5 208.19
6 216.97
7 0
8 122.538
9 253.612
9
1 0
2 0
3 0
4 0
5 203.333
6 213.785
7 0
8 123.396
9 257.968
9
1 0
2 0
3 0
4 0
5 199.122
6 211.045
7 0
8 125.76
9 264.431
9
1 0
2 0
3 0
4 0
5 195
6 208.923
7 0
8 126.213
9 268.5
9
1 0
2 0
3 0
4 0
5 192.818
6 207.821
7 0
8 127.364
9 270.769
9
1 0
2 0
3 0
4 0
5 194.105
6 207.508
7 0
8 127.182
9 271.284
9
1 0
2 0
3 0
4 0
5 191.907
6 206.746
7 0
8 127.043
9 270.831
9
1 0
2 0
3 0
4 0
5 192.098
6 206.646
7 0
8 128.627
9 272
