9
1 0
2 0
3 0
4 0
5 0
6 99.1111
7 0
8 79.2
9 303.048
9
1 0
2 0
3 0
4 0
5 0
6 100.889
7 0
8 81.5556
9 302.5
9
1 0
2 0
3 0
4 0
5 0
6 101.6
7 0
8 80.9231
9 302.08
9
1 0
2 0
3 0
4 0
5 0
6 106.889
7 0
8 83.6667
9 304
9
1 0
2 0
3 0
4 0
5 0
6 115.529
7 0
8 86.4615
9 302.56
9
1 0
2 0
3 0
4 0
5 0
6 127.6
7 0
8 90.5455
9 300.64
9
1 0
2 0
3 0
4 0
5 65.8182
6 133.818
7 0
8 93.0667
9 299.692
9
1 0
2 0
3 0
4 0
5 69.2
6 139.4
7 0
8 97.25
9 298.24
9
1 0
2 0
3 0
4 0
5 74.6667
6 145.833
7 0
8 97.75
9 296.32
9
1 0
2 0
3 0
4 0
5 82.5
6 152.19
7 0
8 100.533
9 294.923
9
1 0
2 0
3 0
4 0
5 85.1429
6 155.652
7 0
8 102
9 290.833
9
1 0
2 0
3 0
4 0
5 93
6 159.273
7 0
8 104
9 288.296
9
1 0
2 0
3 0
4 0
5 96
6 162.727
7 0
8 106.5
9 283.36
9
1 0
2 0
3 0
4 0
5 103.333
6 168.48
7 0
8 107.455
9 280.96
9
1 0
2 0
3 0
4 0
5 107.333
6 170.88
7 0
8 107.778
9 274.333
9
1 0
2 0
3 0
4 0
5 114
6 176.154
7 0
8 110
9 267.04
9
1 0
2 0
3 0
4 0
5 119
6 178.4
7 0
8 110.947
9 258.222
9
1 0
2 0
3 0
4 0
5 123.143
6 182.308
7 0
8 110.133
9 252.182
9
1 0
2 0
3 0
4 0
5 128
6 184.64
7 0
8 111.4
9 245.333
9
1 0
2 0
3 0
4 0
5 138.25
6 187.52
7 0
8 113.5
9 235.04
9
1 0
2 0
3 0
4 0
5 141.895
6 190.519
7 0
8 111.6
9 225.76
9
1 0
2 0
3 0
4 0
5 149.867
6 191.84
7 0
8 112.706
9 218.154
9
1 0
2 0
3 0
4 0
5 154.353
6 195.111
7 0
8 112.706
9 208.64
9
1 0
2 0
3 0
4 0
5 161
6 194.88
7 0
8 112.2
9 202.667
9
1 0
2 0
3 0
4 0
5 166.933
6 196
7 0
8 112
9 197.167
9
1 0
2 0
3 0
4 0
5 176.75
6 197.846
7 0
8 111.111
9 184.8
9
1 0
2 0
3 0
4 0
5 188.8
6 198.08
7 0
8 109.176
9 170.667
9
1 0
2 0
3 0
4 0
5 196.75
6 198.815
7 0
8 108
9 161.5
9
1 0
2 0
3 0
4 0
5 211.111
6 199.52
7 0
8 104.8
9 149.926
9
1 0
2 0
3 68.5714
4 0
5 223.81
6 197.44
7 0
8 103.2
9 137.5
9
1 0
2 0
3 0
4 0
5 233
6 195.52
7 0
8 99.8182
9 126.615
9
1 0
2 0
3 72.8889
4 0
5 238.105
6 195.04
7 0
8 97.9048
9 119.667
9
1 0
2 0
3 76.3077
4 0
5 244.941
6 192.296
7 0
8 94.8235
9 111.818
9
1 0
2 0
3 82
4 0
5 248.182
6 188.64
7 0
8 94
9 104.32
9
1 0
2 0
3 82.7692
4 0
5 252.889
6 187.407
7 0
8 91.1579
9 98.4348
9
1 0
2 0
3 85.25
4 0
5 253.895
6 186.24
7 0
8 91.25
9 96.8333
9
1 0
2 0
3 85
4 0
5 255.368
6 184.8
7 0
8 90.3158
9 94.5
9
1 0
2 0
3 88.3077
4 0
5 260.267
6 181.333
7 0
8 87
9 90.087
9
1 0
2 0
3 91.75
4 0
5 262.4
6 178.24
7 0
8 82.4
9 81
9
1 0
2 50.8571
3 95.2941
4 0
5 264.833
6 170.963
7 0
8 79.25
9 76.2222
9
1 0
2 0
3 96.75
4 0
5 265.905
6 163.04
7 0
8 72.2667
9 65.2632
9
1 0
2 60.7273
3 101.818
4 0
5 267.667
6 155.68
7 0
8 69.5556
9 61.3333
9
1 0
2 63
3 105.412
4 0
5 265.4
6 148.923
7 0
8 66.5882
9 62.2222
9
1 0
2 69.7778
3 106.545
4 0
5 260.952
6 144.16
7 0
8 69.5385
9 55.4286
9
1 0
2 76.2353
3 106.783
4 0
5 258.783
6 137.778
7 0
8 62.7692
9 0
9
1 0
2 79.7647
3 109.913
4 0
5 255.789
6 131.84
7 0
8 57.5385
9 56
9
1 0
2 84.9412
3 109.6
4 52
5 252
6 126.923
7 0
8 51.4286
9 0
9
1 52
2 89.8824
3 111.13
4 57.5
5 248.727
6 123.52
7 0
8 52.75
9 0
9
1 52
2 94.1053
3 110.769
4 58
5 244
6 120.64
7 0
8 0
9 0
9
1 54.6667
2 94
3 111.167
4 66
5 242.182
6 119.231
7 0
8 0
9 0
9
1 53.5
2 95.6
3 110.88
4 63.6364
5 242.609
6 117.6
7 0
8 48
9 0
9
1 58.6667
2 98
3 111.5
4 60.5714
5 238.957
6 114.815
7 0
8 0
9 0
9
1 62.1818
2 106.182
3 112
4 62.4
5 229.524
6 108.364
7 0
8 0
9 0
9
1 65.8182
2 115.8
3 110.615
4 67.2941
5 214
6 100.889
7 0
8 0
9 0
9
1 74
2 120.762
3 109.44
4 68.8571
5 204.87
6 96.4444
7 0
8 0
9 0
9
1 79.2
2 127.167
3 108
4 71.8
5 194.783
6 88
7 0
8 0
9 0
9
1 88.8
2 135.833
3 106.56
4 74
5 181.077
6 81
7 0
8 0
9 0
9
1 93.2308
2 142.769
3 104.32
4 78.087
5 173
6 76.6667
7 0
8 0
9 0
9
1 98.4615
2 146.5
3 102.72
4 78.3704
5 165.926
6 72.2857
7 0
8 0
9 0
9
1 110.333
2 153.76
3 98.72
4 81.28
5 150.72
6 62.5
7 0
8 0
9 0
9
1 118.154
2 158.909
3 96.1739
4 83
5 141.565
6 0
7 0
8 0
9 0
9
1 122.571
2 164.16
3 93.6
4 86.56
5 134.4
6 57.7143
7 0
8 0
9 0
9
1 133.5
2 171.704
3 91.6364
4 86.1538
5 123.833
6 0
7 0
8 0
9 0
9
1 142.824
2 172.923
3 86.6667
4 88.48
5 111.852
6 0
7 0
8 0
9 0
9
1 163.733
2 177.481
3 80.3333
4 90.6667
5 101.6
6 0
7 0
8 0
9 0
9
1 176
2 180.308
3 76.7273
4 92
5 92.2963
6 0
7 0
8 0
9 0
9
1 181.867
2 185.28
3 75.2
4 91.6364
5 88.8
6 0
7 0
8 0
9 0
9
1 192.857
2 186.37
3 71.3846
4 89.44
5 80.32
6 0
7 0
8 0
9 0
9
1 207.2
2 186.72
3 72
4 90.1818
5 72.3333
6 0
7 0
8 0
9 0
9
1 215.692
2 184.444
3 0
4 88.9091
5 68.9091
6 0
7 0
8 0
9 0
9
1 208.533
2 184.8
3 0
4 90.3704
5 66.2
6 0
7 0
8 0
9 0
9
1 225.143
2 183.04
3 0
4 88.7619
5 63.25
6 0
7 0
8 0
9 0
9
1 228.571
2 182.519
3 0
4 89.12
5 59.6
6 0
7 0
8 0
9 0
9
1 224.706
2 179.52
3 0
4 86.6087
5 55.6
6 0
7 0
8 0
9 0
9
1 239.714
2 176.444
3 0
4 84.5455
5 58.1538
6 0
7 0
8 0
9 0
9
1 225.455
2 174.667
3 0
4 86.4
5 0
6 0
7 0
8 0
9 0
9
1 244.667
2 172
3 0
4 83.2
5 0
6 0
7 0
8 0
9 0
9
1 246.182
2 163.04
3 0
4 82.6667
5 0
6 0
7 0
8 0
9 0
9
1 248.308
2 162.72
3 0
4 84
5 0
6 0
7 0
8 0
9 0
9
1 249.538
2 164.296
3 0
4 81.2
5 0
6 0
7 0
8 0
9 0
