9
1 0
2 0
3 0
4 0
5 0
6 0
7 0
8 0
9 292.923
9
1 0
2 0
3 0
4 0
5 0
6 0
7 0
8 0
9 291.667
9
1 0
2 0
3 0
4 0
5 0
6 0
7 0
8 0
9 293.455
9
1 0
2 0
3 0
4 0
5 0
6 0
7 0
8 0
9 293
9
1 0
2 0
3 0
4 0
5 0
6 0
7 0
8 0
9 293
9
1 0
2 0
3 0
4 0
5 0
6 0
7 0
8 0
9 292.333
9
1 0
2 0
3 0
4 0
5 0
6 0
7 0
8 0
9 292.364
9
1 0
2 0
3 0
4 0
5 0
6 0
7 0
8 0
9 0
9
1 0
2 0
3 0
4 0
5 0
6 0
7 0
8 0
9 0
9
1 0
2 0
3 0
4 0
5 0
6 0
7 0
8 0
9 0
9
1 0
2 0
3 0
4 0
5 0
6 0
7 0
8 0
9 292
9
1 0
2 0
3 0
4 0
5 0
6 0
7 0
8 0
9 292.364
9
1 0
2 0
3 0
4 0
5 0
6 0
7 0
8 0
9 292.615
9
1 0
2 0
3 0
4 0
5 0
6 0
7 0
8 0
9 290.909
9
1 0
2 0
3 0
4 0
5 0
6 0
7 0
8 0
9 290.667
9
1 0
2 0
3 0
4 0
5 0
6 0
7 0
8 0
9 290.182
9
1 0
2 0
3 0
4 0
5 0
6 0
7 0
8 0
9 292.333
9
1 0
2 0
3 0
4 0
5 0
6 0
7 0
8 0
9 292
9
1 0
2 0
3 0
4 0
5 0
6 0
7 0
8 0
9 292
9
1 0
2 0
3 0
4 0
5 0
6 0
7 0
8 0
9 293.091
9
1 0
2 0
3 0
4 0
5 0
6 0
7 0
8 0
9 292.333
9
1 0
2 0
3 0
4 0
5 0
6 0
7 0
8 0
9 292
9
1 0
2 0
3 0
4 0
5 0
6 0
7 0
8 0
9 291.385
9
1 0
2 0
3 0
4 0
5 0
6 0
7 0
8 0
9 290.909
9
1 0
2 0
3 0
4 0
5 0
6 0
7 0
8 0
9 293.778
9
1 0
2 0
3 0
4 0
5 0
6 0
7 0
8 0
9 291.2
9
1 0
2 0
3 0
4 0
5 0
6 0
7 0
8 0
9 290.667
9
1 0
2 0
3 0
4 0
5 0
6 0
7 0
8 0
9 290.462
9
1 0
2 0
3 0
4 0
5 0
6 0
7 0
8 0
9 290
9
1 0
2 0
3 0
4 0
5 0
6 0
7 0
8 0
9 290.333
9
1 0
2 0
3 0
4 0
5 0
6 0
7 0
8 0
9 290.462
9
1 0
2 0
3 0
4 0
5 0
6 0
7 0
8 0
9 289.667
9
1 0
2 0
3 0
4 0
5 0
6 0
7 0
8 0
9 290.909
9
1 0
2 0
3 0
4 0
5 0
6 0
7 0
8 0
9 290.154
9
1 0
2 0
3 0
4 0
5 0
6 0
7 0
8 0
9 288.615
9
1 0
2 0
3 0
4 0
5 0
6 0
7 0
8 0
9 287.077
9
1 0
2 0
3 0
4 0
5 0
6 0
7 0
8 0
9 286.8
9
1 0
2 0
3 0
4 0
5 0
6 0
7 0
8 0
9 288
9
1 0
2 0
3 0
4 0
5 0
6 0
7 0
8 0
9 285.818
9
1 0
2 0
3 0
4 0
5 0
6 0
7 0
8 0
9 285
9
1 0
2 0
3 0
4 0
5 0
6 0
7 0
8 0
9 285.6
9
1 0
2 0
3 0
4 0
5 0
6 0
7 0
8 0
9 283.333
9
1 0
2 0
3 0
4 0
5 0
6 0
7 0
8 0
9 283.692
9
1 0
2 0
3 0
4 0
5 0
6 0
7 0
8 0
9 281.6
9
1 0
2 0
3 0
4 0
5 0
6 0
7 0
8 0
9 282
9
1 0
2 0
3 0
4 0
5 0
6 0
7 0
8 0
9 282.462
9
1 0
2 0
3 0
4 0
5 0
6 0
7 0
8 0
9 277.333
9
1 0
2 0
3 0
4 0
5 0
6 0
7 0
8 0
9 279.111
9
1 0
2 0
3 0
4 0
5 0
6 0
7 0
8 0
9 279.077
9
1 0
2 0
3 0
4 0
5 0
6 0
7 0
8 0
9 279
9
1 0
2 0
3 0
4 0
5 0
6 0
7 0
8 0
9 277.667
9
1 0
2 0
3 0
4 0
5 0
6 0
7 0
8 0
9 277.333
9
1 0
2 0
3 0
4 0
5 0
6 0
7 0
8 0
9 275.333
9
1 0
2 0
3 0
4 0
5 0
6 0
7 0
8 0
9 272.667
9
1 0
2 0
3 0
4 0
5 0
6 0
7 0
8 0
9 273.6
9
1 0
2 0
3 0
4 0
5 0
6 0
7 0
8 0
9 271.2
9
1 0
2 0
3 0
4 0
5 0
6 0
7 0
8 0
9 267.692
9
1 0
2 0
3 0
4 0
5 0
6 0
7 0
8 0
9 267.077
9
1 0
2 0
3 0
4 0
5 0
6 161.5
7 0
8 0
9 267.2
9
1 0
2 0
3 0
4 0
5 0
6 0
7 0
8 0
9 264.667
9
1 0
2 0
3 0
4 0
5 0
6 0
7 0
8 0
9 260.923
9
1 0
2 0
3 0
4 0
5 0
6 167.429
7 0
8 0
9 256.615
9
1 0
2 0
3 0
4 0
5 0
6 0
7 0
8 0
9 253.091
9
1 0
2 0
3 0
4 0
5 0
6 0
7 0
8 0
9 254.182
9
1 0
2 0
3 0
4 0
5 0
6 0
7 0
8 0
9 252.4
9
1 0
2 0
3 0
4 0
5 0
6 0
7 0
8 0
9 249.667
9
1 0
2 0
3 0
4 0
5 0
6 0
7 0
8 0
9 247.111
9
1 0
2 0
3 0
4 0
5 0
6 168.571
7 0
8 0
9 248
9
1 0
2 0
3 0
4 0
5 0
6 172.5
7 0
8 0
9 246
9
1 0
2 0
3 0
4 0
5 0
6 172.5
7 0
8 0
9 243.6
9
1 0
2 0
3 0
4 0
5 0
6 175.2
7 0
8 0
9 240.364
9
1 0
2 0
3 0
4 0
5 0
6 172
7 0
8 0
9 237.231
9
1 0
2 0
3 0
4 0
5 0
6 173.091
7 0
8 0
9 236.615
9
1 0
2 0
3 0
4 0
5 0
6 172.4
7 0
8 0
9 236.727
9
1 0
2 0
3 0
4 0
5 0
6 172
7 0
8 0
9 232.727
9
1 0
2 0
3 0
4 0
5 0
6 178.857
7 0
8 0
9 231
9
1 0
2 0
3 0
4 0
5 0
6 173.6
7 0
8 0
9 228
9
1 0
2 0
3 0
4 0
5 0
6 172.8
7 0
8 0
9 224.727
9
1 0
2 0
3 0
4 0
5 0
6 176.8
7 0
8 0
9 223
9
1 0
2 0
3 0
4 0
5 0
6 177.5
7 0
8 0
9 218.154
9
1 0
2 0
3 0
4 0
5 0
6 175.636
7 0
8 0
9 215.385
9
1 0
2 0
3 0
4 0
5 0
6 179
7 0
8 0
9 212.727
9
1 0
2 0
3 0
4 0
5 0
6 0
7 0
8 0
9 210.222
9
1 0
2 0
3 0
4 0
5 0
6 182.286
7 0
8 0
9 205.231
9
1 0
2 0
3 0
4 0
5 153.5
6 0
7 0
8 0
9 199.6
9
1 0
2 0
3 0
4 0
5 0
6 178.857
7 0
8 0
9 198
9
1 0
2 0
3 0
4 0
5 0
6 0
7 0
8 0
9 195.667
9
1 0
2 0
3 0
4 0
5 160.4
6 182.4
7 0
8 0
9 193
9
1 0
2 0
3 0
4 0
5 161
6 183.556
7 0
8 0
9 188.364
9
1 0
2 0
3 0
4 0
5 162.909
6 185
7 0
8 0
9 191.111
9
1 0
2 0
3 0
4 0
5 168.444
6 188
7 0
8 0
9 187.5
9
1 0
2 0
3 0
4 0
5 168
6 185.778
7 0
8 0
9 180.727
9
1 0
2 0
3 0
4 0
5 172.333
6 186.222
7 0
8 0
9 180.444
9
1 0
2 0
3 0
4 0
5 172.308
6 188.333
7 0
8 0
9 177.818
9
1 0
2 0
3 0
4 0
5 174.222
6 186.909
7 0
8 0
9 177.091
9
1 0
2 0
3 0
4 0
5 175
6 189.818
7 0
8 0
9 178
9
1 0
2 0
3 0
4 0
5 176.8
6 186.909
7 0
8 0
9 170.5
9
1 0
2 0
3 0
4 0
5 178
6 0
7 0
8 0
9 0
9
1 0
2 0
3 0
4 0
5 181.2
6 185.5
7 0
8 0
9 172.444
9
1 0
2 0
3 0
4 0
5 181.846
6 188.333
7 0
8 0
9 0
9
1 0
2 0
3 0
4 0
5 185.455
6 186.222
7 0
8 0
9 0
9
1 0
2 0
3 0
4 0
5 189.2
6 186.222
7 0
8 0
9 0
9
1 0
2 0
3 0
4 0
5 189.091
6 188.889
7 0
8 0
9 0
9
1 0
2 0
3 0
4 0
5 189
6 0
7 0
8 0
9 0
9
1 0
2 0
3 0
4 0
5 195.333
6 187.111
7 0
8 0
9 0
9
1 0
2 0
3 0
4 0
5 196.4
6 0
7 0
8 0
9 0
9
1 0
2 0
3 0
4 0
5 197.333
6 0
7 0
8 0
9 0
9
1 0
2 0
3 0
4 0
5 197.231
6 187.5
7 0
8 0
9 0
9
1 0
2 0
3 0
4 0
5 200
6 0
7 0
8 0
9 0
9
1 0
2 0
3 0
4 0
5 204.889
6 184
7 0
8 0
9 0
9
1 0
2 0
3 0
4 0
5 209.455
6 185.5
7 0
8 0
9 0
9
1 0
2 0
3 0
4 0
5 211.636
6 185.714
7 0
8 0
9 0
9
1 0
2 0
3 0
4 0
5 212.308
6 185.5
7 0
8 0
9 0
9
1 0
2 0
3 0
4 0
5 211.273
6 177.714
7 0
8 0
9 0
9
1 0
2 0
3 0
4 0
5 214.909
6 186.4
7 0
8 0
9 0
9
1 0
2 0
3 0
4 0
5 214
6 0
7 0
8 0
9 0
9
1 0
2 0
3 0
4 0
5 216
6 186.5
7 0
8 0
9 0
9
1 0
2 0
3 0
4 0
5 218.4
6 0
7 0
8 0
9 0
9
1 0
2 0
3 0
4 0
5 218.333
6 0
7 0
8 0
9 0
9
1 0
2 0
3 0
4 0
5 224.923
6 0
7 0
8 0
9 0
9
1 0
2 0
3 0
4 0
5 227.273
6 0
7 0
8 0
9 0
9
1 0
2 0
3 0
4 0
5 227
6 0
7 0
8 0
9 0
9
1 0
2 0
3 0
4 0
5 229.231
6 0
7 0
8 0
9 0
9
1 0
2 0
3 0
4 0
5 228.615
6 0
7 0
8 0
9 0
9
1 0
2 0
3 0
4 0
5 230.667
6 0
7 0
8 0
9 0
9
1 0
2 0
3 0
4 0
5 233.667
6 0
7 0
8 0
9 0
9
1 0
2 0
3 0
4 0
5 233.846
6 0
7 0
8 0
9 0
9
1 0
2 0
3 0
4 0
5 234
6 0
7 0
8 0
9 0
9
1 0
2 0
3 0
4 0
5 236.4
6 0
7 0
8 0
9 0
9
1 0
2 0
3 0
4 0
5 239
6 0
7 0
8 0
9 0
9
1 0
2 0
3 0
4 0
5 239.385
6 0
7 0
8 0
9 0
9
1 0
2 0
3 0
4 0
5 242
6 0
7 0
8 0
9 0
9
1 0
2 0
3 0
4 0
5 241.6
6 0
7 0
8 0
9 0
9
1 0
2 0
3 0
4 0
5 245
6 0
7 0
8 0
9 0
9
1 0
2 0
3 0
4 0
5 246.333
6 0
7 0
8 0
9 0
9
1 0
2 0
3 0
4 0
5 244.8
6 0
7 0
8 0
9 0
9
1 0
2 0
3 0
4 0
5 244.4
6 0
7 0
8 0
9 0
9
1 0
2 0
3 0
4 0
5 0
6 0
7 0
8 0
9 0
9
1 0
2 0
3 0
4 0
5 246.462
6 0
7 0
8 0
9 0
9
1 0
2 0
3 0
4 0
5 246.8
6 0
7 0
8 0
9 0
9
1 0
2 0
3 0
4 0
5 250.909
6 0
7 0
8 0
9 0
9
1 0
2 0
3 0
4 0
5 250.545
6 0
7 0
8 0
9 0
9
1 0
2 0
3 0
4 0
5 252.615
6 0
7 0
8 0
9 0
9
1 0
2 0
3 0
4 0
5 254
6 0
7 0
8 0
9 0
9
1 0
2 0
3 0
4 0
5 253.333
6 0
7 0
8 0
9 0
9
1 0
2 0
3 0
4 0
5 254.462
6 0
7 0
8 0
9 0
9
1 0
2 0
3 0
4 0
5 255.077
6 0
7 0
8 0
9 0
9
1 0
2 0
3 0
4 0
5 255.273
6 0
7 0
8 0
9 0
9
1 0
2 0
3 0
4 0
5 255.333
6 0
7 0
8 0
9 0
9
1 0
2 0
3 0
4 0
5 257.846
6 0
7 0
8 0
9 0
9
1 0
2 0
3 0
4 0
5 258.667
6 0
7 0
8 0
9 0
9
1 0
2 0
3 0
4 0
5 258.182
6 0
7 0
8 0
9 0
9
1 0
2 0
3 0
4 0
5 257
6 0
7 0
8 0
9 0
9
1 0
2 0
3 0
4 0
5 260.308
6 0
7 0
8 0
9 0
9
1 0
2 0
3 0
4 0
5 259.667
6 0
7 0
8 0
9 0
9
1 0
2 0
3 0
4 0
5 260.364
6 0
7 0
8 0
9 0
9
1 0
2 0
3 0
4 0
5 260.615
6 0
7 0
8 0
9 0
9
1 0
2 0
3 0
4 0
5 260.615
6 0
7 0
8 0
9 0
9
1 0
2 0
3 0
4 0
5 259.6
6 0
7 0
8 0
9 0
9
1 0
2 0
3 0
4 0
5 261.333
6 0
7 0
8 0
9 0
9
1 0
2 0
3 0
4 0
5 261.333
6 0
7 0
8 0
9 0
9
1 0
2 0
3 0
4 0
5 259.692
6 0
7 0
8 0
9 0
9
1 0
2 0
3 0
4 0
5 261.333
6 0
7 0
8 0
9 0
9
1 0
2 0
3 0
4 0
5 261.538
6 0
7 0
8 0
9 0
9
1 0
2 0
3 0
4 0
5 259.692
6 0
7 0
8 0
9 0
9
1 0
2 0
3 0
4 0
5 261.455
6 0
7 0
8 0
9 0
9
1 0
2 0
3 0
4 0
5 258.182
6 0
7 0
8 0
9 0
9
1 0
2 0
3 0
4 0
5 258
6 0
7 0
8 0
9 0
9
1 0
2 0
3 0
4 0
5 260.727
6 0
7 0
8 0
9 0
9
1 0
2 0
3 0
4 0
5 257.091
6 0
7 0
8 0
9 0
9
1 0
2 0
3 0
4 0
5 256.4
6 0
7 0
8 0
9 0
9
1 0
2 0
3 0
4 0
5 256
6 0
7 0
8 0
9 0
9
1 0
2 0
3 0
4 0
5 255.667
6 0
7 0
8 0
9 0
9
1 0
2 0
3 0
4 0
5 255.111
6 0
7 0
8 0
9 0
9
1 0
2 0
3 0
4 0
5 254.667
6 0
7 0
8 0
9 0
9
1 0
2 0
3 0
4 0
5 251.077
6 0
7 0
8 0
9 0
9
1 0
2 0
3 0
4 0
5 250.769
6 0
7 0
8 0
9 0
9
1 0
2 0
3 0
4 0
5 248
6 0
7 0
8 0
9 0
9
1 0
2 0
3 0
4 0
5 247.385
6 0
7 0
8 0
9 0
9
1 0
2 0
3 0
4 0
5 244
6 0
7 0
8 0
9 0
9
1 0
2 0
3 0
4 0
5 244.615
6 0
7 0
8 0
9 0
9
1 0
2 0
3 0
4 0
5 244.8
6 0
7 0
8 0
9 0
9
1 0
2 0
3 0
4 0
5 242.667
6 0
7 0
8 0
9 0
9
1 0
2 0
3 0
4 0
5 240.333
6 0
7 0
8 0
9 0
9
1 0
2 0
3 0
4 0
5 238.909
6 0
7 0
8 0
9 0
9
1 0
2 0
3 0
4 0
5 235.6
6 0
7 0
8 0
9 0
9
1 0
2 0
3 0
4 0
5 235.077
6 0
7 0
8 0
9 0
9
1 0
2 0
3 0
4 0
5 231.667
6 0
7 0
8 0
9 0
9
1 0
2 0
3 0
4 0
5 229.818
6 0
7 0
8 0
9 0
9
1 0
2 0
3 0
4 0
5 226.667
6 0
7 0
8 0
9 0
9
1 0
2 0
3 0
4 0
5 225.818
6 0
7 0
8 0
9 0
9
1 0
2 0
3 0
4 0
5 220.923
6 0
7 0
8 0
9 0
9
1 0
2 0
3 0
4 0
5 221.091
6 0
7 0
8 0
9 0
9
1 0
2 0
3 0
4 0
5 218.333
6 0
7 0
8 0
9 0
9
1 0
2 0
3 0
4 0
5 215.333
6 0
7 0
8 0
9 0
9
1 0
2 0
3 0
4 0
5 212.333
6 0
7 0
8 0
9 0
9
1 0
2 0
3 0
4 0
5 209.2
6 0
7 0
8 0
9 0
9
1 0
2 0
3 0
4 0
5 207.385
6 0
7 0
8 0
9 0
9
1 0
2 0
3 0
4 0
5 206.333
6 0
7 0
8 0
9 0
9
1 0
2 0
3 0
4 0
5 201.333
6 0
7 0
8 0
9 0
9
1 0
2 0
3 0
4 0
5 198.545
6 0
7 0
8 0
9 0
9
1 0
2 0
3 0
4 0
5 195.385
6 0
7 0
8 0
9 0
9
1 0
2 0
3 0
4 0
5 190.769
6 0
7 0
8 0
9 0
9
1 0
2 0
3 0
4 0
5 186.182
6 0
7 0
8 0
9 0
9
1 0
2 0
3 0
4 0
5 182.545
6 0
7 0
8 0
9 0
9
1 0
2 0
3 0
4 0
5 180.308
6 0
7 0
8 0
9 0
9
1 0
2 0
3 0
4 0
5 176.364
6 0
7 0
8 0
9 0
9
1 0
2 0
3 0
4 0
5 0
6 0
7 0
8 0
9 0
9
1 0
2 0
3 0
4 0
5 168
6 0
7 0
8 0
9 0
9
1 0
2 0
3 0
4 0
5 163.5
6 0
7 0
8 0
9 0
9
1 0
2 0
3 0
4 0
5 163.556
6 0
7 0
8 0
9 0
9
1 0
2 0
3 0
4 0
5 0
6 0
7 0
8 0
9 0
9
1 0
2 0
3 0
4 0
5 0
6 0
7 0
8 0
9 0
9
1 0
2 0
3 0
4 0
5 0
6 0
7 0
8 0
9 0
9
1 0
2 0
3 0
4 0
5 0
6 0
7 0
8 0
9 0
9
1 0
2 0
3 0
4 0
5 0
6 0
7 0
8 0
9 0
9
1 0
2 0
3 0
4 0
5 0
6 0
7 0
8 0
9 0
9
1 0
2 0
3 0
4 0
5 0
6 0
7 0
8 0
9 0
9
1 0
2 0
3 0
4 0
5 0
6 0
7 0
8 0
9 0
9
1 0
2 0
3 0
4 0
5 0
6 0
7 0
8 0
9 0
9
1 0
2 0
3 0
4 0
5 0
6 0
7 0
8 0
9 0
9
1 0
2 0
3 0
4 0
5 0
6 0
7 0
8 0
9 0
9
1 0
2 0
3 0
4 0
5 0
6 0
7 0
8 0
9 0
9
1 0
2 0
3 0
4 0
5 0
6 0
7 0
8 0
9 0
9
1 0
2 0
3 0
4 0
5 0
6 0
7 0
8 0
9 0
9
1 0
2 0
3 0
4 0
5 0
6 0
7 0
8 0
9 0
9
1 0
2 0
3 0
4 0
5 0
6 0
7 0
8 0
9 0
9
1 0
2 0
3 0
4 0
5 0
6 0
7 0
8 0
9 0
9
1 0
2 0
3 0
4 0
5 0
6 0
7 0
8 0
9 0
9
1 0
2 0
3 0
4 0
5 0
6 0
7 0
8 0
9 0
9
1 0
2 0
3 0
4 0
5 0
6 0
7 0
8 0
9 0
9
1 0
2 0
3 0
4 0
5 0
6 0
7 0
8 0
9 0
9
1 0
2 0
3 0
4 0
5 0
6 0
7 0
8 0
9 0
9
1 148.571
2 0
3 0
4 0
5 0
6 0
7 0
8 0
9 0
9
1 156
2 0
3 0
4 0
5 0
6 0
7 0
8 0
9 0
9
1 157
2 0
3 0
4 0
5 0
6 0
7 0
8 0
9 0
9
1 0
2 0
3 0
4 0
5 0
6 0
7 0
8 0
9 0
9
1 160
2 0
3 0
4 0
5 0
6 0
7 0
8 0
9 0
9
1 161.818
2 0
3 0
4 0
5 0
6 0
7 0
8 0
9 0
9
1 166.4
2 0
3 0
4 0
5 0
6 0
7 0
8 0
9 0
9
1 170
2 0
3 0
4 0
5 0
6 0
7 0
8 0
9 0
9
1 169
2 0
3 0
4 0
5 0
6 0
7 0
8 0
9 0
9
1 172.667
2 0
3 0
4 0
5 0
6 0
7 0
8 0
9 0
9
1 176
2 0
3 0
4 0
5 0
6 0
7 0
8 0
9 0
9
1 177.846
2 0
3 0
4 0
5 0
6 0
7 0
8 0
9 0
9
1 180
2 0
3 0
4 0
5 0
6 0
7 0
8 0
9 0
9
1 182
2 0
3 0
4 0
5 0
6 0
7 0
8 0
9 0
9
1 184.727
2 0
3 0
4 0
5 0
6 0
7 0
8 0
9 0
9
1 187.385
2 0
3 0
4 0
5 0
6 0
7 0
8 0
9 0
9
1 190
2 0
3 0
4 0
5 0
6 0
7 0
8 0
9 0
9
1 192.727
2 0
3 0
4 0
5 0
6 0
7 0
8 0
9 0
9
1 196
2 0
3 0
4 0
5 0
6 0
7 0
8 0
9 0
9
1 197.667
2 0
3 0
4 0
5 0
6 0
7 0
8 0
9 0
9
1 198.909
2 0
3 0
4 0
5 0
6 0
7 0
8 0
9 0
9
1 200.889
2 0
3 0
4 0
5 0
6 0
7 0
8 0
9 0
9
1 201.231
2 0
3 0
4 0
5 0
6 0
7 0
8 0
9 0
9
1 205.818
2 0
3 0
4 0
5 0
6 0
7 0
8 0
9 0
9
1 206.769
2 0
3 0
4 0
5 0
6 0
7 0
8 0
9 0
9
1 209.455
2 0
3 0
4 0
5 0
6 0
7 0
8 0
9 0
9
1 210.462
2 0
3 0
4 0
5 0
6 0
7 0
8 0
9 0
9
1 212
2 0
3 0
4 0
5 0
6 0
7 0
8 0
9 0
9
1 211.273
2 0
3 0
4 0
5 0
6 0
7 0
8 0
9 0
9
1 213.818
2 0
3 0
4 0
5 0
6 0
7 0
8 0
9 0
9
1 212.923
2 0
3 0
4 0
5 0
6 0
7 0
8 0
9 0
9
1 215.385
2 0
3 0
4 0
5 0
6 0
7 0
8 0
9 0
9
1 216.8
2 0
3 0
4 0
5 0
6 0
7 0
8 0
9 0
9
1 218
2 0
3 0
4 0
5 0
6 0
7 0
8 0
9 0
9
1 221.091
2 0
3 0
4 0
5 0
6 0
7 0
8 0
9 0
9
1 220.615
2 0
3 0
4 0
5 0
6 0
7 0
8 0
9 0
9
1 222.909
2 0
3 0
4 0
5 0
6 0
7 0
8 0
9 0
9
1 222.333
2 0
3 0
4 0
5 0
6 0
7 0
8 0
9 0
9
1 223.077
2 0
3 0
4 0
5 0
6 0
7 0
8 0
9 0
9
1 225
2 0
3 0
4 0
5 0
6 0
7 0
8 0
9 0
9
1 226.545
2 0
3 0
4 0
5 0
6 0
7 0
8 0
9 0
9
1 229.231
2 0
3 0
4 0
5 0
6 0
7 0
8 0
9 0
9
1 230
2 0
3 0
4 0
5 0
6 0
7 0
8 0
9 0
9
1 230
2 0
3 0
4 0
5 0
6 0
7 0
8 0
9 0
9
1 229.091
2 0
3 0
4 0
5 0
6 0
7 0
8 0
9 0
9
1 230.667
2 0
3 0
4 0
5 0
6 0
7 0
8 0
9 0
9
1 231.667
2 0
3 0
4 0
5 0
6 0
7 0
8 0
9 0
9
1 231.636
2 0
3 0
4 0
5 0
6 0
7 0
8 0
9 0
9
1 232.4
2 0
3 0
4 0
5 0
6 0
7 0
8 0
9 0
9
1 233.846
2 0
3 0
4 0
5 0
6 0
7 0
8 0
9 0
9
1 234
2 0
3 0
4 0
5 0
6 0
7 0
8 0
9 0
9
1 235.273
2 0
3 0
4 0
5 0
6 0
7 0
8 0
9 0
9
1 234.909
2 0
3 0
4 0
5 0
6 0
7 0
8 0
9 0
9
1 235.692
2 0
3 0
4 0
5 0
6 0
7 0
8 0
9 0
9
1 233.818
2 0
3 0
4 0
5 0
6 0
7 0
8 0
9 0
