9
1 0
2 0
3 0
4 0
5 0
6 0
7 0
8 0
9 292.667
9
1 0
2 0
3 0
4 0
5 0
6 0
7 0
8 0
9 269.5
9
1 0
2 0
3 0
4 0
5 0
6 0
7 0
8 0
9 286.909
9
1 0
2 0
3 0
4 0
5 0
6 0
7 0
8 0
9 284.4
9
1 0
2 0
3 0
4 0
5 0
6 0
7 0
8 0
9 291.333
9
1 0
2 0
3 0
4 0
5 0
6 0
7 0
8 0
9 292
9
1 0
2 0
3 0
4 0
5 0
6 0
7 0
8 0
9 0
9
1 0
2 0
3 0
4 0
5 0
6 0
7 0
8 0
9 289.2
9
1 0
2 0
3 0
4 0
5 0
6 0
7 0
8 0
9 292.444
9
1 0
2 0
3 0
4 0
5 0
6 0
7 0
8 0
9 290.462
9
1 0
2 0
3 0
4 0
5 0
6 0
7 0
8 0
9 291.6
9
1 0
2 0
3 0
4 0
5 0
6 0
7 0
8 0
9 290.909
9
1 0
2 0
3 0
4 0
5 0
6 0
7 0
8 0
9 288.333
9
1 0
2 0
3 0
4 0
5 0
6 0
7 0
8 0
9 290
9
1 0
2 0
3 0
4 0
5 0
6 0
7 0
8 0
9 292.4
9
1 0
2 0
3 0
4 0
5 0
6 0
7 0
8 0
9 290.333
9
1 0
2 0
3 0
4 0
5 0
6 0
7 0
8 0
9 291.667
9
1 0
2 0
3 0
4 0
5 0
6 0
7 0
8 0
9 288.364
9
1 0
2 0
3 0
4 0
5 0
6 0
7 0
8 0
9 285.091
9
1 0
2 0
3 0
4 0
5 0
6 0
7 0
8 0
9 287.111
9
1 0
2 0
3 0
4 0
5 0
6 0
7 0
8 0
9 287.077
9
1 0
2 0
3 0
4 0
5 0
6 0
7 0
8 0
9 287.636
9
1 0
2 0
3 0
4 0
5 0
6 0
7 0
8 0
9 285.667
9
1 0
2 0
3 0
4 0
5 0
6 0
7 0
8 0
9 284
9
1 0
2 0
3 0
4 0
5 0
6 0
7 0
8 0
9 284.308
9
1 0
2 0
3 0
4 0
5 0
6 0
7 0
8 0
9 283.2
9
1 0
2 0
3 0
4 0
5 0
6 0
7 0
8 0
9 283.385
9
1 0
2 0
3 0
4 0
5 0
6 0
7 0
8 0
9 280.333
9
1 0
2 0
3 0
4 0
5 0
6 0
7 0
8 0
9 272
9
1 0
2 0
3 0
4 0
5 0
6 0
7 0
8 0
9 276
9
1 0
2 0
3 0
4 0
5 0
6 0
7 0
8 0
9 276.333
9
1 0
2 0
3 0
4 0
5 0
6 0
7 0
8 0
9 276.923
9
1 0
2 0
3 0
4 0
5 0
6 0
7 0
8 0
9 274.909
9
1 0
2 0
3 0
4 0
5 0
6 0
7 0
8 0
9 272
9
1 0
2 0
3 0
4 0
5 0
6 0
7 0
8 0
9 269.667
9
1 0
2 0
3 0
4 0
5 0
6 0
7 0
8 0
9 266.667
9
1 0
2 0
3 0
4 0
5 0
6 0
7 0
8 0
9 267.2
9
1 0
2 0
3 0
4 0
5 0
6 0
7 0
8 0
9 262.154
9
1 0
2 0
3 0
4 0
5 0
6 0
7 0
8 0
9 259.333
9
1 0
2 0
3 0
4 0
5 0
6 167.429
7 0
8 0
9 258.182
9
1 0
2 0
3 0
4 0
5 0
6 0
7 0
8 0
9 254.545
9
1 0
2 0
3 0
4 0
5 0
6 0
7 0
8 0
9 253.667
9
1 0
2 0
3 0
4 0
5 0
6 169.714
7 0
8 0
9 250.462
9
1 0
2 0
3 0
4 0
5 0
6 0
7 0
8 0
9 249.455
9
1 0
2 0
3 0
4 0
5 0
6 174.667
7 0
8 0
9 245.818
9
1 0
2 0
3 0
4 0
5 0
6 172.571
7 0
8 0
9 243.692
9
1 0
2 0
3 0
4 0
5 0
6 0
7 0
8 0
9 239.385
9
1 0
2 0
3 0
4 0
5 0
6 173.455
7 0
8 0
9 234.545
9
1 0
2 0
3 0
4 0
5 0
6 178.5
7 0
8 0
9 233
9
1 0
2 0
3 0
4 0
5 0
6 176.444
7 0
8 0
9 227.333
9
1 0
2 0
3 0
4 0
5 0
6 176
7 0
8 0
9 225.538
9
1 0
2 0
3 0
4 0
5 0
6 180
7 0
8 0
9 225.778
9
1 0
2 0
3 0
4 0
5 0
6 177.5
7 0
8 0
9 224.615
9
1 0
2 0
3 0
4 0
5 0
6 180.5
7 0
8 0
9 220.308
9
1 0
2 0
3 0
4 0
5 0
6 183.556
7 0
8 0
9 212.923
9
1 0
2 0
3 0
4 0
5 146.857
6 184
7 0
8 0
9 207.2
9
1 0
2 0
3 0
4 0
5 0
6 184.571
7 0
8 0
9 205.091
9
1 0
2 0
3 0
4 0
5 156
6 184.444
7 0
8 0
9 199.333
9
1 0
2 0
3 0
4 0
5 157.143
6 185
7 0
8 0
9 195.6
9
1 0
2 0
3 0
4 0
5 158.8
6 184.889
7 0
8 0
9 193.2
9
1 0
2 0
3 0
4 0
5 161.714
6 185.714
7 0
8 0
9 190.462
9
1 0
2 0
3 0
4 0
5 166
6 184
7 0
8 0
9 187
9
1 0
2 0
3 0
4 0
5 168.4
6 183.6
7 0
8 0
9 183.636
9
1 0
2 0
3 0
4 0
5 170.8
6 0
7 0
8 0
9 180.571
9
1 0
2 0
3 0
4 0
5 175.636
6 189.143
7 0
8 0
9 179.111
9
1 0
2 0
3 0
4 0
5 175.667
6 186.909
7 0
8 0
9 171
9
1 0
2 0
3 0
4 0
5 179.636
6 189.333
7 0
8 0
9 0
9
1 0
2 0
3 0
4 0
5 184.667
6 0
7 0
8 0
9 0
9
1 0
2 0
3 0
4 0
5 185.6
6 187.5
7 0
8 0
9 0
9
1 0
2 0
3 0
4 0
5 190
6 188.5
7 0
8 0
9 0
9
1 0
2 0
3 0
4 0
5 190.462
6 189.333
7 0
8 0
9 158.286
9
1 0
2 0
3 0
4 0
5 191.6
6 191
7 0
8 0
9 0
9
1 0
2 0
3 0
4 0
5 193.2
6 187
7 0
8 0
9 0
9
1 0
2 0
3 0
4 0
5 199.273
6 186.222
7 0
8 0
9 0
9
1 0
2 0
3 0
4 0
5 203.692
6 188.889
7 0
8 0
9 0
9
1 0
2 0
3 0
4 0
5 204
6 190.909
7 0
8 0
9 0
9
1 0
2 0
3 0
4 0
5 205.455
6 191.273
7 0
8 0
9 0
9
1 0
2 0
3 0
4 0
5 206.333
6 0
7 0
8 0
9 0
9
1 0
2 0
3 0
4 0
5 209.538
6 0
7 0
8 0
9 0
9
1 0
2 0
3 0
4 0
5 212.727
6 0
7 0
8 0
9 0
9
1 0
2 0
3 0
4 0
5 213.6
6 183.5
7 0
8 0
9 0
9
1 0
2 0
3 0
4 0
5 215.077
6 0
7 0
8 0
9 0
9
1 0
2 0
3 0
4 0
5 219.385
6 0
7 0
8 0
9 0
9
1 0
2 0
3 0
4 0
5 221.455
6 0
7 0
8 0
9 0
9
1 0
2 0
3 0
4 0
5 226
6 0
7 0
8 0
9 0
9
1 0
2 0
3 0
4 0
5 227.385
6 0
7 0
8 0
9 0
9
1 0
2 0
3 0
4 0
5 229.818
6 0
7 0
8 0
9 0
9
1 0
2 0
3 0
4 0
5 231.273
6 0
7 0
8 0
9 0
9
1 0
2 0
3 0
4 0
5 233.2
6 0
7 0
8 0
9 0
9
1 0
2 0
3 0
4 0
5 233.538
6 0
7 0
8 0
9 0
9
1 0
2 0
3 0
4 0
5 233.6
6 0
7 0
8 0
9 0
9
1 0
2 0
3 0
4 0
5 239
6 0
7 0
8 0
9 0
9
1 0
2 0
3 0
4 0
5 237.667
6 0
7 0
8 0
9 0
9
1 0
2 0
3 0
4 0
5 241.231
6 0
7 0
8 0
9 0
9
1 0
2 0
3 0
4 0
5 244
6 0
7 0
8 0
9 0
9
1 0
2 0
3 0
4 0
5 243.667
6 0
7 0
8 0
9 0
9
1 0
2 0
3 0
4 0
5 244.615
6 0
7 0
8 0
9 0
9
1 0
2 0
3 0
4 0
5 246
6 0
7 0
8 0
9 0
9
1 0
2 0
3 0
4 0
5 246.8
6 0
7 0
8 0
9 0
9
1 0
2 0
3 0
4 0
5 248
6 0
7 0
8 0
9 0
9
1 0
2 0
3 0
4 0
5 248
6 0
7 0
8 0
9 0
9
1 0
2 0
3 0
4 0
5 249.6
6 0
7 0
8 0
9 0
9
1 0
2 0
3 0
4 0
5 252.4
6 0
7 0
8 0
9 0
9
1 0
2 0
3 0
4 0
5 251.333
6 0
7 0
8 0
9 0
9
1 0
2 0
3 0
4 0
5 251.692
6 0
7 0
8 0
9 0
9
1 0
2 0
3 0
4 0
5 250.8
6 0
7 0
8 0
9 0
9
1 0
2 0
3 0
4 0
5 256
6 0
7 0
8 0
9 0
9
1 0
2 0
3 0
4 0
5 256.667
6 0
7 0
8 0
9 0
9
1 0
2 0
3 0
4 0
5 254.462
6 0
7 0
8 0
9 0
9
1 0
2 0
3 0
4 0
5 256.364
6 0
7 0
8 0
9 0
9
1 0
2 0
3 0
4 0
5 255.692
6 0
7 0
8 0
9 0
9
1 0
2 0
3 0
4 0
5 254.769
6 0
7 0
8 0
9 0
9
1 0
2 0
3 0
4 0
5 254.182
6 0
7 0
8 0
9 0
9
1 0
2 0
3 0
4 0
5 257.333
6 0
7 0
8 0
9 0
9
1 0
2 0
3 0
4 0
5 257.538
6 0
7 0
8 0
9 0
9
1 0
2 0
3 0
4 0
5 257.538
6 0
7 0
8 0
9 0
9
1 0
2 0
3 0
4 0
5 259.333
6 0
7 0
8 0
9 0
9
1 0
2 0
3 0
4 0
5 258.8
6 0
7 0
8 0
9 0
9
1 0
2 0
3 0
4 0
5 260
6 0
7 0
8 0
9 0
9
1 0
2 0
3 0
4 0
5 261.846
6 0
7 0
8 0
9 0
9
1 0
2 0
3 0
4 0
5 261.6
6 0
7 0
8 0
9 0
9
1 0
2 0
3 0
4 0
5 260.727
6 0
7 0
8 0
9 0
9
1 0
2 0
3 0
4 0
5 262.154
6 0
7 0
8 0
9 0
9
1 0
2 0
3 0
4 0
5 262.333
6 0
7 0
8 0
9 0
9
1 0
2 0
3 0
4 0
5 262.182
6 0
7 0
8 0
9 0
9
1 0
2 0
3 0
4 0
5 261.846
6 0
7 0
8 0
9 0
9
1 0
2 0
3 0
4 0
5 261.231
6 0
7 0
8 0
9 0
9
1 0
2 0
3 0
4 0
5 260
6 0
7 0
8 0
9 0
9
1 0
2 0
3 0
4 0
5 260.8
6 0
7 0
8 0
9 0
9
1 0
2 0
3 0
4 0
5 260.333
6 0
7 0
8 0
9 0
9
1 0
2 0
3 0
4 0
5 260.308
6 0
7 0
8 0
9 0
9
1 0
2 0
3 0
4 0
5 258.4
6 0
7 0
8 0
9 0
9
1 0
2 0
3 0
4 0
5 260
6 0
7 0
8 0
9 0
9
1 0
2 0
3 0
4 0
5 259.385
6 0
7 0
8 0
9 0
9
1 0
2 0
3 0
4 0
5 257.846
6 0
7 0
8 0
9 0
9
1 0
2 0
3 0
4 0
5 258.667
6 0
7 0
8 0
9 0
9
1 0
2 0
3 0
4 0
5 258.545
6 0
7 0
8 0
9 0
9
1 0
2 0
3 0
4 0
5 257.538
6 0
7 0
8 0
9 0
9
1 0
2 0
3 0
4 0
5 256
6 0
7 0
8 0
9 0
9
1 0
2 0
3 0
4 0
5 254.545
6 0
7 0
8 0
9 0
9
1 0
2 0
3 0
4 0
5 254.909
6 0
7 0
8 0
9 0
9
1 0
2 0
3 0
4 0
5 253.714
6 0
7 0
8 0
9 0
9
1 0
2 0
3 0
4 0
5 244
6 0
7 0
8 0
9 0
9
1 0
2 0
3 0
4 0
5 249.818
6 0
7 0
8 0
9 0
9
1 0
2 0
3 0
4 0
5 250.5
6 0
7 0
8 0
9 0
9
1 0
2 0
3 0
4 0
5 0
6 0
7 0
8 0
9 0
9
1 0
2 0
3 0
4 0
5 0
6 0
7 0
8 0
9 0
9
1 0
2 0
3 0
4 0
5 0
6 0
7 0
8 0
9 0
9
1 0
2 0
3 0
4 0
5 245.455
6 0
7 0
8 0
9 0
9
1 0
2 0
3 0
4 0
5 0
6 0
7 0
8 0
9 0
9
1 0
2 0
3 0
4 0
5 0
6 0
7 0
8 0
9 0
9
1 0
2 0
3 0
4 0
5 0
6 0
7 0
8 0
9 0
9
1 0
2 0
3 0
4 0
5 0
6 0
7 0
8 0
9 0
9
1 0
2 0
3 0
4 0
5 236.615
6 0
7 0
8 0
9 0
9
1 0
2 0
3 0
4 0
5 236.727
6 0
7 0
8 0
9 0
9
1 0
2 0
3 0
4 0
5 234.333
6 0
7 0
8 0
9 0
9
1 0
2 0
3 0
4 0
5 234
6 0
7 0
8 0
9 0
9
1 0
2 0
3 0
4 0
5 0
6 0
7 0
8 0
9 0
9
1 0
2 0
3 0
4 0
5 0
6 0
7 0
8 0
9 0
9
1 0
2 0
3 0
4 0
5 219.333
6 0
7 0
8 0
9 0
9
1 0
2 0
3 0
4 0
5 223.667
6 0
7 0
8 0
9 0
9
1 0
2 0
3 0
4 0
5 0
6 0
7 0
8 0
9 0
9
1 0
2 0
3 0
4 0
5 0
6 0
7 0
8 0
9 0
9
1 0
2 0
3 0
4 0
5 218.545
6 0
7 0
8 0
9 0
9
1 0
2 0
3 0
4 0
5 0
6 0
7 0
8 0
9 0
9
1 0
2 0
3 0
4 0
5 208.8
6 0
7 0
8 0
9 0
9
1 0
2 0
3 0
4 0
5 0
6 0
7 0
8 0
9 0
9
1 0
2 0
3 0
4 0
5 0
6 0
7 0
8 0
9 0
9
1 0
2 0
3 0
4 0
5 0
6 0
7 0
8 0
9 0
9
1 0
2 0
3 0
4 0
5 0
6 0
7 0
8 0
9 0
9
1 0
2 0
3 0
4 0
5 0
6 0
7 0
8 0
9 0
9
1 0
2 0
3 0
4 0
5 202.769
6 0
7 0
8 0
9 0
9
1 0
2 0
3 0
4 0
5 0
6 0
7 0
8 0
9 0
9
1 0
2 0
3 0
4 0
5 195.429
6 0
7 0
8 0
9 0
9
1 0
2 0
3 0
4 0
5 0
6 0
7 0
8 0
9 0
9
1 0
2 0
3 0
4 0
5 0
6 0
7 0
8 0
9 0
9
1 0
2 0
3 0
4 0
5 0
6 0
7 0
8 0
9 0
9
1 0
2 0
3 0
4 0
5 0
6 0
7 0
8 0
9 0
9
1 0
2 0
3 0
4 0
5 0
6 0
7 0
8 0
9 0
9
1 0
2 0
3 0
4 0
5 0
6 0
7 0
8 0
9 0
9
1 0
2 0
3 0
4 0
5 0
6 0
7 0
8 0
9 0
9
1 0
2 0
3 0
4 0
5 0
6 0
7 0
8 0
9 0
9
1 0
2 0
3 0
4 0
5 0
6 0
7 0
8 0
9 0
9
1 0
2 0
3 0
4 0
5 0
6 0
7 0
8 0
9 0
9
1 0
2 0
3 0
4 0
5 0
6 0
7 0
8 0
9 0
9
1 0
2 0
3 0
4 0
5 0
6 0
7 0
8 0
9 0
9
1 0
2 0
3 0
4 0
5 0
6 0
7 0
8 0
9 0
9
1 0
2 0
3 0
4 0
5 173.778
6 0
7 0
8 0
9 0
9
1 0
2 0
3 0
4 0
5 170.667
6 0
7 0
8 0
9 0
9
1 0
2 0
3 0
4 0
5 164
6 0
7 0
8 0
9 0
9
1 0
2 0
3 0
4 0
5 164
6 0
7 0
8 0
9 0
9
1 0
2 0
3 0
4 0
5 160
6 0
7 0
8 0
9 0
9
1 0
2 0
3 0
4 0
5 0
6 0
7 0
8 0
9 0
9
1 0
2 0
3 0
4 0
5 0
6 0
7 0
8 0
9 0
9
1 0
2 0
3 0
4 0
5 0
6 0
7 0
8 0
9 0
9
1 0
2 0
3 0
4 0
5 0
6 0
7 0
8 0
9 0
9
1 0
2 0
3 0
4 0
5 0
6 0
7 0
8 0
9 0
9
1 0
2 0
3 0
4 0
5 0
6 0
7 0
8 0
9 0
9
1 0
2 0
3 0
4 0
5 0
6 0
7 0
8 0
9 0
9
1 0
2 0
3 0
4 0
5 0
6 0
7 0
8 0
9 0
9
1 0
2 0
3 0
4 0
5 0
6 0
7 0
8 0
9 0
9
1 0
2 0
3 0
4 0
5 0
6 0
7 0
8 0
9 0
9
1 0
2 0
3 0
4 0
5 0
6 0
7 0
8 0
9 0
9
1 0
2 0
3 0
4 0
5 0
6 0
7 0
8 0
9 0
9
1 0
2 0
3 0
4 0
5 0
6 0
7 0
8 0
9 0
9
1 0
2 0
3 0
4 0
5 0
6 0
7 0
8 0
9 0
9
1 0
2 0
3 0
4 0
5 0
6 0
7 0
8 0
9 0
9
1 0
2 0
3 0
4 0
5 0
6 0
7 0
8 0
9 0
9
1 0
2 0
3 0
4 0
5 0
6 0
7 0
8 0
9 0
9
1 0
2 0
3 0
4 0
5 0
6 0
7 0
8 0
9 0
9
1 0
2 0
3 0
4 0
5 0
6 0
7 0
8 0
9 0
9
1 0
2 0
3 0
4 0
5 0
6 0
7 0
8 0
9 0
9
1 0
2 0
3 0
4 0
5 0
6 0
7 0
8 0
9 0
9
1 0
2 164
3 0
4 0
5 0
6 0
7 0
8 0
9 0
9
1 0
2 0
3 0
4 0
5 0
6 0
7 0
8 0
9 0
9
1 0
2 0
3 0
4 0
5 0
6 0
7 0
8 0
9 0
9
1 0
2 0
3 0
4 0
5 0
6 0
7 0
8 0
9 0
9
1 0
2 0
3 0
4 0
5 0
6 0
7 0
8 0
9 0
9
1 0
2 0
3 0
4 0
5 0
6 0
7 0
8 0
9 0
9
1 0
2 0
3 0
4 0
5 0
6 0
7 0
8 0
9 0
9
1 0
2 172.444
3 0
4 0
5 0
6 0
7 0
8 0
9 0
9
1 0
2 0
3 0
4 0
5 0
6 0
7 0
8 0
9 0
9
1 0
2 0
3 0
4 0
5 0
6 0
7 0
8 0
9 0
9
1 0
2 171.429
3 0
4 0
5 0
6 0
7 0
8 0
9 0
9
1 0
2 171.5
3 0
4 0
5 0
6 0
7 0
8 0
9 0
9
1 158
2 176
3 0
4 0
5 0
6 0
7 0
8 0
9 0
9
1 160.444
2 175.5
3 0
4 0
5 0
6 0
7 0
8 0
9 0
9
1 164
2 176
3 0
4 0
5 0
6 0
7 0
8 0
9 0
9
1 167.111
2 0
3 0
4 0
5 0
6 0
7 0
8 0
9 0
9
1 171
2 172.889
3 0
4 0
5 0
6 0
7 0
8 0
9 0
9
1 169.2
2 177.5
3 0
4 0
5 0
6 0
7 0
8 0
9 0
9
1 171.5
2 0
3 0
4 0
5 0
6 0
7 0
8 0
9 0
9
1 175.636
2 180
3 0
4 0
5 0
6 0
7 0
8 0
9 0
9
1 177.846
2 174.5
3 0
4 0
5 0
6 0
7 0
8 0
9 0
9
1 178.769
2 180.444
3 0
4 0
5 0
6 0
7 0
8 0
9 0
9
1 180.889
2 0
3 0
4 0
5 0
6 0
7 0
8 0
9 0
9
1 180.667
2 178.667
3 0
4 0
5 0
6 0
7 0
8 0
9 0
9
1 181.333
2 176.444
3 0
4 0
5 0
6 0
7 0
8 0
9 0
9
1 184.333
2 0
3 0
4 0
5 0
6 0
7 0
8 0
9 0
9
1 188.444
2 0
3 0
4 0
5 0
6 0
7 0
8 0
9 0
9
1 186
2 174.857
3 0
4 0
5 0
6 0
7 0
8 0
9 0
9
1 190.8
2 0
3 0
4 0
5 0
6 0
7 0
8 0
9 0
9
1 193.091
2 176.571
3 0
4 0
5 0
6 0
7 0
8 0
9 0
9
1 194
2 187.5
3 0
4 0
5 0
6 0
7 0
8 0
9 0
9
1 197.231
2 179.429
3 0
4 0
5 0
6 0
7 0
8 0
9 0
9
1 197.846
2 0
3 0
4 0
5 0
6 0
7 0
8 0
9 0
9
1 199.636
2 0
3 0
4 0
5 0
6 0
7 0
8 0
9 0
9
1 201.6
2 0
3 0
4 0
5 0
6 0
7 0
8 0
9 0
9
1 203.077
2 0
3 0
4 0
5 0
6 0
7 0
8 0
9 0
9
1 206
2 0
3 0
4 0
5 0
6 0
7 0
8 0
9 0
9
1 208.444
2 0
3 0
4 0
5 0
6 0
7 0
8 0
9 0
9
1 208
2 0
3 0
4 0
5 0
6 0
7 0
8 0
9 0
9
1 211.333
2 0
3 0
4 0
5 0
6 0
7 0
8 0
9 0
9
1 211.111
2 0
3 0
4 0
5 0
6 0
7 0
8 0
9 0
9
1 0
2 0
3 0
4 0
5 0
6 0
7 0
8 0
9 0
9
1 215.385
2 0
3 0
4 0
5 0
6 0
7 0
8 0
9 0
9
1 210.909
2 0
3 0
4 0
5 0
6 0
7 0
8 0
9 0
9
1 213.5
2 0
3 0
4 0
5 0
6 0
7 0
8 0
9 0
9
1 216.8
2 0
3 0
4 0
5 0
6 0
7 0
8 0
9 0
9
1 220.308
2 0
3 0
4 0
5 0
6 0
7 0
8 0
9 0
9
1 219.077
2 0
3 0
4 0
5 0
6 0
7 0
8 0
9 0
9
1 222.4
2 0
3 0
4 0
5 0
6 0
7 0
8 0
9 0
9
1 214.4
2 0
3 0
4 0
5 0
6 0
7 0
8 0
9 0
9
1 223
2 0
3 0
4 0
5 0
6 0
7 0
8 0
9 0
9
1 225
2 0
3 0
4 0
5 0
6 0
7 0
8 0
9 0
9
1 228
2 0
3 0
4 0
5 0
6 0
7 0
8 0
9 0
9
1 227.6
2 0
3 0
4 0
5 0
6 0
7 0
8 0
9 0
9
1 225.333
2 0
3 0
4 0
5 0
6 0
7 0
8 0
9 0
9
1 0
2 0
3 0
4 0
5 0
6 0
7 0
8 0
9 0
9
1 227.2
2 0
3 0
4 0
5 0
6 0
7 0
8 0
9 0
9
1 229.231
2 0
3 0
4 0
5 0
6 0
7 0
8 0
9 0
9
1 228
2 0
3 0
4 0
5 0
6 0
7 0
8 0
9 0
9
1 0
2 0
3 0
4 0
5 0
6 0
7 0
8 0
9 0
9
1 226.909
2 0
3 0
4 0
5 0
6 0
7 0
8 0
9 0
9
1 230.8
2 0
3 0
4 0
5 0
6 0
7 0
8 0
9 0
9
1 231.2
2 0
3 0
4 0
5 0
6 0
7 0
8 0
9 0
9
1 228.8
2 0
3 0
4 0
5 0
6 0
7 0
8 0
9 0
9
1 230.182
2 0
3 0
4 0
5 0
6 0
7 0
8 0
9 0
9
1 230.909
2 0
3 0
4 0
5 0
6 0
7 0
8 0
9 0
9
1 232.923
2 0
3 0
4 0
5 0
6 0
7 0
8 0
9 0
9
1 225.091
2 0
3 0
4 0
5 0
6 0
7 0
8 0
9 0
9
1 224
2 0
3 0
4 0
5 0
6 0
7 0
8 0
9 0
9
1 0
2 0
3 0
4 0
5 0
6 0
7 0
8 0
9 0
9
1 0
2 0
3 0
4 0
5 0
6 0
7 0
8 0
9 0
9
1 0
2 0
3 0
4 0
5 0
6 0
7 0
8 0
9 0
9
1 0
2 0
3 0
4 0
5 0
6 0
7 0
8 0
9 0
9
1 0
2 0
3 0
4 0
5 0
6 0
7 0
8 0
9 0
