9
1 0
2 0
3 0
4 0
5 136.8
6 191.36
7 0
8 107.368
9 225.778
9
1 0
2 0
3 0
4 0
5 137.429
6 189.333
7 0
8 109.111
9 225.6
9
1 0
2 0
3 0
4 0
5 141.429
6 193.12
7 0
8 108.571
9 219.704
9
1 0
2 0
3 0
4 0
5 147.733
6 195.68
7 0
8 107.368
9 211
9
1 0
2 0
3 0
4 0
5 151.556
6 194.615
7 0
8 109
9 206.769
9
1 0
2 0
3 0
4 0
5 159.294
6 196.32
7 0
8 108.444
9 197.12
9
1 0
2 0
3 0
4 0
5 164.222
6 197.63
7 0
8 108.952
9 188.96
9
1 0
2 0
3 0
4 0
5 172.941
6 196.64
7 0
8 110.095
9 182.667
9
1 0
2 0
3 0
4 0
5 179.2
6 200
7 0
8 106.889
9 175.36
9
1 0
2 0
3 64.6667
4 0
5 187.5
6 199.52
7 0
8 106.286
9 166.222
9
1 0
2 0
3 60.4444
4 0
5 194.444
6 200.96
7 0
8 104
9 158.56
9
1 0
2 0
3 62.5
4 0
5 202.526
6 200.593
7 0
8 104.667
9 152.16
9
1 0
2 0
3 0
4 0
5 209.111
6 199.52
7 0
8 101.333
9 146.154
9
1 0
2 0
3 65
4 0
5 217.474
6 198.222
7 0
8 100.889
9 139.667
9
1 0
2 0
3 67
4 0
5 221.176
6 197.44
7 0
8 100.522
9 134.154
9
1 0
2 0
3 68.7273
4 0
5 224.952
6 196.16
7 0
8 99.2
9 129.6
9
1 0
2 0
3 72
4 0
5 232.444
6 195.538
7 0
8 97.3333
9 122.435
9
1 0
2 0
3 75.4286
4 0
5 239.111
6 194.72
7 0
8 94.1333
9 113.333
9
1 0
2 0
3 78.9091
4 0
5 246.737
6 189.481
7 0
8 91
9 106.2
9
1 0
2 0
3 83.2941
4 0
5 250.667
6 185.6
7 0
8 86.2222
9 98.5455
9
1 0
2 0
3 86.6667
4 0
5 257.176
6 182.222
7 0
8 83.0588
9 90
9
1 0
2 0
3 90
4 0
5 259.579
6 176.32
7 0
8 82.1818
9 82.4444
9
1 0
2 0
3 92.4444
4 0
5 263.6
6 173.6
7 0
8 77.5556
9 75.8
9
1 0
2 54.2857
3 96
4 0
5 266.364
6 166.37
7 0
8 73.8667
9 71.7778
9
1 0
2 55.2727
3 98.6667
4 0
5 264.182
6 162.24
7 0
8 73.3333
9 66
9
1 0
2 57.1429
3 100.211
4 0
5 264.64
6 157.481
7 0
8 70.6667
9 62.7692
9
1 0
2 60
3 100.222
4 0
5 265
6 155.84
7 0
8 67.8095
9 58.4615
9
1 0
2 65.3333
3 103.619
4 0
5 265.143
6 149.92
7 0
8 64.8571
9 0
9
1 0
2 70.5714
3 104
4 0
5 261.684
6 144
7 0
8 63.0769
9 59.1111
9
1 0
2 73.3333
3 107.652
4 0
5 258.6
6 137.28
7 0
8 56.6316
9 0
9
1 0
2 82.5714
3 108.909
4 0
5 255.407
6 131.852
7 0
8 54.3333
9 49.3333
9
1 0
2 84.4444
3 107.52
4 0
5 252.174
6 127.84
7 0
8 56.8
9 0
9
1 0
2 87.4667
3 109.92
4 0
5 250.087
6 124.64
7 0
8 52.5
9 0
9
1 53.2
2 92.2857
3 109.92
4 57
5 245.091
6 120.48
7 0
8 50.2222
9 0
9
1 55.1111
2 95.2
3 108.615
4 57.8182
5 240.545
6 116.667
7 0
8 54.5
9 0
9
1 55.3333
2 101.565
3 109.92
4 59.6364
5 234.435
6 111.833
7 0
8 0
9 0
9
1 64.4
2 106.316
3 108.444
4 67
5 227.091
6 106.476
7 0
8 0
9 0
9
1 69.6
2 110.833
3 108.8
4 66.5263
5 220.154
6 102.476
7 0
8 0
9 0
9
1 70.5455
2 116.348
3 107.84
4 67.7778
5 214.5
6 98.8889
7 0
8 0
9 0
9
1 73.2
2 120.727
3 107.259
4 67.2381
5 204
6 92.8421
7 0
8 0
9 0
9
1 76.8
2 125
3 104.64
4 71.2727
5 197.636
6 89.75
7 0
8 0
9 0
9
1 79.2727
2 127.84
3 104.444
4 72.64
5 191.2
6 84.2667
7 0
8 0
9 0
9
1 85.6
2 132.5
3 103.84
4 74.087
5 183.231
6 80.6667
7 0
8 0
9 0
9
1 89.0667
2 136
3 102.08
4 74.1818
5 180
6 78
7 0
8 0
9 0
9
1 90.6667
2 137.76
3 100.8
4 75.2593
5 178.308
6 74.9091
7 0
8 0
9 0
9
1 90.4
2 139.36
3 102.4
4 76
5 175.2
6 74
7 0
8 0
9 0
9
1 94.4615
2 140.923
3 100
4 77.6296
5 171.167
6 75.3333
7 0
8 0
9 0
9
1 97.2308
2 143.04
3 99.52
4 78.56
5 167.84
6 72.7273
7 0
8 0
9 0
9
1 99.4286
2 144.714
3 98.1538
4 80.8333
5 159.68
6 67.6
7 0
8 0
9 0
9
1 108.941
2 150.615
3 96.1667
4 81.8462
5 149.926
6 62
7 0
8 0
9 0
9
1 117
2 157.12
3 93.6667
4 86.24
5 142
6 59.4286
7 0
8 0
9 0
9
1 118.667
2 159.2
3 93.6
4 86.3077
5 137.333
6 0
7 0
8 0
9 0
9
1 122.667
2 162.88
3 91.1667
4 86.88
5 133.76
6 55.5556
7 0
8 0
9 0
9
1 130.133
2 162.429
3 86.72
4 88
5 127.52
6 0
7 0
8 0
9 0
9
1 137.067
2 164.923
3 85.6842
4 89.3846
5 122.222
6 0
7 0
8 0
9 0
9
1 139
2 172.308
3 84
4 90.88
5 115.84
6 0
7 0
8 0
9 0
9
1 150.25
2 174.4
3 81.8667
4 91.1111
5 109.63
6 0
7 0
8 0
9 0
9
1 152
2 177.76
3 80.3333
4 91.84
5 106.08
6 0
7 0
8 0
9 0
9
1 162.286
2 175.143
3 79.3846
4 92.16
5 103.04
6 0
7 0
8 0
9 0
9
1 165.6
2 180
3 75.6364
4 94.24
5 97.92
6 0
7 0
8 0
9 0
9
1 166.857
2 178.815
3 78.1818
4 94.4
5 97.44
6 0
7 0
8 0
9 0
