9
1 0
2 0
3 0
4 0
5 0
6 0
7 0
8 0
9 293.538
9
1 0
2 0
3 0
4 0
5 0
6 0
7 0
8 0
9 295.273
9
1 0
2 0
3 0
4 0
5 0
6 0
7 0
8 0
9 293.538
9
1 0
2 0
3 0
4 0
5 0
6 0
7 0
8 0
9 293.818
9
1 0
2 0
3 0
4 0
5 0
6 0
7 0
8 0
9 295.273
9
1 0
2 0
3 0
4 0
5 0
6 0
7 0
8 0
9 293.455
9
1 0
2 0
3 0
4 0
5 0
6 0
7 0
8 0
9 292.333
9
1 0
2 0
3 0
4 0
5 0
6 0
7 0
8 0
9 296.333
9
1 0
2 0
3 0
4 0
5 0
6 0
7 0
8 0
9 296
9
1 0
2 0
3 0
4 0
5 0
6 0
7 0
8 0
9 292.333
9
1 0
2 0
3 0
4 0
5 0
6 0
7 0
8 0
9 292.364
9
1 0
2 0
3 0
4 0
5 0
6 0
7 0
8 0
9 295.077
9
1 0
2 0
3 0
4 0
5 0
6 0
7 0
8 0
9 294
9
1 0
2 0
3 0
4 0
5 0
6 0
7 0
8 0
9 293.538
9
1 0
2 0
3 0
4 0
5 0
6 0
7 0
8 0
9 296.333
9
1 0
2 0
3 0
4 0
5 0
6 0
7 0
8 0
9 295
9
1 0
2 0
3 0
4 0
5 0
6 0
7 0
8 0
9 293.818
9
1 0
2 0
3 0
4 0
5 0
6 0
7 0
8 0
9 291.385
9
1 0
2 0
3 0
4 0
5 0
6 0
7 0
8 0
9 293.333
9
1 0
2 0
3 0
4 0
5 0
6 0
7 0
8 0
9 293.333
9
1 0
2 0
3 0
4 0
5 0
6 0
7 0
8 0
9 292
9
1 0
2 0
3 0
4 0
5 0
6 0
7 0
8 0
9 292.333
9
1 0
2 0
3 0
4 0
5 0
6 0
7 0
8 0
9 292.308
9
1 0
2 0
3 0
4 0
5 0
6 0
7 0
8 0
9 290.909
9
1 0
2 0
3 0
4 0
5 0
6 0
7 0
8 0
9 291.6
9
1 0
2 0
3 0
4 0
5 0
6 0
7 0
8 0
9 291.6
9
1 0
2 0
3 0
4 0
5 0
6 0
7 0
8 0
9 292.667
9
1 0
2 0
3 0
4 0
5 0
6 0
7 0
8 0
9 293.455
9
1 0
2 0
3 0
4 0
5 0
6 0
7 0
8 0
9 290.769
9
1 0
2 0
3 0
4 0
5 0
6 0
7 0
8 0
9 293.333
9
1 0
2 0
3 0
4 0
5 0
6 0
7 0
8 0
9 290.667
9
1 0
2 0
3 0
4 0
5 0
6 0
7 0
8 0
9 292
9
1 0
2 0
3 0
4 0
5 0
6 0
7 0
8 0
9 290.8
9
1 0
2 0
3 0
4 0
5 0
6 0
7 0
8 0
9 290
9
1 0
2 0
3 0
4 0
5 0
6 0
7 0
8 0
9 289.2
9
1 0
2 0
3 0
4 0
5 0
6 0
7 0
8 0
9 289.818
9
1 0
2 0
3 0
4 0
5 0
6 0
7 0
8 0
9 290
9
1 0
2 0
3 0
4 0
5 0
6 0
7 0
8 0
9 289
9
1 0
2 0
3 0
4 0
5 0
6 0
7 0
8 0
9 290
9
1 0
2 0
3 0
4 0
5 0
6 0
7 0
8 0
9 289.333
9
1 0
2 0
3 0
4 0
5 0
6 0
7 0
8 0
9 287.667
9
1 0
2 0
3 0
4 0
5 0
6 0
7 0
8 0
9 288.923
9
1 0
2 0
3 0
4 0
5 0
6 0
7 0
8 0
9 287.556
9
1 0
2 0
3 0
4 0
5 0
6 0
7 0
8 0
9 286.667
9
1 0
2 0
3 0
4 0
5 0
6 0
7 0
8 0
9 287.077
9
1 0
2 0
3 0
4 0
5 0
6 0
7 0
8 0
9 287.077
9
1 0
2 0
3 0
4 0
5 0
6 0
7 0
8 0
9 284.727
9
1 0
2 0
3 0
4 0
5 0
6 0
7 0
8 0
9 285.818
9
1 0
2 0
3 0
4 0
5 0
6 0
7 0
8 0
9 282.333
9
1 0
2 0
3 0
4 0
5 0
6 0
7 0
8 0
9 285.455
9
1 0
2 0
3 0
4 0
5 0
6 0
7 0
8 0
9 284
9
1 0
2 0
3 0
4 0
5 0
6 0
7 0
8 0
9 280
9
1 0
2 0
3 0
4 0
5 0
6 0
7 0
8 0
9 283
9
1 0
2 0
3 0
4 0
5 0
6 0
7 0
8 0
9 281.091
9
1 0
2 0
3 0
4 0
5 0
6 0
7 0
8 0
9 280
9
1 0
2 0
3 0
4 0
5 0
6 0
7 0
8 0
9 278.545
9
1 0
2 0
3 0
4 0
5 0
6 0
7 0
8 0
9 279
9
1 0
2 0
3 0
4 0
5 0
6 0
7 0
8 0
9 276
9
1 0
2 0
3 0
4 0
5 0
6 0
7 0
8 0
9 274.545
9
1 0
2 0
3 0
4 0
5 0
6 0
7 0
8 0
9 275.077
9
1 0
2 0
3 0
4 0
5 0
6 0
7 0
8 0
9 276.333
9
1 0
2 0
3 0
4 0
5 0
6 0
7 0
8 0
9 272.364
9
1 0
2 0
3 0
4 0
5 0
6 0
7 0
8 0
9 272.333
9
1 0
2 0
3 0
4 0
5 0
6 0
7 0
8 0
9 269.667
9
1 0
2 0
3 0
4 0
5 0
6 0
7 0
8 0
9 268.333
9
1 0
2 0
3 0
4 0
5 0
6 0
7 0
8 0
9 267.2
9
1 0
2 0
3 0
4 0
5 0
6 0
7 0
8 0
9 268
9
1 0
2 0
3 0
4 0
5 0
6 0
7 0
8 0
9 268
9
1 0
2 0
3 0
4 0
5 0
6 0
7 0
8 0
9 267.636
9
1 0
2 0
3 0
4 0
5 0
6 0
7 0
8 0
9 266.909
9
1 0
2 0
3 0
4 0
5 0
6 0
7 0
8 0
9 267.667
9
1 0
2 0
3 0
4 0
5 0
6 0
7 0
8 0
9 263
9
1 0
2 0
3 0
4 0
5 0
6 0
7 0
8 0
9 264
9
1 0
2 0
3 0
4 0
5 0
6 0
7 0
8 0
9 262.545
9
1 0
2 0
3 0
4 0
5 0
6 0
7 0
8 0
9 263.333
9
1 0
2 0
3 0
4 0
5 0
6 163.429
7 0
8 0
9 263.636
9
1 0
2 0
3 0
4 0
5 0
6 0
7 0
8 0
9 262
9
1 0
2 0
3 0
4 0
5 0
6 161.5
7 0
8 0
9 262.333
9
1 0
2 0
3 0
4 0
5 0
6 0
7 0
8 0
9 257
9
1 0
2 0
3 0
4 0
5 0
6 168
7 0
8 0
9 253
9
1 0
2 0
3 0
4 0
5 0
6 0
7 0
8 0
9 252
9
1 0
2 0
3 0
4 0
5 0
6 169
7 0
8 0
9 249.818
9
1 0
2 0
3 0
4 0
5 0
6 168.571
7 0
8 0
9 251.667
9
1 0
2 0
3 0
4 0
5 0
6 0
7 0
8 0
9 246.545
9
1 0
2 0
3 0
4 0
5 0
6 172
7 0
8 0
9 243.111
9
1 0
2 0
3 0
4 0
5 0
6 176.5
7 0
8 0
9 239.385
9
1 0
2 0
3 0
4 0
5 0
6 173.714
7 0
8 0
9 238.462
9
1 0
2 0
3 0
4 0
5 0
6 175.273
7 0
8 0
9 236.364
9
1 0
2 0
3 0
4 0
5 0
6 174.857
7 0
8 0
9 233.667
9
1 0
2 0
3 0
4 0
5 0
6 176.444
7 0
8 0
9 231.667
9
1 0
2 0
3 0
4 0
5 0
6 176.8
7 0
8 0
9 226.8
9
1 0
2 0
3 0
4 0
5 0
6 180.8
7 0
8 0
9 226.222
9
1 0
2 0
3 0
4 0
5 0
6 179.429
7 0
8 0
9 219.077
9
1 0
2 0
3 0
4 0
5 0
6 181.455
7 0
8 0
9 216
9
1 0
2 0
3 0
4 0
5 0
6 180.727
7 0
8 0
9 212.727
9
1 0
2 0
3 0
4 0
5 0
6 181.6
7 0
8 0
9 208.4
9
1 0
2 0
3 0
4 0
5 0
6 0
7 0
8 0
9 209.455
9
1 0
2 0
3 0
4 0
5 0
6 184.4
7 0
8 0
9 207
9
1 0
2 0
3 0
4 0
5 0
6 186.222
7 0
8 0
9 206
9
1 0
2 0
3 0
4 0
5 154.857
6 185.818
7 0
8 0
9 201.2
9
1 0
2 0
3 0
4 0
5 0
6 186.5
7 0
8 0
9 197
9
1 0
2 0
3 0
4 0
5 159.429
6 183.111
7 0
8 0
9 196
9
1 0
2 0
3 0
4 0
5 162.5
6 191.5
7 0
8 0
9 195.636
9
1 0
2 0
3 0
4 0
5 163.111
6 185.333
7 0
8 0
9 192
9
1 0
2 0
3 0
4 0
5 167.429
6 187.5
7 0
8 0
9 188
9
1 0
2 0
3 0
4 0
5 168
6 185.455
7 0
8 0
9 184.444
9
1 0
2 0
3 0
4 0
5 166.545
6 0
7 0
8 0
9 182.857
9
1 0
2 0
3 0
4 0
5 168
6 0
7 0
8 0
9 178.909
9
1 0
2 0
3 0
4 0
5 170.4
6 185.143
7 0
8 0
9 182.222
9
1 0
2 0
3 0
4 0
5 171.273
6 187.429
7 0
8 0
9 0
9
1 0
2 0
3 0
4 0
5 172
6 187.6
7 0
8 0
9 177.5
9
1 0
2 0
3 0
4 0
5 173.2
6 191.429
7 0
8 0
9 176.571
9
1 0
2 0
3 0
4 0
5 173.5
6 185.143
7 0
8 0
9 175.5
9
1 0
2 0
3 0
4 0
5 180
6 190.8
7 0
8 0
9 176.571
9
1 0
2 0
3 0
4 0
5 180
6 188.889
7 0
8 0
9 173.143
9
1 0
2 0
3 0
4 0
5 180
6 189.143
7 0
8 0
9 0
9
1 0
2 0
3 0
4 0
5 181.2
6 188.8
7 0
8 0
9 168.571
9
1 0
2 0
3 0
4 0
5 186
6 188.5
7 0
8 0
9 167
9
1 0
2 0
3 0
4 0
5 186.333
6 187.5
7 0
8 0
9 0
9
1 0
2 0
3 0
4 0
5 188.8
6 187.636
7 0
8 0
9 0
9
1 0
2 0
3 0
4 0
5 195.636
6 191.667
7 0
8 0
9 0
9
1 0
2 0
3 0
4 0
5 197.455
6 188.4
7 0
8 0
9 0
9
1 0
2 0
3 0
4 0
5 200.4
6 188.889
7 0
8 0
9 0
9
1 0
2 0
3 0
4 0
5 201.455
6 0
7 0
8 0
9 0
9
1 0
2 0
3 0
4 0
5 203.667
6 192
7 0
8 0
9 0
9
1 0
2 0
3 0
4 0
5 205.231
6 186.5
7 0
8 0
9 0
9
1 0
2 0
3 0
4 0
5 207.636
6 0
7 0
8 0
9 0
9
1 0
2 0
3 0
4 0
5 205.667
6 187.636
7 0
8 0
9 0
9
1 0
2 0
3 0
4 0
5 209.6
6 188
7 0
8 0
9 0
9
1 0
2 0
3 0
4 0
5 210
6 0
7 0
8 0
9 0
9
1 0
2 0
3 0
4 0
5 212
6 0
7 0
8 0
9 0
9
1 0
2 0
3 0
4 0
5 214.333
6 188
7 0
8 0
9 0
9
1 0
2 0
3 0
4 0
5 213.091
6 0
7 0
8 0
9 0
9
1 0
2 0
3 0
4 0
5 213
6 0
7 0
8 0
9 0
9
1 0
2 0
3 0
4 0
5 217.091
6 0
7 0
8 0
9 0
9
1 0
2 0
3 0
4 0
5 220
6 0
7 0
8 0
9 0
9
1 0
2 0
3 0
4 0
5 221.538
6 0
7 0
8 0
9 0
9
1 0
2 0
3 0
4 0
5 222
6 0
7 0
8 0
9 0
9
1 0
2 0
3 0
4 0
5 222.909
6 0
7 0
8 0
9 0
9
1 0
2 0
3 0
4 0
5 223
6 185.714
7 0
8 0
9 0
9
1 0
2 0
3 0
4 0
5 224.667
6 0
7 0
8 0
9 0
9
1 0
2 0
3 0
4 0
5 226.222
6 0
7 0
8 0
9 0
9
1 0
2 0
3 0
4 0
5 229
6 0
7 0
8 0
9 0
9
1 0
2 0
3 0
4 0
5 230.333
6 0
7 0
8 0
9 0
9
1 0
2 0
3 0
4 0
5 232
6 0
7 0
8 0
9 0
9
1 0
2 0
3 0
4 0
5 236
6 0
7 0
8 0
9 0
9
1 0
2 0
3 0
4 0
5 235.667
6 0
7 0
8 0
9 0
9
1 0
2 0
3 0
4 0
5 235.636
6 0
7 0
8 0
9 0
9
1 0
2 0
3 0
4 0
5 238.462
6 0
7 0
8 0
9 0
9
1 0
2 0
3 0
4 0
5 240
6 0
7 0
8 0
9 0
9
1 0
2 0
3 0
4 0
5 238.462
6 0
7 0
8 0
9 0
9
1 0
2 0
3 0
4 0
5 241.231
6 0
7 0
8 0
9 0
9
1 0
2 0
3 0
4 0
5 239.6
6 0
7 0
8 0
9 0
9
1 0
2 0
3 0
4 0
5 241.091
6 0
7 0
8 0
9 0
9
1 0
2 0
3 0
4 0
5 244.308
6 0
7 0
8 0
9 0
9
1 0
2 0
3 0
4 0
5 243
6 0
7 0
8 0
9 0
9
1 0
2 0
3 0
4 0
5 244.4
6 0
7 0
8 0
9 0
9
1 0
2 0
3 0
4 0
5 247.333
6 0
7 0
8 0
9 0
9
1 0
2 0
3 0
4 0
5 247.077
6 0
7 0
8 0
9 0
9
1 0
2 0
3 0
4 0
5 246.769
6 0
7 0
8 0
9 0
9
1 0
2 0
3 0
4 0
5 248.364
6 0
7 0
8 0
9 0
9
1 0
2 0
3 0
4 0
5 249.667
6 0
7 0
8 0
9 0
9
1 0
2 0
3 0
4 0
5 249.846
6 0
7 0
8 0
9 0
9
1 0
2 0
3 0
4 0
5 250.8
6 0
7 0
8 0
9 0
9
1 0
2 0
3 0
4 0
5 249.091
6 0
7 0
8 0
9 0
9
1 0
2 0
3 0
4 0
5 250
6 0
7 0
8 0
9 0
9
1 0
2 0
3 0
4 0
5 253.846
6 0
7 0
8 0
9 0
9
1 0
2 0
3 0
4 0
5 252.4
6 0
7 0
8 0
9 0
9
1 0
2 0
3 0
4 0
5 253.667
6 0
7 0
8 0
9 0
9
1 0
2 0
3 0
4 0
5 254.769
6 0
7 0
8 0
9 0
9
1 0
2 0
3 0
4 0
5 255
6 0
7 0
8 0
9 0
9
1 0
2 0
3 0
4 0
5 256
6 0
7 0
8 0
9 0
9
1 0
2 0
3 0
4 0
5 256.333
6 0
7 0
8 0
9 0
9
1 0
2 0
3 0
4 0
5 256
6 0
7 0
8 0
9 0
9
1 0
2 0
3 0
4 0
5 255.692
6 0
7 0
8 0
9 0
9
1 0
2 0
3 0
4 0
5 256
6 0
7 0
8 0
9 0
9
1 0
2 0
3 0
4 0
5 259.692
6 0
7 0
8 0
9 0
9
1 0
2 0
3 0
4 0
5 258.462
6 0
7 0
8 0
9 0
9
1 0
2 0
3 0
4 0
5 260
6 0
7 0
8 0
9 0
9
1 0
2 0
3 0
4 0
5 260
6 0
7 0
8 0
9 0
9
1 0
2 0
3 0
4 0
5 259.077
6 0
7 0
8 0
9 0
9
1 0
2 0
3 0
4 0
5 262.462
6 0
7 0
8 0
9 0
9
1 0
2 0
3 0
4 0
5 259.273
6 0
7 0
8 0
9 0
9
1 0
2 0
3 0
4 0
5 261.2
6 0
7 0
8 0
9 0
9
1 0
2 0
3 0
4 0
5 261.846
6 0
7 0
8 0
9 0
9
1 0
2 0
3 0
4 0
5 260
6 0
7 0
8 0
9 0
9
1 0
2 0
3 0
4 0
5 261.091
6 0
7 0
8 0
9 0
9
1 0
2 0
3 0
4 0
5 260.667
6 0
7 0
8 0
9 0
9
1 0
2 0
3 0
4 0
5 260.667
6 0
7 0
8 0
9 0
9
1 0
2 0
3 0
4 0
5 262
6 0
7 0
8 0
9 0
9
1 0
2 0
3 0
4 0
5 262.545
6 0
7 0
8 0
9 0
9
1 0
2 0
3 0
4 0
5 263
6 0
7 0
8 0
9 0
9
1 0
2 0
3 0
4 0
5 262.462
6 0
7 0
8 0
9 0
9
1 0
2 0
3 0
4 0
5 261.818
6 0
7 0
8 0
9 0
9
1 0
2 0
3 0
4 0
5 260.4
6 0
7 0
8 0
9 0
9
1 0
2 0
3 0
4 0
5 259
6 0
7 0
8 0
9 0
9
1 0
2 0
3 0
4 0
5 257.846
6 0
7 0
8 0
9 0
9
1 0
2 0
3 0
4 0
5 257.6
6 0
7 0
8 0
9 0
9
1 0
2 0
3 0
4 0
5 256.923
6 0
7 0
8 0
9 0
9
1 0
2 0
3 0
4 0
5 260
6 0
7 0
8 0
9 0
9
1 0
2 0
3 0
4 0
5 257.455
6 0
7 0
8 0
9 0
9
1 0
2 0
3 0
4 0
5 259.556
6 0
7 0
8 0
9 0
9
1 0
2 0
3 0
4 0
5 256.923
6 0
7 0
8 0
9 0
9
1 0
2 0
3 0
4 0
5 259.333
6 0
7 0
8 0
9 0
9
1 0
2 0
3 0
4 0
5 256.667
6 0
7 0
8 0
9 0
9
1 0
2 0
3 0
4 0
5 254.4
6 0
7 0
8 0
9 0
9
1 0
2 0
3 0
4 0
5 253.231
6 0
7 0
8 0
9 0
9
1 0
2 0
3 0
4 0
5 254.333
6 0
7 0
8 0
9 0
9
1 0
2 0
3 0
4 0
5 252.8
6 0
7 0
8 0
9 0
9
1 0
2 0
3 0
4 0
5 251.273
6 0
7 0
8 0
9 0
9
1 0
2 0
3 0
4 0
5 250.154
6 0
7 0
8 0
9 0
9
1 0
2 0
3 0
4 0
5 247.333
6 0
7 0
8 0
9 0
9
1 0
2 0
3 0
4 0
5 247.2
6 0
7 0
8 0
9 0
9
1 0
2 0
3 0
4 0
5 246
6 0
7 0
8 0
9 0
9
1 0
2 0
3 0
4 0
5 244.923
6 0
7 0
8 0
9 0
9
1 0
2 0
3 0
4 0
5 241.091
6 0
7 0
8 0
9 0
9
1 0
2 0
3 0
4 0
5 239.6
6 0
7 0
8 0
9 0
9
1 0
2 0
3 0
4 0
5 238.667
6 0
7 0
8 0
9 0
9
1 0
2 0
3 0
4 0
5 237.231
6 0
7 0
8 0
9 0
9
1 0
2 0
3 0
4 0
5 235.2
6 0
7 0
8 0
9 0
9
1 0
2 0
3 0
4 0
5 233.455
6 0
7 0
8 0
9 0
9
1 0
2 0
3 0
4 0
5 228
6 0
7 0
8 0
9 0
9
1 0
2 0
3 0
4 0
5 230.154
6 0
7 0
8 0
9 0
9
1 0
2 0
3 0
4 0
5 224.8
6 0
7 0
8 0
9 0
9
1 0
2 0
3 0
4 0
5 225.455
6 0
7 0
8 0
9 0
9
1 0
2 0
3 0
4 0
5 223.333
6 0
7 0
8 0
9 0
9
1 0
2 0
3 0
4 0
5 220.333
6 0
7 0
8 0
9 0
9
1 0
2 0
3 0
4 0
5 220.364
6 0
7 0
8 0
9 0
9
1 0
2 0
3 0
4 0
5 214.8
6 0
7 0
8 0
9 0
9
1 0
2 0
3 0
4 0
5 213.333
6 0
7 0
8 0
9 0
9
1 0
2 0
3 0
4 0
5 211.692
6 0
7 0
8 0
9 0
9
1 0
2 0
3 0
4 0
5 211.273
6 0
7 0
8 0
9 0
9
1 0
2 0
3 0
4 0
5 210.333
6 0
7 0
8 0
9 0
9
1 0
2 0
3 0
4 0
5 207.273
6 0
7 0
8 0
9 0
9
1 0
2 0
3 0
4 0
5 203.667
6 0
7 0
8 0
9 0
9
1 0
2 0
3 0
4 0
5 201.455
6 0
7 0
8 0
9 0
9
1 0
2 0
3 0
4 0
5 200.667
6 0
7 0
8 0
9 0
9
1 0
2 0
3 0
4 0
5 194.667
6 0
7 0
8 0
9 0
9
1 0
2 0
3 0
4 0
5 193.091
6 0
7 0
8 0
9 0
9
1 0
2 0
3 0
4 0
5 189.333
6 0
7 0
8 0
9 0
9
1 0
2 0
3 0
4 0
5 188.333
6 0
7 0
8 0
9 0
9
1 0
2 0
3 0
4 0
5 186.333
6 0
7 0
8 0
9 0
9
1 0
2 0
3 0
4 0
5 182
6 0
7 0
8 0
9 0
9
1 0
2 0
3 0
4 0
5 181.5
6 0
7 0
8 0
9 0
9
1 0
2 0
3 0
4 0
5 177.667
6 0
7 0
8 0
9 0
9
1 0
2 0
3 0
4 0
5 173.6
6 0
7 0
8 0
9 0
9
1 0
2 0
3 0
4 0
5 174.182
6 0
7 0
8 0
9 0
9
1 0
2 0
3 0
4 0
5 170
6 0
7 0
8 0
9 0
9
1 0
2 0
3 0
4 0
5 166.909
6 0
7 0
8 0
9 0
9
1 0
2 0
3 0
4 0
5 0
6 0
7 0
8 0
9 0
9
1 0
2 0
3 0
4 0
5 0
6 0
7 0
8 0
9 0
9
1 0
2 0
3 0
4 0
5 0
6 0
7 0
8 0
9 0
9
1 0
2 0
3 0
4 0
5 0
6 0
7 0
8 0
9 0
9
1 0
2 0
3 0
4 0
5 0
6 0
7 0
8 0
9 0
9
1 0
2 0
3 0
4 0
5 0
6 0
7 0
8 0
9 0
9
1 0
2 0
3 0
4 0
5 0
6 0
7 0
8 0
9 0
9
1 0
2 0
3 0
4 0
5 0
6 0
7 0
8 0
9 0
9
1 0
2 0
3 0
4 0
5 0
6 0
7 0
8 0
9 0
9
1 0
2 0
3 0
4 0
5 0
6 0
7 0
8 0
9 0
9
1 0
2 0
3 0
4 0
5 0
6 0
7 0
8 0
9 0
9
1 0
2 0
3 0
4 0
5 0
6 0
7 0
8 0
9 0
9
1 0
2 0
3 0
4 0
5 0
6 0
7 0
8 0
9 0
9
1 0
2 0
3 0
4 0
5 0
6 0
7 0
8 0
9 0
9
1 0
2 0
3 0
4 0
5 0
6 0
7 0
8 0
9 0
9
1 0
2 0
3 0
4 0
5 0
6 0
7 0
8 0
9 0
9
1 0
2 0
3 0
4 0
5 0
6 0
7 0
8 0
9 0
9
1 0
2 0
3 0
4 0
5 0
6 0
7 0
8 0
9 0
9
1 0
2 0
3 0
4 0
5 0
6 0
7 0
8 0
9 0
9
1 0
2 0
3 0
4 0
5 0
6 0
7 0
8 0
9 0
9
1 0
2 0
3 0
4 0
5 0
6 0
7 0
8 0
9 0
9
1 0
2 0
3 0
4 0
5 0
6 0
7 0
8 0
9 0
9
1 0
2 0
3 0
4 0
5 0
6 0
7 0
8 0
9 0
9
1 0
2 0
3 0
4 0
5 0
6 0
7 0
8 0
9 0
9
1 0
2 0
3 0
4 0
5 0
6 0
7 0
8 0
9 0
9
1 0
2 0
3 0
4 0
5 0
6 0
7 0
8 0
9 0
9
1 0
2 0
3 0
4 0
5 0
6 0
7 0
8 0
9 0
9
1 0
2 0
3 0
4 0
5 0
6 0
7 0
8 0
9 0
9
1 0
2 0
3 0
4 0
5 0
6 0
7 0
8 0
9 0
9
1 0
2 0
3 0
4 0
5 0
6 0
7 0
8 0
9 0
9
1 0
2 0
3 0
4 0
5 0
6 0
7 0
8 0
9 0
9
1 0
2 0
3 0
4 0
5 0
6 0
7 0
8 0
9 0
9
1 0
2 172.5
3 0
4 0
5 0
6 0
7 0
8 0
9 0
9
1 0
2 170
3 0
4 0
5 0
6 0
7 0
8 0
9 0
9
1 158.5
2 0
3 0
4 0
5 0
6 0
7 0
8 0
9 0
9
1 164.571
2 178.857
3 0
4 0
5 0
6 0
7 0
8 0
9 0
9
1 166.222
2 0
3 0
4 0
5 0
6 0
7 0
8 0
9 0
9
1 169.6
2 176.8
3 0
4 0
5 0
6 0
7 0
8 0
9 0
9
1 172
2 176
3 0
4 0
5 0
6 0
7 0
8 0
9 0
9
1 171.667
2 0
3 0
4 0
5 0
6 0
7 0
8 0
9 0
9
1 172.8
2 0
3 0
4 0
5 0
6 0
7 0
8 0
9 0
9
1 177.333
2 0
3 0
4 0
5 0
6 0
7 0
8 0
9 0
9
1 178.154
2 175.5
3 0
4 0
5 0
6 0
7 0
8 0
9 0
9
1 181.538
2 178.4
3 0
4 0
5 0
6 0
7 0
8 0
9 0
9
1 183.273
2 0
3 0
4 0
5 0
6 0
7 0
8 0
9 0
9
1 182.462
2 184.5
3 0
4 0
5 0
6 0
7 0
8 0
9 0
9
1 182.909
2 0
3 0
4 0
5 0
6 0
7 0
8 0
9 0
9
1 184.444
2 177.714
3 0
4 0
5 0
6 0
7 0
8 0
9 0
9
1 185.333
2 181.143
3 0
4 0
5 0
6 0
7 0
8 0
9 0
9
1 186
2 174.857
3 0
4 0
5 0
6 0
7 0
8 0
9 0
9
1 189.6
2 0
3 0
4 0
5 0
6 0
7 0
8 0
9 0
9
1 189.333
2 0
3 0
4 0
5 0
6 0
7 0
8 0
9 0
9
1 191.385
2 176.571
3 0
4 0
5 0
6 0
7 0
8 0
9 0
9
1 194.182
2 0
3 0
4 0
5 0
6 0
7 0
8 0
9 0
9
1 197
2 0
3 0
4 0
5 0
6 0
7 0
8 0
9 0
9
1 197.2
2 0
3 0
4 0
5 0
6 0
7 0
8 0
9 0
9
1 198.667
2 176
3 0
4 0
5 0
6 0
7 0
8 0
9 0
9
1 199.333
2 0
3 0
4 0
5 0
6 0
7 0
8 0
9 0
9
1 199.111
2 0
3 0
4 0
5 0
6 0
7 0
8 0
9 0
9
1 199.333
2 174.857
3 0
4 0
5 0
6 0
7 0
8 0
9 0
9
1 204.308
2 174.286
3 0
4 0
5 0
6 0
7 0
8 0
9 0
9
1 206.667
2 0
3 0
4 0
5 0
6 0
7 0
8 0
9 0
9
1 211.6
2 0
3 0
4 0
5 0
6 0
7 0
8 0
9 0
9
1 212.667
2 0
3 0
4 0
5 0
6 0
7 0
8 0
9 0
9
1 211.077
2 0
3 0
4 0
5 0
6 0
7 0
8 0
9 0
9
1 213.818
2 0
3 0
4 0
5 0
6 0
7 0
8 0
9 0
9
1 213.091
2 0
3 0
4 0
5 0
6 0
7 0
8 0
9 0
9
1 215.333
2 0
3 0
4 0
5 0
6 0
7 0
8 0
9 0
9
1 217.846
2 0
3 0
4 0
5 0
6 0
7 0
8 0
9 0
9
1 216.364
2 0
3 0
4 0
5 0
6 0
7 0
8 0
9 0
9
1 218.182
2 0
3 0
4 0
5 0
6 0
7 0
8 0
9 0
9
1 218.333
2 0
3 0
4 0
5 0
6 0
7 0
8 0
9 0
9
1 222.154
2 0
3 0
4 0
5 0
6 0
7 0
8 0
9 0
9
1 224
2 0
3 0
4 0
5 0
6 0
7 0
8 0
9 0
9
1 223.667
2 0
3 0
4 0
5 0
6 0
7 0
8 0
9 0
9
1 222.182
2 0
3 0
4 0
5 0
6 0
7 0
8 0
9 0
9
1 225.667
2 0
3 0
4 0
5 0
6 0
7 0
8 0
9 0
9
1 226.909
2 0
3 0
4 0
5 0
6 0
7 0
8 0
9 0
9
1 227.385
2 0
3 0
4 0
5 0
6 0
7 0
8 0
9 0
9
1 228.615
2 0
3 0
4 0
5 0
6 0
7 0
8 0
9 0
9
1 229.455
2 0
3 0
4 0
5 0
6 0
7 0
8 0
9 0
9
1 229.455
2 0
3 0
4 0
5 0
6 0
7 0
8 0
9 0
9
1 229
2 0
3 0
4 0
5 0
6 0
7 0
8 0
9 0
9
1 232.615
2 0
3 0
4 0
5 0
6 0
7 0
8 0
9 0
9
1 233.5
2 0
3 0
4 0
5 0
6 0
7 0
8 0
9 0
9
1 233.231
2 0
3 0
4 0
5 0
6 0
7 0
8 0
9 0
9
1 234.769
2 0
3 0
4 0
5 0
6 0
7 0
8 0
9 0
9
1 233.091
2 0
3 0
4 0
5 0
6 0
7 0
8 0
9 0
9
1 234
2 0
3 0
4 0
5 0
6 0
7 0
8 0
9 0
9
1 234.154
2 0
3 0
4 0
5 0
6 0
7 0
8 0
9 0
9
1 235.333
2 0
3 0
4 0
5 0
6 0
7 0
8 0
9 0
9
1 237.818
2 0
3 0
4 0
5 0
6 0
7 0
8 0
9 0
9
1 238.182
2 0
3 0
4 0
5 0
6 0
7 0
8 0
9 0
9
1 235.385
2 0
3 0
4 0
5 0
6 0
7 0
8 0
9 0
9
1 239.077
2 0
3 0
4 0
5 0
6 0
7 0
8 0
9 0
9
1 240
2 0
3 0
4 0
5 0
6 0
7 0
8 0
9 0
9
1 241
2 0
3 0
4 0
5 0
6 0
7 0
8 0
9 0
9
1 237.846
2 0
3 0
4 0
5 0
6 0
7 0
8 0
9 0
9
1 239.692
2 0
3 0
4 0
5 0
6 0
7 0
8 0
9 0
9
1 241.2
2 0
3 0
4 0
5 0
6 0
7 0
8 0
9 0
9
1 242.769
2 0
3 0
4 0
5 0
6 0
7 0
8 0
9 0
9
1 242.154
2 0
3 0
4 0
5 0
6 0
7 0
8 0
9 0
9
1 241.538
2 0
3 0
4 0
5 0
6 0
7 0
8 0
9 0
9
1 241.333
2 0
3 0
4 0
5 0
6 0
7 0
8 0
9 0
9
1 241.231
2 0
3 0
4 0
5 0
6 0
7 0
8 0
9 0
