9
1 0
2 0
3 0
4 0
5 0
6 102
7 0
8 81.7143
9 302.609
9
1 0
2 0
3 0
4 0
5 0
6 102.353
7 0
8 81.0909
9 303.652
9
1 0
2 0
3 0
4 0
5 0
6 103.529
7 0
8 79.7647
9 303.04
9
1 0
2 0
3 0
4 0
5 52.5
6 102.824
7 0
8 81.25
9 302.833
9
1 0
2 0
3 0
4 0
5 0
6 110.435
7 0
8 83.7333
9 301.6
9
1 0
2 0
3 0
4 0
5 0
6 116.842
7 0
8 87.3333
9 302.167
9
1 0
2 0
3 0
4 0
5 62.8571
6 124.4
7 0
8 90.1538
9 301.913
9
1 0
2 0
3 0
4 0
5 68
6 130.909
7 0
8 90.4615
9 302
9
1 0
2 0
3 0
4 0
5 67
6 132
7 0
8 92.6667
9 300.667
9
1 0
2 0
3 0
4 0
5 68
6 134.957
7 0
8 96.5
9 300.667
9
1 0
2 0
3 0
4 0
5 0
6 139.111
7 0
8 95.25
9 299.167
9
1 0
2 0
3 0
4 0
5 0
6 139.826
7 0
8 96.9412
9 298.72
9
1 0
2 0
3 0
4 0
5 0
6 143.304
7 0
8 99.75
9 297.76
9
1 0
2 0
3 0
4 0
5 80
6 150.923
7 0
8 102.933
9 295.68
9
1 0
2 0
3 0
4 0
5 86.6667
6 154.435
7 0
8 103.111
9 293.333
9
1 0
2 0
3 0
4 0
5 91.4667
6 158.24
7 0
8 105.895
9 288.96
9
1 0
2 0
3 0
4 0
5 98
6 164.48
7 0
8 108
9 283.407
9
1 0
2 0
3 0
4 0
5 104.667
6 168.16
7 0
8 109.882
9 277.833
9
1 0
2 0
3 0
4 0
5 113.778
6 174.074
7 0
8 109.091
9 271.68
9
1 0
2 0
3 0
4 0
5 118.933
6 179.2
7 0
8 111.556
9 260.32
9
1 0
2 0
3 0
4 0
5 127.5
6 182.963
7 0
8 112.421
9 249.12
9
1 0
2 0
3 0
4 0
5 135.765
6 186.4
7 0
8 114.4
9 236.296
9
1 0
2 0
3 0
4 0
5 143.75
6 189.6
7 0
8 114.5
9 223.68
9
1 0
2 0
3 0
4 0
5 154.5
6 193.538
7 0
8 113.895
9 209.538
9
1 0
2 0
3 0
4 0
5 169
6 196.64
7 0
8 112.235
9 192.5
9
1 0
2 0
3 0
4 0
5 181.176
6 196.889
7 0
8 111.2
9 179.667
9
1 0
2 0
3 61.1429
4 0
5 190.25
6 199.2
7 0
8 109.647
9 170.519
9
1 0
2 0
3 68
4 0
5 200.75
6 199.538
7 0
8 108.6
9 160.48
9
1 0
2 0
3 0
4 0
5 214.75
6 197.12
7 0
8 106.588
9 148.833
9
1 0
2 0
3 68
4 0
5 223.059
6 197.44
7 0
8 103.529
9 137.12
9
1 0
2 0
3 71.4286
4 0
5 236
6 193.778
7 0
8 99
9 125.913
9
1 0
2 0
3 75
4 0
5 243.81
6 192.64
7 0
8 96.8696
9 114.167
9
1 0
2 0
3 0
4 0
5 254.476
6 188.148
7 0
8 93.25
9 102.8
9
1 0
2 0
3 86
4 0
5 258.857
6 182.72
7 0
8 88.2667
9 91.04
9
1 0
2 0
3 90.7368
4 0
5 264.2
6 178.24
7 0
8 83.7647
9 81.8
9
1 0
2 0
3 93.75
4 0
5 264.762
6 171.231
7 0
8 78.8889
9 74.8889
9
1 0
2 71
3 97.3333
4 0
5 267
6 162.4
7 0
8 73.5556
9 64.9412
9
1 0
2 59.6364
3 102.118
4 0
5 267.429
6 155.407
7 0
8 68.8571
9 59.7333
9
1 0
2 67.7778
3 104.842
4 0
5 265
6 144.96
7 0
8 63.4667
9 54
9
1 0
2 76.6667
3 107.826
4 0
5 258.909
6 137.385
7 0
8 58.1333
9 0
9
1 0
2 85.4
3 108.696
4 0
5 252.222
6 127.333
7 0
8 55.6923
9 0
9
1 53.1429
2 92
3 110.37
4 57.0909
5 246.182
6 121.167
7 0
8 0
9 0
9
1 57.0909
2 100.267
3 110.667
4 58.6667
5 238.2
6 115
7 0
8 48
9 0
9
1 61.4545
2 106
3 111.846
4 64
5 227.636
6 107.4
7 0
8 0
9 0
9
1 69.8182
2 116
3 108.833
4 67.8095
5 214.333
6 99.2381
7 0
8 0
9 0
9
1 77.6
2 125.455
3 107.5
4 70.5455
5 198.909
6 90.8889
7 0
8 0
9 0
9
1 85.4286
2 134.24
3 104.889
4 72.8
5 188.48
6 85.2308
7 0
8 0
9 0
9
1 91.2
2 139.2
3 103.36
4 76.1739
5 177
6 78.2857
7 0
8 0
9 0
9
1 97.3333
2 144.148
3 101.926
4 78.6154
5 167.333
6 74.9091
7 0
8 0
9 0
9
1 104.615
2 150.24
3 101.76
4 80.9231
5 157.037
6 67.1111
7 0
8 0
9 0
9
1 112
2 154
3 98.8333
4 82.3077
5 148.64
6 64
7 0
8 0
9 0
9
1 117.538
2 157.12
3 95.8462
4 84.7407
5 143.259
6 60
7 0
8 0
9 0
9
1 118.133
2 159.84
3 94.24
4 85.8333
5 139.2
6 0
7 0
8 0
9 0
9
1 125.867
2 166.37
3 92.6154
4 85.2308
5 133.44
6 63.1111
7 0
8 0
9 0
9
1 135.778
2 171.04
3 89.7143
4 90.087
5 123.68
6 0
7 0
8 0
9 0
9
1 150
2 175.852
3 86.1176
4 91.84
5 113.44
6 0
7 0
8 0
9 0
9
1 154.857
2 172.615
3 82.6667
4 91.5556
5 107.231
6 0
7 0
8 0
9 0
9
1 163.2
2 180.16
3 80.6667
4 89.6
5 101.913
6 0
7 0
8 0
9 0
9
1 171.733
2 181.92
3 77.5385
4 91.8462
5 94.963
6 0
7 0
8 0
9 0
9
1 180.706
2 184.16
3 74.5455
4 92.381
5 88.1667
6 0
7 0
8 0
9 0
9
1 186
2 185.333
3 72.3636
4 92.32
5 84.96
6 0
7 0
8 0
9 0
9
1 192.25
2 181.692
3 69.6
4 93.7391
5 81.4815
6 0
7 0
8 0
9 0
9
1 199.143
2 181.143
3 0
4 93.28
5 76.5217
6 0
7 0
8 0
9 0
9
1 206.4
2 184.96
3 67
4 91.8462
5 72
6 0
7 0
8 0
9 0
9
1 206.588
2 183.36
3 0
4 91.8333
5 66.6667
6 0
7 0
8 0
9 0
9
1 221.143
2 181.185
3 0
4 90.963
5 64
6 0
7 0
8 0
9 0
9
1 226.25
2 181.76
3 0
4 90.3333
5 61.1111
6 0
7 0
8 0
9 0
9
1 218.588
2 178.667
3 0
4 89.6667
5 57.75
6 0
7 0
8 0
9 0
