9
1 0
2 0
3 0
4 0
5 194.154
6 208.923
7 0
8 125.306
9 266.627
9
1 0
2 0
3 0
4 0
5 197.156
6 208.418
7 0
8 128.818
9 263.815
9
1 0
2 0
3 0
4 0
5 204.488
6 207.077
7 0
8 131.923
9 260.716
9
1 0
2 0
3 0
4 0
5 207.289
6 205.791
7 0
8 135.846
9 258.286
9
1 0
2 0
3 0
4 0
5 211.789
6 205.538
7 0
8 140.077
9 253.818
9
1 0
2 0
3 0
4 0
5 215.319
6 203.631
7 0
8 143.304
9 248.8
9
1 0
2 0
3 0
4 0
5 219.217
6 203.446
7 0
8 145.569
9 246.567
9
1 0
2 0
3 0
4 0
5 222.545
6 202.585
7 0
8 147.44
9 241.846
9
1 0
2 0
3 0
4 0
5 223.724
6 196.453
7 0
8 148
9 236
9
1 0
2 0
3 0
4 0
5 186.857
6 0
7 0
8 0
9 0
9
1 0
2 0
3 0
4 0
5 196.889
6 177.524
7 0
8 148.727
9 211.818
9
1 0
2 0
3 0
4 0
5 226.105
6 190.065
7 0
8 156.211
9 214.25
9
1 0
2 0
3 0
4 0
5 228
6 185.231
7 0
8 152.444
9 212.571
9
1 0
2 0
3 0
4 0
5 237.81
6 192.211
7 0
8 162.72
9 216.8
9
1 0
2 0
3 0
4 0
5 245.061
6 193.03
7 0
8 167.037
9 214.831
9
1 0
2 0
3 50.5882
4 0
5 245.583
6 190.708
7 0
8 167.931
9 210.149
9
1 0
2 0
3 47.5
4 0
5 247.592
6 190.154
7 0
8 169.929
9 207.2
9
1 0
2 0
3 48.8571
4 0
5 250.732
6 187.455
7 0
8 172.308
9 204.716
9
1 0
2 0
3 0
4 0
5 249.067
6 184.071
7 0
8 174.213
9 198.538
9
1 0
2 0
3 0
4 0
5 0
6 0
7 0
8 0
9 0
9
1 0
2 0
3 0
4 0
5 0
6 0
7 0
8 0
9 0
9
1 0
2 0
3 0
4 0
5 0
6 0
7 0
8 0
9 164.364
9
1 0
2 0
3 0
4 0
5 0
6 0
7 0
8 0
9 0
9
1 0
2 0
3 0
4 0
5 0
6 0
7 0
8 0
9 0
9
1 0
2 0
3 0
4 0
5 0
6 0
7 0
8 0
9 0
9
1 0
2 0
3 0
4 0
5 0
6 0
7 0
8 0
9 0
9
1 0
2 0
3 0
4 0
5 0
6 0
7 0
8 0
9 0
9
1 0
2 0
3 0
4 0
5 0
6 0
7 0
8 0
9 0
9
1 0
2 0
3 0
4 0
5 0
6 0
7 0
8 0
9 0
9
1 0
2 0
3 0
4 0
5 0
6 0
7 0
8 0
9 0
9
1 0
2 0
3 0
4 0
5 258.533
6 160
7 0
8 194.25
9 153.571
9
1 0
2 0
3 0
4 0
5 276.327
6 158.769
7 0
8 201.647
9 154.277
9
1 0
2 0
3 0
4 0
5 275.083
6 156.06
7 0
8 203.407
9 152
9
1 0
2 0
3 0
4 0
5 276.909
6 153.477
7 0
8 203.055
9 148.492
9
1 0
2 0
3 0
4 0
5 277.909
6 152.299
7 0
8 204.88
9 144.554
9
1 0
2 0
3 0
4 0
5 277.6
6 148.492
7 0
8 205.018
9 143.403
9
1 0
2 0
3 0
4 0
5 279.44
6 147.642
7 0
8 206.745
9 140
9
1 0
2 0
3 0
4 0
5 276.98
6 144.8
7 0
8 208.59
9 135.582
9
1 0
2 0
3 0
4 0
5 277.358
6 142.25
7 0
8 207.692
9 133.723
9
1 0
2 0
3 0
4 0
5 274.417
6 140.615
7 0
8 209.898
9 128.478
9
1 0
2 0
3 0
4 0
5 275.294
6 138.462
7 0
8 208.923
9 125.846
9
1 0
2 0
3 0
4 0
5 275.478
6 133.705
7 0
8 208.741
9 123.701
9
1 0
2 0
3 0
4 52
5 274.531
6 131.492
7 0
8 210.148
9 119.262
9
1 0
2 0
3 0
4 51.2
5 272.755
6 129.311
7 0
8 210.373
9 116.369
9
1 0
2 0
3 0
4 0
5 267.583
6 126.667
7 0
8 210.69
9 112.938
9
1 0
2 0
3 0
4 0
5 270.095
6 124.171
7 0
8 210.4
9 110.24
9
1 0
2 0
3 0
4 52
5 268.25
6 121.831
7 0
8 210.345
9 107.032
9
1 0
2 0
3 0
4 54.5
5 266.939
6 120.082
7 0
8 210.077
9 104.571
9
1 0
2 0
3 0
4 57.3333
5 264.8
6 117
7 0
8 209.745
9 100.8
9
1 0
2 0
3 0
4 61.6842
5 258.386
6 112.24
7 61.7143
8 209.434
9 97.0833
9
1 0
2 0
3 0
4 61
5 258.764
6 110.6
7 0
8 209.382
9 94.6047
9
1 0
2 0
3 0
4 63.7895
5 258
6 108.75
7 58
8 208.83
9 91.5455
9
1 0
2 0
3 0
4 60.4706
5 254.894
6 106.146
7 59.3333
8 208.148
9 89.9459
9
1 0
2 0
3 0
4 65.3793
5 247.491
6 103.176
7 59.3333
8 208.655
9 87.3143
9
1 0
2 0
3 0
4 62.8235
5 240.364
6 99.8919
7 60.7273
8 206.815
9 84.3871
9
1 0
2 0
3 0
4 64.4571
5 244.582
6 98.6667
7 60.2353
8 205.786
9 81.9355
9
1 0
2 0
3 0
4 65.1667
5 239.922
6 95.4483
7 64.48
8 206.4
9 79.7143
9
1 0
2 0
3 0
4 65.0435
5 235.214
6 94.7879
7 67.0303
8 206.552
9 77.6923
9
1 0
2 0
3 0
4 68.6667
5 232.69
6 93.6471
7 65.5
8 201.667
9 75.6923
9
1 0
2 0
3 0
4 70.3158
5 230.37
6 89.75
7 67.5122
8 203.525
9 75.8571
9
1 0
2 0
3 0
4 70.3333
5 223.368
6 88
7 67.8
8 201.895
9 75.8261
9
1 0
2 0
3 0
4 72.625
5 224.786
6 88.1379
7 71.2195
8 200.339
9 71.2727
9
1 0
2 0
3 0
4 73.8286
5 221.967
6 84.6154
7 72.0889
8 195.051
9 73.1765
9
1 0
2 0
3 0
4 78.1176
5 219.448
6 83.7576
7 73.5238
8 194.483
9 70.6667
9
1 0
2 0
3 0
4 76.973
5 223.852
6 84.5161
7 71.4043
8 190.067
9 67.7647
9
1 0
2 0
3 0
4 78.4865
5 223.789
6 84
7 72.0784
8 184.561
9 69.75
9
1 0
2 0
3 0
4 80.5714
5 226.333
6 87
7 71.1818
8 179.6
9 68
9
1 0
2 0
3 0
4 81.7647
5 232
6 87.04
7 68.9302
8 172.59
9 66.8235
9
1 0
2 0
3 0
4 82.6
5 231.6
6 87.2
7 67.4595
8 172.4
9 64.3636
9
1 0
2 0
3 0
4 81.375
5 232.571
6 86.7879
7 69.7143
8 171.273
9 64.6316
9
1 0
2 0
3 0
4 84
5 234.645
6 88.75
7 67.7209
8 167.345
9 63.7778
9
1 0
2 0
3 0
4 83.027
5 239.806
6 87.7037
7 67.122
8 163.31
9 63.4286
9
1 0
2 0
3 0
4 85.8182
5 242.438
6 90.5185
7 66.7
8 159.418
9 66.25
9
1 0
2 0
3 0
4 85.3333
5 244.262
6 89.375
7 67.0345
8 157.891
9 63.4286
9
1 0
2 0
3 0
4 86.1463
5 246.169
6 91
7 64.625
8 154.5
9 67.3684
9
1 0
2 0
3 0
4 89.1282
5 248.065
6 91.3103
7 72
8 149.852
9 64.4444
9
1 0
2 0
3 57.3333
4 88.5128
5 245.806
6 91.75
7 64.8571
8 148.148
9 61.4545
9
1 0
2 52.5714
3 0
4 88.5
5 244.862
6 93.6923
7 62.1935
8 140.786
9 63.1429
9
1 0
2 53.1429
3 0
4 89.3684
5 250.516
6 93.2903
7 63.0345
8 144.733
9 65.2632
9
1 0
2 50.8571
3 51.3333
4 89.8462
5 252.483
6 92.3636
7 61.5
8 141.308
9 61.3333
9
1 0
2 0
3 58.5714
4 90.7755
5 251.125
6 95.0303
7 69
8 136.621
9 63.1667
9
1 0
2 0
3 54
4 91.1818
5 256.19
6 95.375
7 60
8 134.357
9 58.6
9
1 0
2 55
3 53.8462
4 91.8222
5 259.562
6 97.931
7 61.3333
8 128.327
9 60.4211
9
1 0
2 50.8
3 56.75
4 92.9412
5 261.455
6 97.5484
7 59.2
8 123.864
9 55.6364
9
1 0
2 51.0769
3 58.087
4 93.75
5 261.968
6 99
7 55.2
8 116.37
9 61.3333
9
1 0
2 51.5556
3 60.6154
4 95.5652
5 263.484
6 98.4516
7 54.2222
8 114.923
9 57.0526
9
1 0
2 54.6667
3 61.3333
4 95.25
5 264.125
6 99.75
7 57.7143
8 111.02
9 57.6471
9
1 52
2 54.8
3 66.8
4 94.9434
5 264.25
6 101
7 56
8 107.321
9 58.4762
9
1 54
2 59.25
3 64.5714
4 95.92
5 265.091
6 101.931
7 0
8 104.741
9 54
9
1 52
2 63.8519
3 66.1714
4 95.6364
5 265.969
6 102.323
7 0
8 100.151
9 54.4
9
1 52
2 62.5455
3 69.0323
4 95.4286
5 263.761
6 103.152
7 0
8 97.1852
9 55.84
9
1 56.5333
2 63.2308
3 70.1053
4 96.9412
5 266.462
6 101.455
7 0
8 93.4074
9 52
9
1 53.6
2 64.1212
3 72.7442
4 96.3636
5 266.188
6 104
7 0
8 90.5455
9 57.25
9
1 53.6
2 66.3226
3 74.2727
4 97.1148
5 265.206
6 103.429
7 0
8 87.04
9 55.2
9
1 57.4118
2 70.6286
3 77.5849
4 97.3571
5 263.508
6 103.742
7 0
8 80.1509
9 0
9
1 57.037
2 74
3 78.8444
4 96.3175
5 261.879
6 103.882
7 0
8 80.2553
9 0
9
1 54.1538
2 73.9574
3 80.8302
4 96.9333
5 261.016
6 104.25
7 0
8 77.6585
9 50.6667
9
1 56
2 78.6341
3 83.8491
4 95.9365
5 259.818
6 103.529
7 0
8 75.5556
9 47.6
9
1 60
2 79.2821
3 85.9286
4 97.6271
5 258.375
6 105.257
7 0
8 73.1818
9 52.8889
9
1 60.1212
2 82.2128
3 86.7586
4 96.6452
5 256.667
6 104.824
7 0
8 72
9 48
9
1 61.1852
2 83.5652
3 89.0526
4 96.3934
5 256
6 104.727
7 0
8 72.4
9 0
9
1 63.8333
2 86.8571
3 90.0667
4 97.7049
5 253.273
6 103.765
7 0
8 68.0952
9 0
9
1 61.0909
2 89.6296
3 91.0175
4 96.9032
5 251.683
6 103.314
7 0
8 68
9 45.7143
9
1 62.4348
2 90.96
3 92.5455
4 96.9836
5 250.839
6 103.882
7 0
8 67.9024
9 0
9
1 66.4444
2 96.4348
3 95.2667
4 95.25
5 247.312
6 103.3
7 0
8 62.069
9 0
9
1 70.5714
2 102
3 100.125
4 95.875
5 242.4
6 103.789
7 0
8 59.52
9 0
9
1 70.3529
2 105.538
3 101.397
4 94.0625
5 240.615
6 103.053
7 0
8 59.1111
9 0
9
1 71.0303
2 108.632
3 103.881
4 93.2121
5 236.25
6 101.86
7 0
8 54.7826
9 0
9
1 76.1111
2 114.255
3 106.312
4 92.7385
5 232.97
6 102.667
7 0
8 55.2727
9 0
9
1 79.0303
2 117.517
3 108.862
4 93.5152
5 230.831
6 100.821
7 0
8 55.7778
9 0
9
1 78.4
2 120.815
3 111.25
4 91.5077
5 227.758
6 101.5
7 0
8 54.4
9 0
9
1 81.2903
2 124.5
3 112.776
4 90.6866
5 224.25
6 101.048
7 0
8 53.8667
9 0
9
1 83.8095
2 128.262
3 114.954
4 90.7692
5 218.031
6 99.122
7 0
8 57.7143
9 0
9
1 85.4444
2 131.161
3 117.552
4 89.6471
5 215.508
6 98.1818
7 0
8 47.5556
9 0
9
1 86.1714
2 132.812
3 119.569
4 88.127
5 211.515
6 98.5882
7 0
8 48.6667
9 0
9
1 89.3659
2 138.258
3 120.418
4 88.9836
5 210.375
6 96.3721
7 0
8 0
9 0
9
1 91.2941
2 144.129
3 124.123
4 86.8571
5 205.333
6 95.9091
7 0
8 61.1429
9 0
9
1 95.125
2 144.508
3 125.375
4 86.4127
5 201.169
6 94.9091
7 0
8 0
9 0
9
1 93.2222
2 150.159
3 126.892
4 86.3492
5 197.636
6 95
7 0
8 0
9 0
9
1 98.9474
2 154.688
3 129.231
4 85.0492
5 194.133
6 93.2549
7 0
8 0
9 0
9
1 101.053
2 159.355
3 129.791
4 84.8667
5 191.75
6 91.9167
7 0
8 0
9 0
9
1 103.902
2 160
3 131.754
4 85.1333
5 187.81
6 91.5556
7 0
8 0
9 0
9
1 104.571
2 164.185
3 132.537
4 85.193
5 189.188
6 91.8462
7 0
8 0
9 0
9
1 102.769
2 163.125
3 135.138
4 82.88
5 189.188
6 91.8431
7 0
8 0
9 0
9
1 101.217
2 162.75
3 138.4
4 80.9796
5 189.785
6 94.8333
7 0
8 0
9 0
9
1 99.2632
2 163
3 142.03
4 77.8537
5 191.365
6 97.0169
7 0
8 0
9 0
9
1 98.0541
2 164.127
3 144.06
4 76.8205
5 191.754
6 96.5091
7 0
8 0
9 0
9
1 96.9143
2 164.667
3 146.585
4 73.7647
5 193.46
6 99.931
7 0
8 0
9 0
9
1 97.7647
2 163.683
3 149.552
4 74.4516
5 194.032
6 102.618
7 0
8 0
9 0
9
1 94.75
2 163.938
3 152.985
4 70.9231
5 198.067
6 102.885
7 0
8 0
9 0
9
1 93.7391
2 162.73
3 157.433
4 68
5 197.397
6 106.968
7 0
8 46.2857
9 0
9
1 92.4571
2 164.19
3 161.785
4 67.2941
5 199.688
6 109.016
7 0
8 0
9 0
9
1 91.6279
2 163.677
3 165.455
4 65.1429
5 202.207
6 110.968
7 0
8 0
9 0
9
1 87.1579
2 162.576
3 169.354
4 66.6667
5 203.267
6 112.537
7 0
8 0
9 0
9
1 87.0968
2 162.839
3 172.308
4 63.3846
5 205.309
6 115.238
7 0
8 0
9 0
9
1 83
2 161.133
3 178.708
4 0
5 206.754
6 118.364
7 0
8 0
9 0
9
1 82.2857
2 159.458
3 182.954
4 0
5 208.226
6 121.375
7 0
8 0
9 0
9
1 79.8667
2 158.456
3 188.299
4 0
5 208.621
6 124.438
7 0
8 0
9 0
9
1 75.4595
2 156.14
3 192.677
4 0
5 209.527
6 127.508
7 0
8 0
9 0
9
1 77.7778
2 154.792
3 199.761
4 0
5 211.2
6 130.831
7 0
8 0
9 0
9
1 73.75
2 153.544
3 202.646
4 0
5 211.608
6 133.433
7 0
8 0
9 0
9
1 72.4706
2 152.067
3 206.567
4 0
5 211.643
6 136
7 0
8 0
9 0
9
1 72.7742
2 151.051
3 209.169
4 0
5 211.935
6 137.134
7 0
8 0
9 0
9
1 71.04
2 149.684
3 213.697
4 0
5 212.073
6 139.815
7 0
8 0
9 0
9
1 67.8095
2 148.145
3 215.815
4 0
5 212.733
6 142.627
7 0
8 0
9 0
9
1 68.4
2 147.28
3 217.6
4 0
5 213.143
6 144.185
7 0
8 0
9 0
9
1 66.6667
2 145.622
3 220.627
4 0
5 213.209
6 145.959
7 0
8 0
9 0
9
1 0
2 0
3 0
4 0
5 0
6 0
7 0
8 0
9 0
9
1 61.7143
2 138.909
3 231.143
4 0
5 211.385
6 153.455
7 0
8 0
9 0
9
1 60.2
2 136.821
3 226.923
4 0
5 206.939
6 152.364
7 0
8 0
9 0
9
1 65.6667
2 135.911
3 235.672
4 0
5 208.429
6 158.467
7 0
8 0
9 0
9
1 60.2222
2 133.385
3 240.123
4 0
5 210.129
6 162.746
7 0
8 0
9 0
9
1 58
2 132.083
3 243.164
4 0
5 210.255
6 165.908
7 0
8 0
9 0
9
1 57.4286
2 129.12
3 246.438
4 0
5 208.787
6 169.552
7 0
8 0
9 0
9
1 57.8462
2 128.255
3 248.554
4 0
5 207.661
6 171.692
7 0
8 0
9 0
9
1 54.7692
2 125.333
3 250.154
4 0
5 207.541
6 174.09
7 0
8 0
9 0
9
1 55.2727
2 123.556
3 252
4 0
5 205.898
6 175.938
7 0
8 0
9 0
9
1 54.6667
2 122.884
3 252.8
4 0
5 206.276
6 176.179
7 0
8 0
9 0
9
1 0
2 120.957
3 253.785
4 0
5 206.857
6 179.446
7 0
8 0
9 0
9
1 52.2857
2 118.311
3 252.848
4 0
5 204.07
6 182.269
7 0
8 0
9 0
9
1 55.3846
2 117.191
3 258.794
4 0
5 200.429
6 185.477
7 0
8 0
9 0
9
1 0
2 114.213
3 260.836
4 0
5 200.889
6 186.769
7 0
8 0
9 0
9
1 0
2 110.612
3 260.554
4 0
5 198.82
6 190.424
7 0
8 0
9 0
9
1 0
2 110.75
3 262.269
4 0
5 197.071
6 192.862
7 0
8 0
9 0
9
1 65
2 107.915
3 262.312
4 0
5 195.051
6 195.403
7 0
8 0
9 0
9
1 0
2 106.439
3 259.302
4 0
5 194
6 197.108
7 0
8 0
9 0
9
1 0
2 103.84
3 262.286
4 0
5 195.784
6 197.511
7 0
8 0
9 0
9
1 0
2 73.1024
3 230.463
4 0
5 182.288
6 230.852
7 0
8 0
9 61.8462
9
1 0
2 72.3333
3 230.737
4 0
5 181.407
6 230.892
7 0
8 0
9 60.3478
9
1 0
2 70.8
3 231.586
4 0
5 183.643
6 229.908
7 0
8 0
9 61.7778
9
1 0
2 73.5
3 229.49
4 0
5 181.556
6 230.97
7 0
8 54
9 60.9231
9
1 0
2 74.4828
3 229.123
4 0
5 182.98
6 230.061
7 0
8 0
9 65.1429
9
1 0
2 72.1176
3 229.931
4 0
5 181.309
6 229.846
7 0
8 0
9 60
9
1 0
2 72.5714
3 231.019
4 0
5 181.68
6 229.851
7 0
8 0
9 61.4
9
1 0
2 74.0741
3 229.931
4 0
5 181.825
6 230.215
7 0
8 0
9 62
9
1 0
2 73.1429
3 230.5
4 0
5 182.596
6 230.448
7 0
8 0
9 61.3333
9
1 0
2 73.7143
3 230.72
4 0
5 182.222
6 229.538
7 0
8 0
9 62.1176
9
1 0
2 76.8276
3 230.929
4 0
5 181.811
6 229.015
7 0
8 0
9 61.6364
9
1 0
2 74
3 229.724
4 0
5 183.852
6 230.031
7 0
8 0
9 61.6842
9
1 0
2 74.0606
3 229.745
4 0
5 181.333
6 229.758
7 0
8 0
9 61.4545
9
1 0
2 72.8
3 230.036
4 0
5 182.5
6 230.277
7 0
8 0
9 59.4545
9
1 0
2 72.6857
3 229.66
4 0
5 182.414
6 229.908
7 0
8 0
9 61.8824
9
1 0
2 73.8667
3 230.588
4 0
5 181.962
6 229.108
7 0
8 0
9 63.619
9
1 0
2 71.04
3 229.742
4 0
5 181.778
6 229.723
7 0
8 0
9 60.5333
9
1 0
2 73.7143
3 230.231
4 0
5 180.815
6 230.061
7 0
8 0
9 61.0526
9
1 0
2 74.1538
3 229.887
4 0
5 182
6 230.215
7 0
8 0
9 61.2308
9
1 0
2 72.3871
3 229.123
4 0
5 182.143
6 230.388
7 0
8 0
9 61.3333
9
1 0
2 72.1538
3 230.692
4 0
5 181.887
6 229.254
7 0
8 0
9 60.7273
9
1 0
2 73.75
3 230.143
4 0
5 182
6 230.092
7 0
8 0
9 61.8824
9
1 0
2 71.6364
3 230.385
4 0
5 182.6
6 230.09
7 0
8 0
9 61.5556
9
1 0
2 72.9143
3 229.544
4 0
5 182.593
6 230.769
7 0
8 0
9 61.1429
9
1 0
2 74.3704
3 229.778
4 0
5 181.627
6 229.015
7 0
8 0
9 60.5714
9
1 0
2 72.9655
3 230
4 0
5 183
6 229.908
7 0
8 0
9 62.1053
9
1 0
2 72.8333
3 229.898
4 0
5 183.2
6 229.851
7 0
8 0
9 60.7273
9
1 0
2 72.8
3 229.891
4 0
5 181.92
6 229.169
7 0
8 0
9 63.3846
9
1 0
2 74.4
3 229.63
4 0
5 182.712
6 230.4
7 0
8 0
9 61.6842
9
1 0
2 72.9231
3 230.182
4 0
5 182.5
6 229.538
7 0
8 0
9 63.5294
9
1 0
2 71.0769
3 228.69
4 0
5 181.085
6 230.338
7 0
8 0
9 62.8571
9
1 0
2 70
3 228.842
4 0
5 181.763
6 229.697
7 0
8 0
9 64
9
1 0
2 72.16
3 229.704
4 0
5 181.31
6 229.477
7 0
8 0
9 64.6667
9
1 0
2 75.3333
3 229.763
4 0
5 182.415
6 229.552
7 0
8 0
9 64.5
9
1 0
2 71.84
3 229.067
4 0
5 182.041
6 230.031
7 0
8 0
9 62.3636
9
1 0
2 73.6
3 230.154
4 0
5 182.039
6 229.493
7 0
8 0
9 58.5714
9
1 0
2 72.9143
3 229.852
4 0
5 180.897
6 230.708
7 0
8 0
9 62.8571
9
1 0
2 74.8148
3 231.925
4 0
5 182.483
6 231.881
7 0
8 0
9 61.4118
9
1 0
2 73.8667
3 225.017
4 0
5 190.113
6 232.123
7 0
8 0
9 63.4545
9
1 0
2 70.9091
3 215.643
4 0
5 196.963
6 233.612
7 0
8 0
9 68
9
1 0
2 65.5238
3 203.509
4 0
5 205.404
6 233.723
7 0
8 60
9 70.9677
9
1 0
2 65.7143
3 195.25
4 0
5 211.6
6 234.667
7 0
8 0
9 75.3103
9
1 0
2 62
3 189.571
4 0
5 215.216
6 233.723
7 0
8 0
9 80.9474
9
1 0
2 61.8824
3 182.231
4 0
5 219.608
6 232.123
7 0
8 0
9 84.4103
9
1 0
2 56.2857
3 174
4 0
5 224.692
6 231.754
7 0
8 52.8889
9 89.1707
9
1 0
2 56.7059
3 168.706
4 0
5 226.667
6 230.646
7 0
8 55.6923
9 92.7568
9
1 0
2 54.8571
3 161.224
4 0
5 230.5
6 229.134
7 0
8 56.6667
9 98.5217
9
1 0
2 59.2
3 158.88
4 0
5 231.373
6 228.862
7 0
8 55.7333
9 100.163
9
1 0
2 0
3 149.52
4 0
5 236.08
6 227.761
7 0
8 58
9 108.72
9
1 0
2 0
3 143.064
4 0
5 238.612
6 227.569
7 0
8 62.8571
9 116.653
9
1 0
2 63.5
3 136.364
4 0
5 239.216
6 227.224
7 0
8 61.8182
9 122.894
9
1 0
2 0
3 130.19
4 0
5 240.583
6 227.446
7 0
8 63.8824
9 130.593
9
1 0
2 0
3 120.837
4 0
5 241.308
6 227.94
7 0
8 69.3846
9 142.868
9
1 0
2 0
3 112.8
4 0
5 242.829
6 229.662
7 0
8 72.1429
9 153.077
9
1 0
2 0
3 103.81
4 0
5 244.231
6 231.879
7 0
8 77.4857
9 163.843
9
1 0
2 0
3 97.6471
4 0
5 243.818
6 233.231
7 0
8 79.8095
9 172.078
9
1 0
2 0
3 90.5806
4 0
5 240.667
6 233.846
7 0
8 82.381
9 178.623
9
1 0
2 0
3 89
4 0
5 241.469
6 234
7 0
8 85.3043
9 183.793
9
1 0
2 0
3 84.3158
4 0
5 239.404
6 235.446
7 0
8 89.6
9 190.643
9
1 0
2 0
3 79.3846
4 0
5 237.953
6 235.394
7 0
8 93.4118
9 197.097
9
1 0
2 0
3 75.0769
4 0
5 235.217
6 234.462
7 0
8 97.8519
9 206.452
9
1 0
2 0
3 70
4 0
5 230.979
6 232.776
7 0
8 102.044
9 214.603
9
1 0
2 0
3 66.2857
4 0
5 227.417
6 230.338
7 0
8 106.087
9 222.338
9
1 0
2 0
3 64.2222
4 0
5 224.34
6 228.909
7 0
8 110.667
9 229.714
9
1 0
2 0
3 62.8
4 0
5 218.378
6 225.969
7 0
8 113.852
9 237.477
9
1 0
2 0
3 0
4 0
5 213.818
6 222.338
7 0
8 118.196
9 246.6
9
1 0
2 0
3 0
4 0
5 206.4
6 217.091
7 0
8 122.98
9 259.091
9
1 0
2 0
3 0
4 0
5 199.043
6 212.492
7 0
8 126.083
9 267.262
9
1 0
2 0
3 0
4 0
5 195.826
6 210.567
7 0
8 127.429
9 270.892
9
1 0
2 0
3 0
4 0
5 196.293
6 209.908
7 0
8 126.979
9 269.939
9
1 0
2 0
3 0
4 0
5 195.636
6 208.776
7 0
8 128.4
9 269.125
9
1 0
2 0
3 0
4 0
5 195.487
6 208
7 0
8 127.698
9 268
