9
1 0
2 0
3 0
4 0
5 0
6 179.385
7 0
8 112
9 318
9
1 0
2 0
3 0
4 0
5 0
6 179.077
7 0
8 118
9 320
9
1 0
2 0
3 0
4 0
5 134.857
6 178
7 0
8 118.5
9 319
9
1 0
2 0
3 0
4 0
5 0
6 180.364
7 0
8 116.5
9 319.385
9
1 0
2 0
3 0
4 0
5 132
6 179.077
7 0
8 118
9 320
9
1 0
2 0
3 0
4 0
5 0
6 180.8
7 0
8 0
9 315.429
9
1 0
2 0
3 0
4 0
5 0
6 0
7 0
8 0
9 0
9
1 0
2 0
3 0
4 0
5 0
6 0
7 0
8 0
9 0
9
1 0
2 0
3 0
4 0
5 0
6 177
7 0
8 114.857
9 309.818
9
1 0
2 0
3 0
4 0
5 0
6 0
7 0
8 0
9 0
9
1 0
2 0
3 0
4 0
5 0
6 0
7 0
8 0
9 0
9
1 0
2 0
3 0
4 0
5 0
6 177.333
7 0
8 0
9 307.429
9
1 0
2 0
3 0
4 0
5 0
6 177.818
7 0
8 0
9 0
9
1 0
2 0
3 0
4 0
5 0
6 0
7 0
8 0
9 0
9
1 0
2 0
3 0
4 0
5 0
6 0
7 0
8 0
9 0
9
1 0
2 0
3 0
4 0
5 0
6 0
7 0
8 0
9 0
9
1 0
2 0
3 0
4 0
5 0
6 0
7 0
8 0
9 0
9
1 0
2 0
3 0
4 0
5 0
6 0
7 0
8 0
9 0
9
1 0
2 0
3 0
4 0
5 0
6 0
7 0
8 0
9 0
9
1 0
2 0
3 0
4 0
5 0
6 0
7 0
8 0
9 0
9
1 0
2 0
3 0
4 0
5 0
6 183.273
7 0
8 113.143
9 301.6
9
1 0
2 0
3 0
4 0
5 0
6 173.818
7 0
8 0
9 0
9
1 0
2 0
3 0
4 0
5 0
6 0
7 0
8 0
9 266.857
9
1 0
2 0
3 0
4 0
5 0
6 0
7 0
8 0
9 0
9
1 0
2 0
3 0
4 0
5 0
6 0
7 0
8 0
9 0
9
1 0
2 0
3 0
4 0
5 0
6 181.778
7 0
8 0
9 0
9
1 0
2 0
3 0
4 0
5 0
6 0
7 0
8 0
9 0
9
1 0
2 0
3 0
4 0
5 0
6 0
7 0
8 0
9 0
9
1 0
2 0
3 0
4 0
5 0
6 0
7 0
8 0
9 0
9
1 0
2 0
3 0
4 0
5 0
6 0
7 0
8 0
9 0
9
1 0
2 0
3 0
4 0
5 0
6 0
7 0
8 0
9 0
9
1 0
2 0
3 0
4 0
5 0
6 0
7 0
8 0
9 0
9
1 0
2 0
3 0
4 0
5 0
6 0
7 0
8 0
9 0
9
1 0
2 0
3 0
4 0
5 0
6 0
7 0
8 0
9 0
9
1 0
2 0
3 0
4 0
5 0
6 0
7 0
8 0
9 0
9
1 0
2 0
3 0
4 0
5 0
6 0
7 0
8 0
9 0
9
1 0
2 0
3 0
4 0
5 0
6 0
7 0
8 0
9 0
9
1 0
2 0
3 0
4 0
5 0
6 0
7 0
8 0
9 0
9
1 0
2 0
3 0
4 0
5 0
6 0
7 0
8 0
9 0
9
1 0
2 0
3 0
4 0
5 0
6 0
7 0
8 0
9 0
9
1 0
2 0
3 0
4 0
5 0
6 0
7 0
8 0
9 0
9
1 0
2 0
3 0
4 0
5 0
6 0
7 0
8 0
9 0
9
1 0
2 0
3 0
4 0
5 0
6 0
7 0
8 0
9 0
9
1 0
2 0
3 0
4 0
5 0
6 0
7 0
8 0
9 0
9
1 0
2 0
3 0
4 0
5 0
6 0
7 0
8 0
9 0
9
1 0
2 0
3 0
4 0
5 0
6 0
7 0
8 0
9 0
9
1 0
2 0
3 0
4 0
5 0
6 0
7 0
8 0
9 0
9
1 0
2 0
3 0
4 0
5 0
6 0
7 0
8 0
9 0
9
1 0
2 0
3 0
4 0
5 0
6 0
7 0
8 0
9 0
9
1 0
2 0
3 0
4 0
5 0
6 0
7 0
8 0
9 0
9
1 0
2 0
3 0
4 0
5 0
6 0
7 0
8 0
9 0
9
1 0
2 0
3 0
4 0
5 0
6 0
7 0
8 0
9 0
9
1 0
2 0
3 0
4 0
5 0
6 0
7 0
8 0
9 0
9
1 0
2 0
3 0
4 0
5 0
6 0
7 0
8 0
9 0
9
1 0
2 0
3 0
4 0
5 0
6 0
7 0
8 0
9 0
9
1 0
2 0
3 0
4 0
5 0
6 0
7 0
8 0
9 0
9
1 0
2 0
3 0
4 0
5 0
6 0
7 0
8 0
9 0
9
1 0
2 0
3 0
4 0
5 0
6 0
7 0
8 0
9 0
9
1 0
2 0
3 0
4 0
5 0
6 0
7 0
8 0
9 0
9
1 0
2 0
3 0
4 0
5 0
6 0
7 0
8 0
9 0
9
1 0
2 0
3 0
4 0
5 0
6 0
7 0
8 0
9 0
9
1 0
2 0
3 0
4 0
5 0
6 0
7 0
8 0
9 0
9
1 0
2 0
3 0
4 0
5 0
6 0
7 0
8 0
9 0
9
1 0
2 0
3 0
4 0
5 0
6 0
7 0
8 0
9 0
9
1 0
2 0
3 0
4 0
5 0
6 0
7 0
8 0
9 0
9
1 0
2 0
3 0
4 0
5 0
6 0
7 0
8 0
9 0
9
1 0
2 0
3 0
4 0
5 0
6 0
7 0
8 0
9 0
9
1 0
2 0
3 0
4 0
5 0
6 0
7 0
8 0
9 0
9
1 0
2 0
3 0
4 0
5 0
6 0
7 0
8 0
9 0
9
1 0
2 0
3 0
4 0
5 0
6 0
7 0
8 0
9 0
9
1 0
2 0
3 0
4 0
5 0
6 0
7 0
8 0
9 0
9
1 0
2 0
3 0
4 0
5 0
6 0
7 0
8 0
9 0
9
1 0
2 0
3 0
4 0
5 0
6 0
7 0
8 0
9 0
9
1 0
2 0
3 0
4 0
5 0
6 0
7 0
8 0
9 0
9
1 0
2 0
3 0
4 0
5 0
6 0
7 0
8 0
9 0
9
1 0
2 0
3 0
4 0
5 0
6 0
7 0
8 0
9 0
9
1 0
2 0
3 0
4 0
5 0
6 0
7 0
8 0
9 244.571
9
1 0
2 0
3 0
4 0
5 0
6 0
7 0
8 0
9 0
9
1 0
2 0
3 0
4 0
5 0
6 0
7 0
8 0
9 0
9
1 0
2 0
3 0
4 0
5 0
6 0
7 0
8 0
9 0
9
1 0
2 0
3 0
4 0
5 0
6 0
7 0
8 0
9 0
9
1 0
2 0
3 0
4 0
5 0
6 0
7 0
8 0
9 0
9
1 0
2 0
3 0
4 0
5 0
6 0
7 0
8 0
9 0
9
1 0
2 0
3 0
4 0
5 0
6 0
7 0
8 0
9 0
9
1 0
2 0
3 0
4 0
5 0
6 0
7 0
8 0
9 0
9
1 0
2 0
3 0
4 0
5 0
6 0
7 0
8 0
9 0
9
1 0
2 0
3 0
4 0
5 0
6 0
7 0
8 0
9 0
9
1 0
2 0
3 0
4 0
5 0
6 0
7 0
8 0
9 0
9
1 0
2 0
3 0
4 0
5 0
6 0
7 0
8 0
9 0
9
1 0
2 0
3 0
4 0
5 0
6 0
7 0
8 0
9 0
9
1 0
2 0
3 0
4 0
5 0
6 0
7 0
8 0
9 0
9
1 0
2 0
3 0
4 0
5 0
6 0
7 0
8 0
9 0
9
1 0
2 0
3 0
4 0
5 0
6 0
7 0
8 0
9 0
9
1 0
2 0
3 0
4 0
5 0
6 0
7 0
8 0
9 0
9
1 0
2 0
3 0
4 0
5 0
6 0
7 0
8 0
9 0
9
1 0
2 0
3 0
4 0
5 0
6 212.571
7 0
8 117.143
9 268.889
9
1 0
2 0
3 0
4 0
5 187.429
6 212
7 0
8 118.222
9 272.615
9
1 0
2 0
3 0
4 0
5 189.5
6 209.538
7 0
8 116
9 270.545
9
1 0
2 0
3 0
4 0
5 191.429
6 211.667
7 0
8 115.5
9 269.667
9
1 0
2 0
3 0
4 0
5 190.857
6 213.091
7 0
8 116.4
9 267.385
9
1 0
2 0
3 0
4 0
5 191.5
6 212.308
7 0
8 116.5
9 269.231
9
1 0
2 0
3 0
4 0
5 0
6 213.538
7 0
8 119
9 265.455
9
1 0
2 0
3 0
4 0
5 188.8
6 212
7 0
8 117.2
9 267.077
9
1 0
2 0
3 0
4 0
5 190.5
6 216.364
7 0
8 118.545
9 264.923
9
1 0
2 0
3 0
4 0
5 191.111
6 213.846
7 0
8 118.333
9 264.308
9
1 0
2 0
3 0
4 0
5 197
6 214.769
7 0
8 115.429
9 262.909
9
1 0
2 0
3 0
4 0
5 194.857
6 213.091
7 0
8 117
9 263.077
9
1 0
2 0
3 0
4 0
5 196
6 214.909
7 0
8 119
9 259.667
9
1 0
2 0
3 0
4 0
5 0
6 215.077
7 0
8 118
9 260.308
9
1 0
2 0
3 0
4 0
5 0
6 215.077
7 0
8 117.778
9 262.545
9
1 0
2 0
3 0
4 0
5 201.5
6 214.909
7 0
8 118.5
9 260
9
1 0
2 0
3 0
4 0
5 0
6 217.667
7 0
8 117.231
9 256.667
9
1 0
2 0
3 0
4 0
5 198.5
6 217.846
7 0
8 118.182
9 255.385
9
1 0
2 0
3 0
4 0
5 197.778
6 217.231
7 0
8 118.222
9 255.636
9
1 0
2 0
3 0
4 0
5 0
6 218.545
7 0
8 118.667
9 255.692
9
1 0
2 0
3 0
4 0
5 201
6 216.667
7 0
8 119
9 253.231
9
1 0
2 0
3 0
4 0
5 205.333
6 218.769
7 0
8 117.091
9 254.333
9
1 0
2 0
3 0
4 0
5 205.6
6 217.846
7 0
8 115.5
9 253.455
9
1 0
2 0
3 0
4 0
5 0
6 218.545
7 0
8 118.222
9 252
9
1 0
2 0
3 0
4 0
5 0
6 217.538
7 0
8 118.545
9 252.667
9
1 0
2 0
3 0
4 0
5 206.5
6 216.308
7 0
8 116.8
9 252.333
9
1 0
2 0
3 0
4 0
5 205.714
6 219.692
7 0
8 117.714
9 252.727
9
1 0
2 0
3 0
4 0
5 206.286
6 218.909
7 0
8 116.889
9 250.769
9
1 0
2 0
3 0
4 0
5 206.5
6 219.385
7 0
8 117.6
9 248.308
9
1 0
2 0
3 0
4 0
5 208.889
6 219.077
7 0
8 118.4
9 248.667
9
1 0
2 0
3 0
4 0
5 212
6 216.615
7 0
8 115.556
9 246.909
9
1 0
2 0
3 0
4 0
5 207.5
6 219.636
7 0
8 116.4
9 243.692
9
1 0
2 0
3 0
4 0
5 212
6 220.923
7 0
8 119.5
9 247.385
9
1 0
2 0
3 0
4 0
5 214
6 219.385
7 0
8 116
9 242.545
9
1 0
2 0
3 0
4 0
5 214.286
6 220.333
7 0
8 119.111
9 241.818
9
1 0
2 0
3 0
4 0
5 215
6 222.182
7 0
8 119.429
9 240.308
9
1 0
2 0
3 0
4 0
5 216.444
6 221.231
7 0
8 116
9 239.692
9
1 0
2 0
3 0
4 0
5 216
6 221.538
7 0
8 118
9 239.273
9
1 0
2 0
3 0
4 0
5 214.857
6 222.333
7 0
8 118.222
9 238.4
9
1 0
2 0
3 0
4 0
5 216.571
6 221.455
7 0
8 115.5
9 237.538
9
1 0
2 0
3 0
4 0
5 0
6 223.692
7 0
8 115.429
9 235.077
9
1 0
2 0
3 0
4 0
5 0
6 221.846
7 0
8 115.2
9 232.4
9
1 0
2 0
3 0
4 0
5 222.222
6 222
7 0
8 118
9 233
9
1 0
2 0
3 0
4 0
5 0
6 222.909
7 0
8 117.714
9 233
9
1 0
2 0
3 0
4 0
5 224
6 224
7 0
8 117.2
9 232.923
9
1 0
2 0
3 0
4 0
5 223
6 221.538
7 0
8 114.8
9 229.333
9
1 0
2 0
3 0
4 0
5 223.556
6 223.636
7 0
8 116.889
9 230
9
1 0
2 0
3 0
4 0
5 221.714
6 224
7 0
8 118
9 229.538
9
1 0
2 0
3 0
4 0
5 225.2
6 223.385
7 0
8 116.444
9 227.077
9
1 0
2 0
3 0
4 0
5 226
6 223.077
7 0
8 116.5
9 228.727
9
1 0
2 0
3 0
4 0
5 226.5
6 222.909
7 0
8 115.111
9 226.667
9
1 0
2 0
3 0
4 0
5 226.857
6 223
7 0
8 115.273
9 226.769
9
1 0
2 0
3 0
4 0
5 224.5
6 225.538
7 0
8 117.6
9 227.077
9
1 0
2 0
3 0
4 0
5 229.5
6 226.769
7 0
8 117.333
9 225.455
9
1 0
2 0
3 0
4 0
5 231
6 225.818
7 0
8 116.5
9 227.385
9
1 0
2 0
3 0
4 0
5 232.571
6 225.667
7 0
8 117.5
9 225.231
9
1 0
2 0
3 0
4 0
5 230.222
6 223.385
7 0
8 116
9 222.667
9
1 0
2 0
3 0
4 0
5 233.333
6 224.308
7 0
8 114.222
9 220.364
9
1 0
2 0
3 0
4 0
5 235.5
6 224.727
7 0
8 116.444
9 222.462
9
1 0
2 0
3 0
4 0
5 234.857
6 225.231
7 0
8 117.333
9 220
9
1 0
2 0
3 0
4 0
5 233.778
6 225.538
7 0
8 114.545
9 218
9
1 0
2 0
3 0
4 0
5 242.4
6 224.923
7 0
8 115.111
9 217.091
9
1 0
2 0
3 0
4 0
5 0
6 226.182
7 0
8 113.5
9 215.667
9
1 0
2 0
3 0
4 0
5 0
6 227.385
7 0
8 115.556
9 216.308
9
1 0
2 0
3 0
4 0
5 238
6 227.077
7 0
8 114.222
9 215.273
9
1 0
2 0
3 0
4 0
5 242.286
6 225.846
7 0
8 113.778
9 212.889
9
1 0
2 0
3 0
4 0
5 240.444
6 226.182
7 0
8 115.667
9 213.846
9
1 0
2 0
3 0
4 0
5 239.5
6 225.846
7 0
8 115.667
9 209.846
9
1 0
2 0
3 0
4 0
5 239.5
6 224.923
7 0
8 116.889
9 210.182
9
1 0
2 0
3 0
4 0
5 245.5
6 224
7 0
8 115
9 209.6
9
1 0
2 0
3 0
4 0
5 243
6 225.091
7 0
8 114.4
9 210.769
9
1 0
2 0
3 0
4 0
5 241.714
6 224.615
7 0
8 112.364
9 208
9
1 0
2 0
3 0
4 0
5 242.222
6 225.538
7 0
8 112.889
9 208.727
9
1 0
2 0
3 0
4 0
5 245.5
6 226.462
7 0
8 114.667
9 209.818
9
1 0
2 0
3 0
4 0
5 248
6 227.636
7 0
8 113
9 206
9
1 0
2 0
3 0
4 0
5 247.111
6 225.538
7 0
8 112.8
9 207.692
9
1 0
2 0
3 0
4 0
5 245
6 225.231
7 0
8 111.6
9 206.545
9
1 0
2 0
3 0
4 0
5 246.222
6 225.538
7 0
8 114.857
9 207.636
9
1 0
2 0
3 0
4 0
5 246.857
6 225.455
7 0
8 111.6
9 203.385
9
1 0
2 0
3 0
4 0
5 247.111
6 224.308
7 0
8 114
9 204.308
9
1 0
2 0
3 0
4 0
5 247.556
6 226.462
7 0
8 113.778
9 204.364
9
1 0
2 0
3 0
4 0
5 247.6
6 225
7 0
8 116.571
9 203.333
9
1 0
2 0
3 0
4 0
5 0
6 226.182
7 0
8 112
9 203.077
9
1 0
2 0
3 0
4 0
5 249.778
6 225.538
7 0
8 113.6
9 203.692
9
1 0
2 0
3 0
4 0
5 248
6 227.077
7 0
8 112.4
9 203.636
9
1 0
2 0
3 74.2857
4 0
5 0
6 227.636
7 0
8 0
9 202
9
1 0
2 0
3 0
4 0
5 0
6 225.091
7 0
8 113.778
9 199.667
9
1 0
2 0
3 0
4 0
5 253.5
6 224.308
7 0
8 113.818
9 201.846
9
1 0
2 0
3 0
4 0
5 253.143
6 225.231
7 0
8 113
9 198
9
1 0
2 0
3 0
4 0
5 256
6 226.182
7 0
8 115.6
9 198.769
9
1 0
2 0
3 0
4 0
5 255
6 226.182
7 0
8 111.5
9 197.538
9
1 0
2 0
3 0
4 0
5 256.364
6 226.462
7 0
8 113
9 196.667
9
1 0
2 0
3 0
4 0
5 258.5
6 227.385
7 0
8 0
9 194.667
9
1 0
2 0
3 68
4 0
5 0
6 227.273
7 0
8 113.455
9 195.077
9
1 0
2 0
3 0
4 0
5 0
6 228
7 0
8 110
9 192.923
9
1 0
2 0
3 0
4 0
5 257.714
6 228.615
7 0
8 113.333
9 193.818
9
1 0
2 0
3 0
4 0
5 258.5
6 227.333
7 0
8 109.778
9 192
9
1 0
2 0
3 0
4 0
5 0
6 225.455
7 0
8 113.333
9 192.615
9
1 0
2 0
3 0
4 0
5 261.778
6 226.769
7 0
8 111.111
9 192.333
9
1 0
2 0
3 0
4 0
5 262.222
6 227.385
7 0
8 112.444
9 187.636
9
1 0
2 0
3 0
4 0
5 264
6 228.727
7 0
8 0
9 189.846
9
1 0
2 0
3 0
4 0
5 261
6 225.091
7 0
8 110.5
9 188
9
1 0
2 0
3 0
4 0
5 262
6 229.231
7 0
8 110.667
9 188.308
9
1 0
2 0
3 0
4 0
5 266
6 228.308
7 0
8 111
9 188.364
9
1 0
2 0
3 0
4 0
5 264.5
6 226.909
7 0
8 110.667
9 186.462
9
1 0
2 0
3 0
4 0
5 270
6 227
7 0
8 110.667
9 183.385
9
1 0
2 0
3 0
4 0
5 267.111
6 227.385
7 0
8 112.4
9 185
9
1 0
2 0
3 74.8571
4 0
5 268.889
6 226.769
7 0
8 111.6
9 183.273
9
1 0
2 0
3 0
4 0
5 266.857
6 226.182
7 0
8 110.667
9 183.667
9
1 0
2 0
3 0
4 0
5 270.857
6 228
7 0
8 110.4
9 183.333
9
1 0
2 0
3 0
4 0
5 269.143
6 228
7 0
8 111.6
9 182.182
9
1 0
2 0
3 77.1429
4 0
5 272.444
6 229.231
7 0
8 109.6
9 180.364
9
1 0
2 0
3 0
4 0
5 269.714
6 228
7 0
8 109.143
9 179.692
9
1 0
2 0
3 0
4 0
5 270.4
6 228.308
7 0
8 108.889
9 176.923
9
1 0
2 0
3 0
4 0
5 272
6 228.615
7 0
8 110.4
9 177.455
9
1 0
2 0
3 0
4 0
5 272.8
6 228.308
7 0
8 109.778
9 177.455
9
1 0
2 0
3 0
4 0
5 277.333
6 229.455
7 0
8 109.091
9 176.667
9
1 0
2 0
3 0
4 0
5 272
6 225.846
7 0
8 107.556
9 175.077
9
1 0
2 0
3 0
4 0
5 275.6
6 228.308
7 0
8 109.333
9 172.667
9
1 0
2 0
3 0
4 0
5 274.333
6 228
7 0
8 107.6
9 172.727
9
1 0
2 0
3 0
4 0
5 275.5
6 227.273
7 0
8 107.667
9 172.308
9
1 0
2 0
3 0
4 0
5 277.5
6 229.538
7 0
8 108.889
9 171.692
9
1 0
2 0
3 0
4 0
5 277
6 230.154
7 0
8 108.444
9 174.909
9
1 0
2 0
3 0
4 0
5 276.444
6 228
7 0
8 108
9 169.667
9
1 0
2 0
3 0
4 0
5 278.222
6 227.636
7 0
8 106.857
9 169.231
9
1 0
2 0
3 0
4 0
5 279
6 227.385
7 0
8 108.4
9 171
9
1 0
2 0
3 79.4286
4 0
5 279.111
6 226.769
7 0
8 106.286
9 171.6
9
1 0
2 0
3 0
4 0
5 278.667
6 228.333
7 0
8 0
9 170.333
9
1 0
2 0
3 82.2857
4 0
5 277.143
6 229.091
7 0
8 108
9 170.462
9
1 0
2 0
3 0
4 0
5 277.714
6 227.385
7 0
8 105.818
9 170.462
9
1 0
2 0
3 81.7143
4 0
5 280.5
6 228.308
7 0
8 108.571
9 169.455
9
1 0
2 0
3 80.5714
4 0
5 280.5
6 229.091
7 0
8 109.143
9 169.667
9
1 0
2 0
3 81
4 0
5 0
6 226.545
7 0
8 106.222
9 168.615
9
1 0
2 0
3 0
4 0
5 0
6 225.538
7 0
8 106
9 168.333
9
1 0
2 0
3 85.7143
4 0
5 280.571
6 227.385
7 0
8 108.4
9 167.6
9
1 0
2 0
3 0
4 0
5 281.2
6 227.273
7 0
8 106.5
9 167.667
9
1 0
2 0
3 0
4 0
5 280.444
6 228.333
7 0
8 104.8
9 165.846
9
1 0
2 0
3 0
4 0
5 281.5
6 230.462
7 0
8 105.6
9 165.846
9
1 0
2 0
3 0
4 0
5 282.222
6 228.615
7 0
8 105.143
9 166
9
1 0
2 0
3 0
4 0
5 282.857
6 225.455
7 0
8 105.091
9 163.692
9
1 0
2 0
3 85.5
4 0
5 0
6 226.769
7 0
8 109
9 162.769
9
1 0
2 0
3 0
4 0
5 283.556
6 225.538
7 0
8 107.5
9 162.182
9
1 0
2 0
3 0
4 0
5 283.556
6 226.154
7 0
8 104
9 164.364
9
1 0
2 0
3 0
4 0
5 286.667
6 228
7 0
8 107
9 161.538
9
1 0
2 0
3 0
4 0
5 282
6 227.385
7 0
8 105.2
9 160.308
9
1 0
2 0
3 86
4 0
5 288
6 227.692
7 0
8 103.2
9 158.545
9
1 0
2 0
3 0
4 0
5 289.714
6 226.154
7 0
8 106.8
9 158.4
9
1 0
2 0
3 0
4 0
5 285.5
6 227.273
7 0
8 106.286
9 160.615
9
1 0
2 0
3 0
4 0
5 0
6 226.769
7 0
8 104.727
9 156.615
9
1 0
2 0
3 0
4 0
5 287.636
6 227.692
7 0
8 105.455
9 156.727
9
1 0
2 0
3 0
4 0
5 290
6 227.385
7 0
8 103.111
9 156.727
9
1 0
2 0
3 90
4 0
5 287.429
6 226.909
7 0
8 106.222
9 156.308
9
1 0
2 0
3 0
4 0
5 286.667
6 228
7 0
8 103.636
9 156
9
1 0
2 0
3 0
4 0
5 289.333
6 227.077
7 0
8 103.2
9 155.6
9
1 0
2 0
3 0
4 0
5 289.091
6 227.077
7 0
8 103.2
9 154.909
9
1 0
2 0
3 94.2857
4 0
5 289.714
6 226.182
7 0
8 101.6
9 153.455
9
1 0
2 0
3 89.1429
4 0
5 290
6 225.538
7 0
8 103.111
9 153.333
9
1 0
2 0
3 0
4 0
5 290.667
6 225.231
7 0
8 101.778
9 151.6
9
1 0
2 0
3 91.5
4 0
5 289.333
6 228.333
7 0
8 102.857
9 153.6
9
1 0
2 0
3 0
4 0
5 290.857
6 224.727
7 0
8 102.667
9 152.308
9
1 0
2 0
3 0
4 0
5 293.6
6 225.231
7 0
8 104
9 150.462
9
1 0
2 0
3 90.8571
4 0
5 290.545
6 225.231
7 0
8 0
9 148.889
9
1 0
2 0
3 0
4 0
5 291.111
6 227
7 0
8 101.5
9 146
9
1 0
2 0
3 0
4 0
5 291.429
6 225.818
7 0
8 103.2
9 144.364
9
1 0
2 0
3 0
4 0
5 294.182
6 225.231
7 0
8 103.111
9 145.231
9
1 0
2 0
3 92
4 0
5 294.222
6 225.538
7 0
8 100.5
9 144.364
9
1 0
2 0
3 0
4 0
5 0
6 226.909
7 0
8 101.091
9 143.077
9
1 0
2 0
3 0
4 0
5 294.909
6 226
7 0
8 102.222
9 142.462
9
1 0
2 0
3 0
4 0
5 295.111
6 225.538
7 0
8 99.3333
9 142.769
9
1 0
2 0
3 93.1429
4 0
5 295.636
6 227.385
7 0
8 101.6
9 144.727
9
1 0
2 0
3 98.4
4 0
5 298.222
6 225.818
7 0
8 99.1111
9 140.923
9
1 0
2 0
3 0
4 0
5 297
6 225.667
7 0
8 98.8
9 142.154
9
1 0
2 0
3 97.1429
4 0
5 294.8
6 224.923
7 0
8 99.5
9 140.4
9
1 0
2 0
3 98.6667
4 0
5 298.222
6 225.846
7 0
8 0
9 140
9
1 0
2 0
3 0
4 0
5 296.571
6 224.364
7 0
8 98.8571
9 141.333
9
1 0
2 0
3 96.5714
4 0
5 296
6 225.231
7 0
8 100.444
9 139.333
9
1 0
2 0
3 95.4286
4 0
5 297.333
6 224
7 0
8 101.778
9 137.455
9
1 0
2 0
3 98.5
4 0
5 298.5
6 224.923
7 0
8 98.8
9 138
9
1 0
2 0
3 97
4 0
5 298
6 222.182
7 0
8 98.2222
9 136.8
9
1 0
2 0
3 97.5
4 0
5 300
6 223.692
7 0
8 100.444
9 137.818
9
1 0
2 0
3 99.5
4 0
5 302
6 225.231
7 0
8 96
9 136
9
1 0
2 0
3 98.5
4 0
5 296.889
6 226.769
7 0
8 100.5
9 133.6
9
1 0
2 0
3 0
4 0
5 297.714
6 226.182
7 0
8 99
9 133.091
9
1 0
2 0
3 0
4 0
5 298
6 224
7 0
8 98
9 132
9
1 0
2 0
3 0
4 0
5 299.6
6 222.769
7 0
8 100
9 134
9
1 0
2 0
3 101.5
4 0
5 298.909
6 223.667
7 0
8 96.4444
9 131.636
9
1 0
2 0
3 101
4 0
5 299
6 224.364
7 0
8 96.8889
9 130.154
9
1 0
2 0
3 0
4 0
5 300.333
6 224.615
7 0
8 95.5556
9 130.462
9
1 0
2 0
3 101.6
4 0
5 302
6 222.462
7 0
8 89.4545
9 128.4
9
1 0
2 0
3 103.429
4 0
5 301.818
6 223.667
7 0
8 97
9 128.667
9
1 0
2 0
3 0
4 0
5 304.8
6 221.818
7 0
8 94
9 128
9
1 0
2 0
3 0
4 0
5 300.889
6 224.308
7 0
8 96.4
9 126.545
9
1 0
2 0
3 0
4 0
5 302.222
6 223.077
7 0
8 0
9 126.545
9
1 0
2 0
3 106
4 0
5 305.5
6 222.545
7 0
8 0
9 124.308
9
1 0
2 0
3 0
4 0
5 301.714
6 222.333
7 0
8 94
9 124.615
9
1 0
2 0
3 0
4 0
5 302
6 223.077
7 0
8 92.5
9 124
9
1 0
2 0
3 106.5
4 0
5 303.6
6 222.154
7 0
8 93.5
9 119.636
9
1 0
2 0
3 108
4 0
5 302.909
6 222.909
7 0
8 92
9 123.077
9
1 0
2 0
3 0
4 0
5 303.5
6 220.667
7 0
8 91.1111
9 119.273
9
1 0
2 0
3 109.714
4 0
5 305
6 221.538
7 0
8 0
9 121.333
9
1 0
2 0
3 109.778
4 0
5 304.4
6 221.538
7 0
8 92.5
9 120
9
1 0
2 0
3 0
4 0
5 304
6 221.455
7 0
8 0
9 118.667
9
1 0
2 0
3 112
4 0
5 306
6 220.667
7 0
8 0
9 116.4
9
1 0
2 0
3 109.778
4 0
5 303.556
6 220.615
7 0
8 89.1429
9 117.231
9
1 0
2 0
3 111.556
4 0
5 302.667
6 218.769
7 0
8 92.4444
9 117.333
9
1 0
2 0
3 107.429
4 0
5 303.273
6 220
7 0
8 90.6667
9 116.4
9
1 0
2 0
3 0
4 0
5 304.571
6 220.727
7 0
8 89.2
9 118
9
1 0
2 0
3 0
4 0
5 304.444
6 219.077
7 0
8 93.3333
9 116.4
9
1 0
2 0
3 111.2
4 0
5 306.4
6 218.462
7 0
8 90.2857
9 115.556
9
1 0
2 0
3 112.4
4 0
5 305.6
6 218.909
7 0
8 89.0909
9 113.455
9
1 0
2 0
3 0
4 0
5 303.556
6 219.333
7 0
8 94
9 115.636
9
1 0
2 0
3 0
4 0
5 304.4
6 217.538
7 0
8 90.9091
9 113.778
9
1 0
2 0
3 111.5
4 0
5 306.8
6 218.462
7 0
8 89.1429
9 113.6
9
1 0
2 0
3 111
4 0
5 307.5
6 218.909
7 0
8 91
9 112.727
9
1 0
2 0
3 0
4 0
5 305.2
6 219.077
7 0
8 88.7273
9 112.615
9
1 0
2 0
3 110
4 0
5 307
6 218.462
7 0
8 93
9 112
9
1 0
2 0
3 112.889
4 0
5 306.8
6 216.308
7 0
8 86.8571
9 114.222
9
1 0
2 0
3 109.2
4 0
5 304.5
6 219.273
7 0
8 90.6667
9 112
9
1 0
2 0
3 0
4 0
5 307.5
6 221.231
7 0
8 92.8
9 113.538
9
1 0
2 0
3 112.444
4 0
5 303.6
6 219.077
7 0
8 0
9 113.091
9
1 0
2 0
3 113
4 0
5 306.286
6 218.154
7 0
8 0
9 110.545
9
1 0
2 0
3 111.111
4 0
5 304.8
6 219.636
7 0
8 0
9 114.154
9
1 0
2 0
3 114.857
4 0
5 306
6 217.846
7 0
8 0
9 110.4
9
1 0
2 0
3 113.5
4 0
5 303.273
6 218.462
7 0
8 0
9 110
9
1 0
2 0
3 115.111
4 0
5 306.333
6 218.333
7 0
8 88
9 108.444
9
1 0
2 0
3 114.5
4 0
5 308
6 218.182
7 0
8 89.2
9 109.778
9
1 0
2 0
3 116
4 0
5 306.667
6 219.077
7 0
8 86.8
9 107.636
9
1 0
2 0
3 115.5
4 0
5 306.222
6 217.538
7 0
8 89.0909
9 107.5
9
1 0
2 0
3 117.333
4 0
5 306.4
6 216.364
7 0
8 85.7143
9 108
9
1 0
2 0
3 118.857
4 0
5 306.222
6 219.273
7 0
8 84.5714
9 106
9
1 0
2 0
3 118.8
4 0
5 307
6 218.154
7 0
8 85.3333
9 104
9
1 0
2 0
3 118.222
4 0
5 308.8
6 216.923
7 0
8 0
9 100
9
1 0
2 0
3 120.444
4 0
5 306.4
6 215.636
7 0
8 85
9 102.222
9
1 0
2 0
3 0
4 0
5 307.111
6 215.333
7 0
8 83.6
9 101
9
1 0
2 0
3 0
4 0
5 309.818
6 216.923
7 0
8 81
9 100.4
9
1 0
2 0
3 121.5
4 0
5 305.5
6 216.308
7 0
8 0
9 102.286
9
1 0
2 0
3 121.091
4 0
5 308.444
6 217.091
7 0
8 81.5
9 100.4
9
1 0
2 0
3 121
4 0
5 307.2
6 215.273
7 0
8 82.5
9 100
9
1 0
2 0
3 123.429
4 0
5 303.2
6 215.077
7 0
8 82.8571
9 99.3333
9
1 0
2 0
3 122.4
4 0
5 307.2
6 216.615
7 0
8 0
9 97.1429
9
1 0
2 0
3 121.455
4 0
5 311
6 216
7 0
8 84.5714
9 96.8
9
1 0
2 0
3 120.444
4 0
5 0
6 213.667
7 0
8 81.2
9 95.2727
9
1 0
2 0
3 0
4 0
5 306
6 214.462
7 0
8 0
9 99.2
9
1 0
2 0
3 124.444
4 0
5 308
6 212.615
7 0
8 81.1429
9 96.5
9
1 0
2 0
3 124.889
4 0
5 308
6 213.091
7 0
8 83.4286
9 94.9091
9
1 0
2 0
3 123.6
4 0
5 305.143
6 212.667
7 0
8 81.7778
9 93.2
9
1 0
2 0
3 124
4 0
5 307.6
6 212.308
7 0
8 82
9 92
9
1 0
2 0
3 0
4 0
5 307
6 210.154
7 0
8 0
9 93.1429
9
1 0
2 0
3 127.111
4 0
5 306.222
6 210.909
7 0
8 0
9 92
9
1 0
2 0
3 128
4 0
5 305.714
6 210.154
7 0
8 77.7143
9 91
9
1 0
2 0
3 127
4 0
5 305.333
6 210.462
7 0
8 79.5
9 88.8889
9
1 0
2 0
3 128
4 0
5 307.6
6 208.615
7 0
8 0
9 87.5
9
1 0
2 0
3 129.667
4 0
5 308
6 208.364
7 0
8 0
9 91.2
9
1 0
2 0
3 129.333
4 0
5 308.889
6 209.231
7 0
8 78.2222
9 89.6667
9
1 0
2 0
3 128.4
4 0
5 305.2
6 207.077
7 0
8 79.4286
9 95.5556
9
1 0
2 0
3 129.2
4 0
5 305.6
6 207.385
7 0
8 0
9 88
9
1 0
2 0
3 128.571
4 0
5 307.273
6 206.545
7 0
8 78.6667
9 86.1818
9
1 0
2 0
3 130.5
4 0
5 306
6 204.615
7 0
8 0
9 86.5
9
1 0
2 0
3 130.667
4 0
5 307.692
6 204.615
7 0
8 78
9 82.8571
9
1 0
2 0
3 131.111
4 0
5 305.2
6 205
7 0
8 76
9 85.7778
9
1 0
2 0
3 134
4 0
5 307
6 203.636
7 0
8 74.5
9 82.5
9
1 0
2 0
3 133.778
4 0
5 306.182
6 203.385
7 0
8 0
9 84.5714
9
1 0
2 0
3 130.545
4 0
5 307.667
6 204
7 0
8 74.8571
9 83.5556
9
1 0
2 0
3 132
4 0
5 304
6 203.636
7 0
8 74.6667
9 81.7778
9
1 0
2 0
3 132.4
4 0
5 308
6 200.364
7 0
8 74.2222
9 79.6364
9
1 0
2 0
3 131.636
4 0
5 308
6 200.923
7 0
8 74.6667
9 81.3333
9
1 0
2 0
3 133.818
4 0
5 306.4
6 200.615
7 0
8 0
9 80.4
9
1 0
2 0
3 133.091
4 0
5 306.4
6 199.636
7 0
8 0
9 79.2727
9
1 0
2 0
3 133.333
4 0
5 304.889
6 198.545
7 0
8 0
9 76.8889
9
1 0
2 0
3 131.5
4 0
5 306.182
6 200.308
7 0
8 75.4286
9 78.2222
9
1 0
2 0
3 132.8
4 0
5 303.6
6 199.077
7 0
8 0
9 0
9
1 0
2 0
3 133
4 0
5 305.6
6 195.273
7 0
8 0
9 0
9
1 0
2 0
3 131
4 0
5 0
6 197.333
7 0
8 0
9 75.5
9
1 0
2 0
3 133.5
4 0
5 305.5
6 198.769
7 0
8 0
9 0
9
1 0
2 0
3 136
4 0
5 306
6 196.615
7 0
8 0
9 0
9
1 0
2 68.5714
3 137.091
4 0
5 306.333
6 198.545
7 0
8 72.5
9 75.5556
9
1 0
2 0
3 135.6
4 0
5 304.571
6 194.462
7 0
8 73.1429
9 73.1429
9
1 0
2 70.2857
3 140
4 0
5 306.462
6 196
7 0
8 73.3333
9 72.5714
9
1 0
2 68
3 138.667
4 0
5 305.333
6 193.231
7 0
8 0
9 0
9
1 0
2 0
3 0
4 0
5 305.091
6 192.727
7 0
8 0
9 0
9
1 0
2 0
3 139
4 0
5 303.636
6 193.231
7 0
8 71.1111
9 0
9
1 0
2 0
3 138.4
4 0
5 303.6
6 192.615
7 0
8 73.5
9 72
9
1 0
2 0
3 137.455
4 0
5 304.727
6 192.615
7 0
8 0
9 0
9
1 0
2 71.5556
3 140
4 0
5 304.5
6 191.273
7 0
8 71.4286
9 71
9
1 0
2 0
3 140.727
4 0
5 303.6
6 191.692
7 0
8 0
9 67.1111
9
1 0
2 76
3 141.818
4 0
5 301.2
6 188.615
7 0
8 0
9 68.5
9
1 0
2 0
3 143.667
4 0
5 301.818
6 187.333
7 0
8 75.1111
9 0
9
1 0
2 0
3 142.909
4 0
5 303.6
6 189.091
7 0
8 0
9 0
9
1 0
2 0
3 143.556
4 0
5 298.909
6 178.857
7 0
8 0
9 68.5714
9
1 0
2 0
3 143.692
4 0
5 302
6 186.769
7 0
8 0
9 66
9
1 0
2 0
3 142.182
4 0
5 301.818
6 186.909
7 0
8 69.7143
9 0
9
1 0
2 80
3 142.182
4 0
5 301.778
6 184
7 0
8 0
9 0
9
1 0
2 0
3 143.556
4 0
5 300.615
6 183.385
7 0
8 0
9 0
9
1 0
2 0
3 144
4 0
5 299.556
6 184
7 0
8 65.1429
9 0
9
1 0
2 81.7143
3 145.2
4 0
5 298.333
6 182.909
7 0
8 0
9 0
9
1 0
2 82.5
3 145.455
4 0
5 297.455
6 180.615
7 0
8 0
9 0
9
1 0
2 0
3 148.4
4 0
5 296.667
6 182.154
7 0
8 0
9 0
9
1 0
2 0
3 150.909
4 0
5 297.778
6 182.462
7 0
8 0
9 0
9
1 0
2 84.8889
3 150.462
4 0
5 296.444
6 182.545
7 0
8 0
9 0
9
1 0
2 84.4444
3 152
4 0
5 294.4
6 179.333
7 0
8 64.5714
9 0
9
1 0
2 88
3 150
4 0
5 295.556
6 177.846
7 0
8 64
9 0
9
1 0
2 0
3 150.545
4 0
5 294.4
6 177.231
7 0
8 0
9 0
9
1 0
2 86
3 152.667
4 0
5 294
6 176.364
7 0
8 0
9 0
9
1 0
2 90
3 151.6
4 0
5 294.8
6 176.308
7 0
8 0
9 0
9
1 0
2 0
3 156.333
4 0
5 292
6 175.692
7 0
8 0
9 0
9
1 0
2 93
3 156
4 0
5 292.4
6 173.538
7 0
8 0
9 0
9
1 0
2 94.2857
3 158.182
4 0
5 289
6 172.364
7 0
8 0
9 0
9
1 0
2 94.6667
3 157.2
4 0
5 290.4
6 172
7 0
8 0
9 0
9
1 0
2 91.4286
3 155.667
4 0
5 291.5
6 172.923
7 0
8 0
9 0
9
1 0
2 92.4444
3 156.308
4 0
5 288.4
6 174.769
7 0
8 0
9 0
9
1 0
2 96.4444
3 153.667
4 0
5 291.2
6 171.273
7 0
8 60.5714
9 0
9
1 0
2 92
3 155
4 0
5 293
6 170.154
7 0
8 0
9 0
9
1 0
2 92
3 156
4 0
5 288.667
6 172.308
7 0
8 0
9 0
9
1 0
2 93
3 156.333
4 0
5 289.846
6 171.692
7 0
8 0
9 0
9
1 0
2 0
3 155.385
4 0
5 291.636
6 172.364
7 0
8 0
9 0
9
1 0
2 0
3 155.636
4 0
5 291.556
6 171
7 0
8 0
9 0
9
1 0
2 95
3 156.364
4 0
5 288.667
6 169.846
7 0
8 0
9 0
9
1 0
2 98
3 155.636
4 0
5 287.2
6 171.077
7 0
8 0
9 0
9
1 0
2 99.2
3 156
4 0
5 286.5
6 167.636
7 0
8 63.4286
9 0
9
1 0
2 0
3 158.182
4 0
5 287
6 167.692
7 0
8 0
9 0
9
1 0
2 98.6667
3 157.333
4 0
5 286
6 165.846
7 0
8 0
9 0
9
1 0
2 97.7778
3 155.385
4 0
5 287.2
6 163.692
7 0
8 0
9 0
9
1 0
2 100
3 156
4 0
5 286.182
6 164.727
7 0
8 0
9 0
9
1 0
2 100.5
3 154.909
4 0
5 283.5
6 161.846
7 0
8 0
9 0
9
1 0
2 103.429
3 156
4 0
5 283.667
6 162.462
7 0
8 0
9 0
9
1 0
2 103.2
3 156.308
4 0
5 280.8
6 159.385
7 0
8 0
9 0
9
1 0
2 103.667
3 158.154
4 0
5 280
6 157.091
7 0
8 0
9 0
9
1 0
2 105.333
3 156.727
4 0
5 281.333
6 155.385
7 0
8 56
9 0
9
1 0
2 104.5
3 156.923
4 0
5 278.4
6 156.615
7 0
8 0
9 0
9
1 0
2 104.8
3 158.462
4 0
5 277.455
6 153.333
7 0
8 0
9 0
9
1 0
2 104.5
3 156
4 0
5 277.2
6 154.545
7 0
8 0
9 0
9
1 0
2 108
3 156.8
4 0
5 275.667
6 155.077
7 0
8 0
9 0
9
1 0
2 109.778
3 157.231
4 0
5 274.909
6 152
7 0
8 0
9 0
9
1 0
2 110.8
3 158.667
4 0
5 275.667
6 150.909
7 0
8 0
9 0
9
1 0
2 110.222
3 156.923
4 0
5 272
6 148.727
7 0
8 0
9 0
9
1 0
2 111.429
3 159.273
4 0
5 271.333
6 148
7 0
8 0
9 0
9
1 0
2 111.556
3 159.077
4 0
5 273.818
6 148.667
7 0
8 0
9 0
9
1 0
2 109.778
3 158.769
4 0
5 269.818
6 149.455
7 0
8 0
9 0
9
1 0
2 113.143
3 157.667
4 0
5 271.429
6 148.333
7 0
8 0
9 0
9
1 0
2 113
3 158.909
4 0
5 271.273
6 148
7 0
8 0
9 0
9
1 0
2 115.111
3 158.769
4 0
5 268.667
6 145.846
7 0
8 0
9 0
9
1 0
2 116.364
3 157.231
4 0
5 268
6 145.818
7 0
8 0
9 0
9
1 0
2 115.111
3 158
4 0
5 266.5
6 144.667
7 0
8 0
9 0
9
1 0
2 115.5
3 156
4 0
5 268.667
6 146.154
7 0
8 0
9 0
9
1 0
2 118
3 157.231
4 0
5 264.5
6 142.154
7 0
8 0
9 0
9
1 0
2 119.273
3 158.462
4 0
5 263.556
6 142.909
7 0
8 0
9 0
9
1 0
2 116
3 155.273
4 0
5 264
6 142.154
7 0
8 0
9 0
9
1 0
2 120.889
3 157.818
4 0
5 262.182
6 140.308
7 0
8 0
9 0
9
1 0
2 122.857
3 158.154
4 0
5 261.2
6 139.385
7 0
8 0
9 0
9
1 0
2 123.556
3 158.769
4 0
5 259.6
6 138.182
7 0
8 0
9 0
9
1 0
2 125.818
3 157.333
4 0
5 252.4
6 137.333
7 0
8 0
9 0
9
1 0
2 125.333
3 158.182
4 0
5 254
6 136.308
7 0
8 0
9 0
9
1 0
2 128
3 158.462
4 0
5 252
6 134.462
7 0
8 0
9 0
9
1 0
2 127.6
3 158.769
4 0
5 249.6
6 134.909
7 0
8 0
9 0
9
1 0
2 130.8
3 158.545
4 0
5 250
6 133.231
7 0
8 0
9 0
9
1 0
2 129.143
3 157.667
4 0
5 248.8
6 132
7 0
8 0
9 0
9
1 0
2 130.545
3 156.615
4 0
5 247
6 129.538
7 0
8 0
9 0
9
1 0
2 132.333
3 157.231
4 0
5 244.364
6 129.091
7 0
8 0
9 0
9
1 0
2 133.2
3 156.364
4 0
5 242.222
6 128.308
7 0
8 0
9 0
9
1 0
2 134
3 154.667
4 0
5 239.6
6 127.692
7 0
8 0
9 0
9
1 0
2 136
3 155.077
4 0
5 239.556
6 125.846
7 0
8 0
9 0
9
1 0
2 136
3 154.462
4 0
5 237.091
6 125.455
7 0
8 0
9 0
9
1 75.5
2 137.333
3 153.818
4 0
5 236.444
6 125.538
7 0
8 0
9 0
9
1 0
2 139.5
3 155.333
4 0
5 234.154
6 122.462
7 0
8 0
9 0
9
1 0
2 137.333
3 154.462
4 0
5 235.6
6 122.333
7 0
8 0
9 0
9
1 0
2 140.8
3 153.846
4 0
5 229.333
6 120
7 0
8 0
9 0
9
1 79.1111
2 138.5
3 150.909
4 0
5 228.333
6 117.667
7 0
8 0
9 0
9
1 0
2 142.222
3 154.462
4 0
5 230.182
6 117.231
7 0
8 0
9 0
9
1 0
2 142.667
3 153.538
4 0
5 226.667
6 119.385
7 0
8 0
9 0
9
1 77.7778
2 142.667
3 152
4 0
5 225.5
6 116.727
7 0
8 0
9 0
9
1 74.6667
2 141.778
3 152
4 0
5 226.8
6 116.364
7 0
8 0
9 0
9
1 0
2 142
3 150.462
4 0
5 224.333
6 116
7 0
8 0
9 0
9
1 84
2 145.333
3 152
4 0
5 223.333
6 115.692
7 0
8 0
9 0
9
1 75.2
2 144.333
3 149.538
4 0
5 222.545
6 114.182
7 0
8 0
9 0
9
1 0
2 147
3 148.364
4 0
5 220
6 114.182
7 0
8 0
9 0
9
1 84.5
2 146.909
3 147.077
4 0
5 218
6 113.538
7 0
8 0
9 0
9
1 81.3333
2 146.769
3 147.692
4 0
5 219.667
6 114.154
7 0
8 0
9 0
9
1 0
2 148
3 148.308
4 0
5 215.273
6 112.4
7 0
8 0
9 0
9
1 84.8
2 147.6
3 146.545
4 0
5 214.909
6 109.846
7 0
8 0
9 0
9
1 0
2 148.8
3 146.154
4 0
5 211.273
6 108
7 0
8 0
9 0
9
1 83.1111
2 150.545
3 144.923
4 77.1429
5 209.455
6 108.333
7 0
8 0
9 0
9
1 0
2 150.333
3 145.231
4 0
5 213.091
6 109.818
7 0
8 0
9 0
9
1 0
2 150.667
3 145.091
4 0
5 208.308
6 106.769
7 0
8 0
9 0
9
1 0
2 152.8
3 144.615
4 0
5 207.077
6 106
7 0
8 0
9 0
9
1 0
2 154.545
3 146.154
4 0
5 207.077
6 106.667
7 0
8 0
9 0
9
1 0
2 154.909
3 142.769
4 0
5 205.2
6 105.333
7 0
8 0
9 0
9
1 93.7143
2 154
3 145.455
4 0
5 205.091
6 104.667
7 0
8 0
9 0
9
1 0
2 155.556
3 142.769
4 77.1429
5 201.818
6 104
7 0
8 0
9 0
9
1 0
2 156.615
3 142.462
4 0
5 200.615
6 104.444
7 0
8 0
9 0
9
1 92
2 156.615
3 140.308
4 0
5 199.111
6 101.2
7 0
8 0
9 0
9
1 0
2 157.2
3 139.636
4 0
5 196.615
6 98.7692
7 0
8 0
9 0
9
1 95.4286
2 158.182
3 140.615
4 75.5556
5 194.333
6 97.2
7 0
8 0
9 0
9
1 0
2 161
3 139.385
4 75.1111
5 192.923
6 96.4444
7 0
8 0
9 0
9
1 95.1111
2 160.923
3 140
4 77.3333
5 192.364
6 97
7 0
8 0
9 0
9
1 100
2 161.091
3 139.273
4 75.1111
5 191.385
6 98.2222
7 0
8 0
9 0
9
1 0
2 160.615
3 138.462
4 76.8
5 191.556
6 96.4
7 0
8 0
9 0
9
1 100
2 162.182
3 139.636
4 0
5 191.667
6 96
7 0
8 0
9 0
9
1 98.5
2 162.182
3 139.333
4 77.6
5 191.077
6 96.8
7 0
8 0
9 0
9
1 102
2 163.667
3 137.846
4 77.3333
5 188
6 96
7 0
8 0
9 0
9
1 102.5
2 162.769
3 136.923
4 78.8
5 189.455
6 94.2222
7 0
8 0
9 0
9
1 99.4286
2 163.636
3 139.273
4 0
5 186.667
6 93.6
7 0
8 0
9 0
9
1 0
2 165.6
3 136.923
4 79.6
5 185.818
6 91.6
7 0
8 0
9 0
9
1 102.222
2 166.154
3 137.231
4 82.4
5 185.846
6 92
7 0
8 0
9 0
9
1 104
2 167.385
3 136.923
4 80
5 182.909
6 94
7 0
8 0
9 0
9
1 107.429
2 170.182
3 136.727
4 78.5
5 180
6 90
7 0
8 0
9 0
9
1 104
2 165.091
3 134.154
4 84
5 180.667
6 93.0909
7 0
8 0
9 0
9
1 110
2 164.571
3 137.538
4 82.1818
5 176.615
6 87.4286
7 0
8 0
9 0
9
1 107.111
2 169.231
3 135.077
4 83.5
5 176.727
6 89
7 0
8 0
9 0
9
1 108.571
2 168.727
3 133.091
4 80.8889
5 176.308
6 88.7273
7 0
8 0
9 0
9
1 112
2 171
3 134.154
4 81.0909
5 176
6 87.2
7 0
8 0
9 0
9
1 109.143
2 172.308
3 132.308
4 82
5 173.846
6 85.5
7 0
8 0
9 0
9
1 110.667
2 173.231
3 134.667
4 84.4
5 173.818
6 84
7 0
8 0
9 0
9
1 111.5
2 172.727
3 131.636
4 83.1111
5 175.333
6 87.5556
7 0
8 0
9 0
9
1 0
2 172.615
3 131.385
4 82.9091
5 173.231
6 88.8889
7 0
8 0
9 0
9
1 108.5
2 171.385
3 133.231
4 83.1111
5 173.333
6 0
7 0
8 0
9 0
9
1 110.4
2 164.857
3 133.333
4 82.8
5 171.273
6 83.5
7 0
8 0
9 0
9
1 115.5
2 174.8
3 132.364
4 83.2727
5 172.333
6 88
7 0
8 0
9 0
9
1 0
2 166.286
3 129.846
4 80.8
5 169.846
6 83.2
7 0
8 0
9 0
9
1 116
2 175.692
3 132.923
4 83.6364
5 168.727
6 83.4286
7 0
8 0
9 0
9
1 114
2 175.692
3 131.667
4 83.6364
5 169.2
6 85
7 0
8 0
9 0
9
1 0
2 177.6
3 130.182
4 84.8
5 165.538
6 80.5714
7 0
8 0
9 0
9
1 0
2 173.143
3 130.154
4 83.6
5 164.615
6 80.5714
7 0
8 0
9 0
9
1 117.5
2 176.923
3 131.385
4 83.6923
5 164.667
6 0
7 0
8 0
9 0
9
1 117.5
2 177.846
3 129.091
4 84.7273
5 166.182
6 81.2
7 0
8 0
9 0
9
1 0
2 177.091
3 127.636
4 86.3333
5 161
6 79
7 0
8 0
9 0
9
1 0
2 179.692
3 128.615
4 83.6667
5 161.538
6 80
7 0
8 0
9 0
9
1 118.5
2 179.692
3 129.231
4 84.3636
5 160.333
6 0
7 0
8 0
9 0
9
1 0
2 181.538
3 128.727
4 86.9091
5 160.364
6 80
7 0
8 0
9 0
9
1 121
2 182.545
3 128.333
4 87.6667
5 159.077
6 0
7 0
8 0
9 0
9
1 0
2 181.231
3 129.231
4 85.0909
5 158.462
6 74.5
7 0
8 0
9 0
9
1 122.222
2 181.231
3 126.154
4 86.6667
5 156
6 79
7 0
8 0
9 0
9
1 123.5
2 184
3 127.333
4 88.7273
5 154.909
6 78.5
7 0
8 0
9 0
9
1 0
2 184.364
3 126.909
4 88.9231
5 155.692
6 78.5
7 0
8 0
9 0
9
1 128.571
2 184.923
3 126.462
4 86.7692
5 153.846
6 74
7 0
8 0
9 0
9
1 127.429
2 185.538
3 127.385
4 84
5 153.455
6 0
7 0
8 0
9 0
9
1 128
2 185.846
3 124.364
4 87.6364
5 152.364
6 73.7143
7 0
8 0
9 0
9
1 128
2 189.091
3 125.333
4 87.2727
5 151.385
6 0
7 0
8 0
9 0
9
1 129.778
2 185.231
3 125.231
4 88
5 150.769
6 73
7 0
8 0
9 0
9
1 132.5
2 188.615
3 123.077
4 88
5 150.182
6 0
7 0
8 0
9 0
9
1 129
2 189.333
3 126.909
4 88
5 147.667
6 71.4286
7 0
8 0
9 0
9
1 0
2 187.636
3 125
4 88
5 149.538
6 70.2857
7 0
8 0
9 0
9
1 130.286
2 187.385
3 124.923
4 88
5 148.308
6 71
7 0
8 0
9 0
9
1 133
2 182
3 125.846
4 85.6667
5 146.909
6 0
7 0
8 0
9 0
9
1 132
2 180.333
3 124
4 88.8
5 148.308
6 0
7 0
8 0
9 0
9
1 0
2 189.455
3 123.385
4 85.8182
5 145.538
6 70.2857
7 0
8 0
9 0
9
1 134.286
2 180
3 122.462
4 89.0909
5 146.769
6 0
7 0
8 0
9 0
9
1 133.143
2 190.462
3 124.308
4 87.3333
5 144.727
6 0
7 0
8 0
9 0
9
1 135
2 189.091
3 122.182
4 88.4
5 144.923
6 0
7 0
8 0
9 0
9
1 0
2 192.667
3 122.462
4 90.3333
5 144.333
6 0
7 0
8 0
9 0
9
1 140
2 192.923
3 120.923
4 90.7692
5 143.692
6 69.1429
7 0
8 0
9 0
9
1 137.714
2 192.923
3 122.154
4 88.4
5 142.182
6 0
7 0
8 0
9 0
9
1 0
2 184.667
3 121.818
4 88
5 144
6 0
7 0
8 0
9 0
9
1 0
2 192.333
3 121.231
4 89.8462
5 141.231
6 0
7 0
8 0
9 0
9
1 137.714
2 195.385
3 121.231
4 89.5385
5 140.615
6 0
7 0
8 0
9 0
9
1 142
2 196
3 121.846
4 88
5 136.333
6 0
7 0
8 0
9 0
9
1 142.286
2 196
3 119.273
4 90
5 138.909
6 0
7 0
8 0
9 0
9
1 142.857
2 196
3 119.636
4 91.6923
5 137.231
6 0
7 0
8 0
9 0
9
1 143
2 196.923
3 120
4 89.2308
5 137.846
6 67.4286
7 0
8 0
9 0
9
1 147.111
2 197.231
3 119.385
4 91.0769
5 135.636
6 0
7 0
8 0
9 0
9
1 149
2 197.846
3 120.727
4 92.3636
5 133.818
6 0
7 0
8 0
9 0
9
1 144
2 198
3 118.333
4 90.4615
5 132
6 0
7 0
8 0
9 0
9
1 147
2 196.308
3 117.538
4 92.9231
5 132.923
6 0
7 0
8 0
9 0
9
1 148.889
2 196.923
3 116.923
4 92
5 133.091
6 0
7 0
8 0
9 0
9
1 148.8
2 200.667
3 118.909
4 90.5455
5 131.273
6 0
7 0
8 0
9 0
9
1 149.714
2 201.455
3 116.364
4 88
5 130.154
6 0
7 0
8 0
9 0
9
1 148
2 200
3 115.692
4 92.3077
5 129.231
6 0
7 0
8 0
9 0
9
1 151.5
2 201.538
3 116.308
4 92.3333
5 129.091
6 0
7 0
8 0
9 0
9
1 150.5
2 201
3 118.4
4 92
5 127.667
6 0
7 0
8 0
9 0
9
1 0
2 201.091
3 115.667
4 90.7692
5 130.154
6 0
7 0
8 0
9 0
9
1 152
2 201.231
3 116.615
4 91.3846
5 126.462
6 0
7 0
8 0
9 0
9
1 153.5
2 192.286
3 114.769
4 90.6667
5 125.818
6 0
7 0
8 0
9 0
9
1 155.429
2 201.333
3 114.545
4 92.7273
5 126.909
6 0
7 0
8 0
9 0
9
1 156
2 204.727
3 115.077
4 92.6154
5 123.385
6 0
7 0
8 0
9 0
9
1 156
2 205.538
3 113.846
4 91
5 123.385
6 0
7 0
8 0
9 0
9
1 157.778
2 205.231
3 112.923
4 92.7273
5 120
6 0
7 0
8 0
9 0
9
1 159.5
2 206.182
3 114.182
4 92.7273
5 122.333
6 0
7 0
8 0
9 0
9
1 159.2
2 205.091
3 114.154
4 91.6667
5 124
6 0
7 0
8 0
9 0
9
1 158.545
2 206.154
3 112
4 92.3333
5 120
6 0
7 0
8 0
9 0
9
1 157.714
2 206.154
3 112.923
4 91.6923
5 119.636
6 0
7 0
8 0
9 0
9
1 161
2 206.333
3 113.091
4 91.6364
5 121
6 0
7 0
8 0
9 0
9
1 160.571
2 205.455
3 112
4 93.5385
5 120.615
6 0
7 0
8 0
9 0
9
1 162.667
2 195.714
3 113.231
4 92.6154
5 120.615
6 0
7 0
8 0
9 0
9
1 164.571
2 196.571
3 112.615
4 92
5 119.636
6 0
7 0
8 0
9 0
9
1 165
2 208
3 112
4 94.1818
5 118.8
6 0
7 0
8 0
9 0
9
1 164.571
2 210.545
3 111.333
4 94
5 116.308
6 0
7 0
8 0
9 0
9
1 0
2 210.154
3 109
4 93.5385
5 115.692
6 0
7 0
8 0
9 0
9
1 0
2 210.462
3 110
4 94.4615
5 115.273
6 0
7 0
8 0
9 0
9
1 168
2 208.923
3 110
4 93.4545
5 114.182
6 0
7 0
8 0
9 0
9
1 169.143
2 199.333
3 108.8
4 93.5385
5 113.231
6 0
7 0
8 0
9 0
9
1 168
2 211.077
3 107.333
4 92.3077
5 114.154
6 0
7 0
8 0
9 0
9
1 170.667
2 212.615
3 108.4
4 92
5 111.273
6 0
7 0
8 0
9 0
9
1 170.5
2 209.667
3 109.2
4 94.5455
5 111.667
6 0
7 0
8 0
9 0
9
1 0
2 210.909
3 108.4
4 94.4615
5 112.333
6 0
7 0
8 0
9 0
9
1 174.667
2 212.615
3 108.667
4 92.6154
5 109.538
6 0
7 0
8 0
9 0
9
1 170.286
2 211.385
3 108
4 95
5 111.273
6 0
7 0
8 0
9 0
9
1 0
2 212.615
3 107.333
4 91.4286
5 109.538
6 0
7 0
8 0
9 0
9
1 176.571
2 213.231
3 106.667
4 92.7273
5 108.727
6 0
7 0
8 0
9 0
9
1 177.778
2 215.273
3 108
4 95.6364
5 107
6 0
7 0
8 0
9 0
9
1 0
2 213.455
3 106.8
4 90.2857
5 105.538
6 0
7 0
8 0
9 0
9
1 178.667
2 214.769
3 104.889
4 93.2308
5 104.923
6 0
7 0
8 0
9 0
9
1 181.5
2 217.231
3 106.182
4 91.2727
5 105.2
6 0
7 0
8 0
9 0
9
1 176
2 214
3 105.778
4 95.2727
5 107.385
6 0
7 0
8 0
9 0
9
1 0
2 214.667
3 106.222
4 95.0769
5 105.231
6 0
7 0
8 0
9 0
9
1 181.778
2 214.154
3 104.727
4 94.1538
5 103.692
6 0
7 0
8 0
9 0
9
1 184
2 213.538
3 104
4 93.6
5 103.636
6 0
7 0
8 0
9 0
9
1 184
2 215.273
3 0
4 94.6667
5 101.846
6 0
7 0
8 0
9 0
9
1 0
2 216.308
3 103.5
4 93.2308
5 99.6923
6 0
7 0
8 0
9 0
9
1 0
2 216.923
3 0
4 96
5 98.6667
6 0
7 0
8 0
9 0
9
1 188
2 216
3 101.714
4 95.2727
5 98.5455
6 0
7 0
8 0
9 0
9
1 188.444
2 217.455
3 0
4 96.3077
5 99.6923
6 0
7 0
8 0
9 0
9
1 189.714
2 217.846
3 100
4 93.6667
5 96.3077
6 0
7 0
8 0
9 0
9
1 194.222
2 220
3 0
4 95.0769
5 95.6667
6 0
7 0
8 0
9 0
9
1 191.429
2 219.077
3 0
4 94.5455
5 92.8
6 0
7 0
8 0
9 0
9
1 0
2 220
3 0
4 95.3846
5 95.0769
6 0
7 0
8 0
9 0
9
1 196.889
2 217.231
3 95.4286
4 95.0769
5 95
6 0
7 0
8 0
9 0
9
1 196
2 210
3 100
4 94.7692
5 91.6
6 0
7 0
8 0
9 0
9
1 197.5
2 219.385
3 0
4 96
5 92.3636
6 0
7 0
8 0
9 0
9
1 197.143
2 221.455
3 0
4 91.1429
5 93.2308
6 0
7 0
8 0
9 0
9
1 198.286
2 207.143
3 98
4 96.3077
5 91.3846
6 0
7 0
8 0
9 0
9
1 199.556
2 219.385
3 0
4 95.6667
5 93.6
6 0
7 0
8 0
9 0
9
1 202.857
2 220
3 0
4 92.3333
5 89.6667
6 0
7 0
8 0
9 0
9
1 0
2 222.182
3 0
4 96
5 89.2308
6 0
7 0
8 0
9 0
9
1 0
2 220.308
3 0
4 93.2308
5 91.0769
6 0
7 0
8 0
9 0
9
1 200.667
2 219.385
3 0
4 95.3846
5 89.4545
6 0
7 0
8 0
9 0
9
1 205.333
2 221
3 0
4 96
5 89
6 0
7 0
8 0
9 0
9
1 205.714
2 219.273
3 0
4 93.5385
5 89.5385
6 0
7 0
8 0
9 0
9
1 207.429
2 219.385
3 94.8571
4 95.3846
5 87.3846
6 0
7 0
8 0
9 0
9
1 208
2 208
3 0
4 95.6923
5 84.3636
6 0
7 0
8 0
9 0
9
1 193.778
2 221.231
3 0
4 90.5455
5 84.7273
6 0
7 0
8 0
9 0
9
1 0
2 222.545
3 0
4 94.7692
5 84.3077
6 0
7 0
8 0
9 0
9
1 0
2 220.308
3 0
4 95.0769
5 84.7273
6 0
7 0
8 0
9 0
9
1 210.857
2 220.308
3 0
4 96.6154
5 83.6364
6 0
7 0
8 0
9 0
9
1 213.333
2 206.462
3 0
4 96
5 85.0909
6 0
7 0
8 0
9 0
9
1 204.667
2 221.091
3 0
4 95.3846
5 80.9231
6 0
7 0
8 0
9 0
9
1 214
2 218.769
3 0
4 94.1538
5 80
6 0
7 0
8 0
9 0
9
1 217.5
2 222.154
3 0
4 96
5 80.7273
6 0
7 0
8 0
9 0
9
1 217.143
2 220.333
3 0
4 95.2727
5 80.6667
6 0
7 0
8 0
9 0
9
1 218.286
2 219.273
3 0
4 96.3077
5 81.8462
6 0
7 0
8 0
9 0
9
1 222
2 219.692
3 0
4 95.6923
5 77.6667
6 0
7 0
8 0
9 0
9
1 222.222
2 220
3 0
4 94.7692
5 78.1818
6 0
7 0
8 0
9 0
9
1 223.429
2 220.923
3 0
4 96.7273
5 78
6 0
7 0
8 0
9 0
9
1 0
2 220
3 0
4 94.4615
5 77.4545
6 0
7 0
8 0
9 0
9
1 227.111
2 219.385
3 0
4 95.6667
5 76
6 0
7 0
8 0
9 0
9
1 229.333
2 218.769
3 0
4 92.8571
5 75
6 0
7 0
8 0
9 0
9
1 229.333
2 219.077
3 0
4 94.5455
5 73.6
6 0
7 0
8 0
9 0
9
1 229.714
2 221.091
3 0
4 92.2857
5 74.3333
6 0
7 0
8 0
9 0
9
1 231.5
2 220.308
3 0
4 95
5 72.8
6 0
7 0
8 0
9 0
9
1 0
2 219.692
3 0
4 94.4615
5 70.9091
6 0
7 0
8 0
9 0
9
1 232.5
2 219.385
3 0
4 94.1818
5 71.6364
6 0
7 0
8 0
9 0
9
1 234.857
2 218.545
3 0
4 91.3846
5 71
6 0
7 0
8 0
9 0
9
1 0
2 218.769
3 0
4 95.6923
5 71.6364
6 0
7 0
8 0
9 0
9
1 216.5
2 217.538
3 0
4 93.1429
5 69.3333
6 0
7 0
8 0
9 0
9
1 238
2 220.308
3 0
4 94.5455
5 68.4
6 0
7 0
8 0
9 0
9
1 0
2 217.455
3 0
4 93.8462
5 67.6364
6 0
7 0
8 0
9 0
9
1 241.143
2 218.154
3 0
4 96.3077
5 67.6364
6 0
7 0
8 0
9 0
9
1 241
2 205.429
3 0
4 92.6667
5 65.7778
6 0
7 0
8 0
9 0
9
1 218.857
2 217.333
3 0
4 94.1818
5 67.1111
6 0
7 0
8 0
9 0
9
1 244
2 217.091
3 0
4 94.1538
5 65.8182
6 0
7 0
8 0
9 0
9
1 245.714
2 216.923
3 0
4 95.0769
5 68
6 0
7 0
8 0
9 0
9
1 247.5
2 215.692
3 0
4 92.7273
5 65.7778
6 0
7 0
8 0
9 0
9
1 247.5
2 216.333
3 0
4 94.2222
5 63.1111
6 0
7 0
8 0
9 0
9
1 0
2 216.364
3 0
4 95.6923
5 62.1818
6 0
7 0
8 0
9 0
9
1 250.5
2 213.231
3 0
4 91.0769
5 64
6 0
7 0
8 0
9 0
9
1 249.778
2 215.385
3 0
4 93.4545
5 62.2857
6 0
7 0
8 0
9 0
9
1 0
2 215.636
3 0
4 93.4545
5 70.9091
6 0
7 0
8 0
9 0
9
1 0
2 203.692
3 0
4 92.3077
5 60
6 0
7 0
8 0
9 0
9
1 252.5
2 214.769
3 0
4 93.3333
5 0
6 0
7 0
8 0
9 0
9
1 256
2 212.923
3 0
4 94.9091
5 63.5556
6 0
7 0
8 0
9 0
9
1 256
2 213.455
3 0
4 94
5 63.1111
6 0
7 0
8 0
9 0
9
1 0
2 214.333
3 0
4 92.6154
5 0
6 0
7 0
8 0
9 0
9
1 256
2 212.308
3 0
4 93.8462
5 0
6 0
7 0
8 0
9 0
9
1 259.429
2 211.692
3 0
4 93.0909
5 0
6 0
7 0
8 0
9 0
9
1 236.5
2 213.091
3 0
4 87.6667
5 0
6 0
7 0
8 0
9 0
9
1 0
2 209.846
3 0
4 93.5385
5 0
6 0
7 0
8 0
9 0
9
1 0
2 210.154
3 0
4 89.1429
5 0
6 0
7 0
8 0
9 0
9
1 260
2 210.462
3 0
4 93.4545
5 0
6 0
7 0
8 0
9 0
9
1 261.714
2 209.091
3 0
4 91.0769
5 0
6 0
7 0
8 0
9 0
9
1 261
2 208.615
3 0
4 92.3333
5 0
6 0
7 0
8 0
9 0
9
1 263.111
2 195.429
3 0
4 91.6923
5 56
6 0
7 0
8 0
9 0
9
1 266.286
2 208.923
3 0
4 92
5 0
6 0
7 0
8 0
9 0
9
1 0
2 206.182
3 0
4 90.9091
5 0
6 0
7 0
8 0
9 0
9
1 0
2 206.769
3 0
4 92.9231
5 0
6 0
7 0
8 0
9 0
9
1 269.714
2 206.462
3 0
4 90.4615
5 0
6 0
7 0
8 0
9 0
9
1 268
2 204
3 0
4 93.2
5 0
6 0
7 0
8 0
9 0
9
1 268
2 204.364
3 0
4 92.6667
5 0
6 0
7 0
8 0
9 0
9
1 270.857
2 204.615
3 0
4 90.2857
5 0
6 0
7 0
8 0
9 0
9
1 227.6
2 201.846
3 0
4 90.1538
5 0
6 0
7 0
8 0
9 0
9
1 271
2 202.333
3 0
4 91.6364
5 0
6 0
7 0
8 0
9 0
9
1 0
2 203.273
3 0
4 92.3077
5 57
6 0
7 0
8 0
9 0
9
1 244.889
2 202.462
3 0
4 92.3333
5 0
6 0
7 0
8 0
9 0
9
1 251
2 200.923
3 0
4 91.2727
5 0
6 0
7 0
8 0
9 0
9
1 271.556
2 202.545
3 0
4 92.4
5 0
6 0
7 0
8 0
9 0
9
1 273
2 200
3 0
4 91.6923
5 0
6 0
7 0
8 0
9 0
9
1 271.429
2 200.615
3 0
4 90.3333
5 0
6 0
7 0
8 0
9 0
9
1 273.143
2 199.385
3 0
4 90
5 0
6 0
7 0
8 0
9 0
9
1 0
2 199.667
3 0
4 90.3333
5 0
6 0
7 0
8 0
9 0
9
1 273
2 188
3 0
4 90
5 0
6 0
7 0
8 0
9 0
9
1 249.778
2 198.462
3 0
4 90.1818
5 0
6 0
7 0
8 0
9 0
9
1 273.143
2 198.333
3 0
4 91.6
5 0
6 0
7 0
8 0
9 0
9
1 0
2 198.182
3 0
4 91.6667
5 0
6 0
7 0
8 0
9 0
9
1 218.667
2 197.846
3 0
4 90.7692
5 0
6 0
7 0
8 0
9 0
9
1 249
2 194.769
3 0
4 90.2222
5 0
6 0
7 0
8 0
9 0
9
1 0
2 192.364
3 0
4 92
5 0
6 0
7 0
8 0
9 0
9
1 0
2 191.273
3 0
4 90.9091
5 0
6 0
7 0
8 0
9 0
9
1 280
2 193.846
3 0
4 89.8462
5 0
6 0
7 0
8 0
9 0
9
1 279
2 189.538
3 0
4 90.1818
5 0
6 0
7 0
8 0
9 0
9
1 278.222
2 190.545
3 0
4 86.3333
5 0
6 0
7 0
8 0
9 0
9
1 250.286
2 190.333
3 0
4 88
5 0
6 0
7 0
8 0
9 0
9
1 279.5
2 189.231
3 0
4 87.6667
5 0
6 0
7 0
8 0
9 0
9
1 246.857
2 189.538
3 0
4 89.2
5 0
6 0
7 0
8 0
9 0
9
1 280.571
2 187.273
3 0
4 89.0909
5 0
6 0
7 0
8 0
9 0
9
1 0
2 185.333
3 0
4 86.3333
5 0
6 0
7 0
8 0
9 0
9
1 281.143
2 183.385
3 0
4 85.8462
5 0
6 0
7 0
8 0
9 0
9
1 0
2 184
3 0
4 88.4
5 0
6 0
7 0
8 0
9 0
9
1 231.556
2 182.545
3 0
4 86
5 0
6 0
7 0
8 0
9 0
9
1 286.286
2 182.667
3 0
4 85.3333
5 0
6 0
7 0
8 0
9 0
9
1 282.286
2 182.769
3 0
4 84.3077
5 0
6 0
7 0
8 0
9 0
9
1 0
2 182.154
3 0
4 86.4
5 0
6 0
7 0
8 0
9 0
9
1 284.571
2 180.727
3 0
4 84.3636
5 0
6 0
7 0
8 0
9 0
9
1 0
2 180.308
3 0
4 85.6
5 0
6 0
7 0
8 0
9 0
9
1 285.143
2 180.308
3 0
4 84.8
5 0
6 0
7 0
8 0
9 0
9
1 283.429
2 180.308
3 0
4 85.6
5 0
6 0
7 0
8 0
9 0
9
1 284.571
2 178.545
3 0
4 85
5 0
6 0
7 0
8 0
9 0
9
1 287.429
2 180
3 0
4 82.4
5 0
6 0
7 0
8 0
9 0
9
1 0
2 177.231
3 0
4 82.6667
5 0
6 0
7 0
8 0
9 0
9
1 260.889
2 176.308
3 0
4 83.6364
5 0
6 0
7 0
8 0
9 0
9
1 287.429
2 175.636
3 0
4 81.0909
5 0
6 0
7 0
8 0
9 0
9
1 287.429
2 176.615
3 0
4 83.3333
5 0
6 0
7 0
8 0
9 0
9
1 287.429
2 176.615
3 0
4 83.0769
5 0
6 0
7 0
8 0
9 0
9
1 0
2 177
3 0
4 83.2
5 0
6 0
7 0
8 0
9 0
9
1 257.5
2 178.182
3 0
4 82.5455
5 0
6 0
7 0
8 0
9 0
9
1 286.5
2 177.538
3 0
4 83
5 0
6 0
7 0
8 0
9 0
9
1 285
2 177.538
3 0
4 82
5 0
6 0
7 0
8 0
9 0
9
1 286.857
2 177.333
3 0
4 82
5 0
6 0
7 0
8 0
9 0
9
1 0
2 178.909
3 0
4 81.6667
5 0
6 0
7 0
8 0
9 0
9
1 257.5
2 166.857
3 0
4 81.0909
5 0
6 0
7 0
8 0
9 0
9
1 0
2 177.538
3 0
4 80.7273
5 0
6 0
7 0
8 0
9 0
9
1 0
2 177.333
3 0
4 82
5 0
6 0
7 0
8 0
9 0
9
1 0
2 175.636
3 0
4 82.7692
5 0
6 0
7 0
8 0
9 0
9
1 285.5
2 177.231
3 0
4 82.5455
5 0
6 0
7 0
8 0
9 0
9
1 288
2 177.231
3 0
4 82.5455
5 0
6 0
7 0
8 0
9 0
9
1 286.667
2 175.636
3 0
4 83.5556
5 0
6 0
7 0
8 0
9 0
9
1 286.5
2 177.333
3 0
4 81.8182
5 0
6 0
7 0
8 0
9 0
9
1 287.429
2 176.615
3 0
4 82.4
5 0
6 0
7 0
8 0
9 0
9
1 285.143
2 179.077
3 0
4 83.6
5 0
6 0
7 0
8 0
9 0
9
1 0
2 177.455
3 0
4 82.8
5 0
6 0
7 0
8 0
9 0
9
1 255.5
2 177.333
3 0
4 82.1818
5 0
6 0
7 0
8 0
9 0
9
1 0
2 177.538
3 0
4 82.9091
5 0
6 0
7 0
8 0
9 0
9
1 286.286
2 178.154
3 0
4 83.5556
5 0
6 0
7 0
8 0
9 0
