9
1 0
2 0
3 0
4 0
5 0
6 0
7 0
8 0
9 293.667
9
1 0
2 0
3 0
4 0
5 0
6 0
7 0
8 0
9 294.667
9
1 0
2 0
3 0
4 0
5 0
6 0
7 0
8 0
9 294.909
9
1 0
2 0
3 0
4 0
5 0
6 0
7 0
8 0
9 295
9
1 0
2 0
3 0
4 0
5 0
6 0
7 0
8 0
9 291.692
9
1 0
2 0
3 0
4 0
5 0
6 0
7 0
8 0
9 293.143
9
1 0
2 0
3 0
4 0
5 0
6 0
7 0
8 0
9 292
9
1 0
2 0
3 0
4 0
5 0
6 0
7 0
8 0
9 292.923
9
1 0
2 0
3 0
4 0
5 0
6 0
7 0
8 0
9 291.667
9
1 0
2 0
3 0
4 0
5 0
6 0
7 0
8 0
9 292.889
9
1 0
2 0
3 0
4 0
5 0
6 0
7 0
8 0
9 294.154
9
1 0
2 0
3 0
4 0
5 0
6 0
7 0
8 0
9 293.538
9
1 0
2 0
3 0
4 0
5 0
6 0
7 0
8 0
9 291.273
9
1 0
2 0
3 0
4 0
5 0
6 0
7 0
8 0
9 292.727
9
1 0
2 0
3 0
4 0
5 0
6 0
7 0
8 0
9 293.667
9
1 0
2 0
3 0
4 0
5 0
6 0
7 0
8 0
9 295.333
9
1 0
2 0
3 0
4 0
5 0
6 0
7 0
8 0
9 292
9
1 0
2 0
3 0
4 0
5 0
6 0
7 0
8 0
9 292
9
1 0
2 0
3 0
4 0
5 0
6 0
7 0
8 0
9 295.077
9
1 0
2 0
3 0
4 0
5 0
6 0
7 0
8 0
9 292.333
9
1 0
2 0
3 0
4 0
5 0
6 0
7 0
8 0
9 292
9
1 0
2 0
3 0
4 0
5 0
6 0
7 0
8 0
9 291.636
9
1 0
2 0
3 0
4 0
5 0
6 0
7 0
8 0
9 293.455
9
1 0
2 0
3 0
4 0
5 0
6 0
7 0
8 0
9 291.692
9
1 0
2 0
3 0
4 0
5 0
6 0
7 0
8 0
9 291.6
9
1 0
2 0
3 0
4 0
5 0
6 0
7 0
8 0
9 290.182
9
1 0
2 0
3 0
4 0
5 0
6 0
7 0
8 0
9 291.692
9
1 0
2 0
3 0
4 0
5 0
6 0
7 0
8 0
9 292
9
1 0
2 0
3 0
4 0
5 0
6 0
7 0
8 0
9 292.4
9
1 0
2 0
3 0
4 0
5 0
6 0
7 0
8 0
9 291.333
9
1 0
2 0
3 0
4 0
5 0
6 0
7 0
8 0
9 292
9
1 0
2 0
3 0
4 0
5 0
6 0
7 0
8 0
9 290.667
9
1 0
2 0
3 0
4 0
5 0
6 0
7 0
8 0
9 289.455
9
1 0
2 0
3 0
4 0
5 0
6 0
7 0
8 0
9 291.667
9
1 0
2 0
3 0
4 0
5 0
6 0
7 0
8 0
9 289.846
9
1 0
2 0
3 0
4 0
5 0
6 0
7 0
8 0
9 285.455
9
1 0
2 0
3 0
4 0
5 0
6 0
7 0
8 0
9 287.636
9
1 0
2 0
3 0
4 0
5 0
6 0
7 0
8 0
9 288
9
1 0
2 0
3 0
4 0
5 0
6 0
7 0
8 0
9 286
9
1 0
2 0
3 0
4 0
5 0
6 0
7 0
8 0
9 285.455
9
1 0
2 0
3 0
4 0
5 0
6 0
7 0
8 0
9 287
9
1 0
2 0
3 0
4 0
5 0
6 0
7 0
8 0
9 284.923
9
1 0
2 0
3 0
4 0
5 0
6 0
7 0
8 0
9 285
9
1 0
2 0
3 0
4 0
5 0
6 0
7 0
8 0
9 282.182
9
1 0
2 0
3 0
4 0
5 0
6 0
7 0
8 0
9 283.667
9
1 0
2 0
3 0
4 0
5 0
6 0
7 0
8 0
9 281.2
9
1 0
2 0
3 0
4 0
5 0
6 0
7 0
8 0
9 281.538
9
1 0
2 0
3 0
4 0
5 0
6 0
7 0
8 0
9 282.222
9
1 0
2 0
3 0
4 0
5 0
6 0
7 0
8 0
9 279.692
9
1 0
2 0
3 0
4 0
5 0
6 0
7 0
8 0
9 279.333
9
1 0
2 0
3 0
4 0
5 0
6 0
7 0
8 0
9 277.333
9
1 0
2 0
3 0
4 0
5 0
6 0
7 0
8 0
9 279.556
9
1 0
2 0
3 0
4 0
5 0
6 0
7 0
8 0
9 276
9
1 0
2 0
3 0
4 0
5 0
6 0
7 0
8 0
9 276.308
9
1 0
2 0
3 0
4 0
5 0
6 0
7 0
8 0
9 276.364
9
1 0
2 0
3 0
4 0
5 0
6 0
7 0
8 0
9 275.111
9
1 0
2 0
3 0
4 0
5 0
6 0
7 0
8 0
9 276.333
9
1 0
2 0
3 0
4 0
5 0
6 0
7 0
8 0
9 272.667
9
1 0
2 0
3 0
4 0
5 0
6 0
7 0
8 0
9 269.2
9
1 0
2 0
3 0
4 0
5 0
6 0
7 0
8 0
9 268
9
1 0
2 0
3 0
4 0
5 0
6 0
7 0
8 0
9 265.091
9
1 0
2 0
3 0
4 0
5 0
6 0
7 0
8 0
9 264.615
9
1 0
2 0
3 0
4 0
5 0
6 165.714
7 0
8 0
9 265.2
9
1 0
2 0
3 0
4 0
5 0
6 0
7 0
8 0
9 261.538
9
1 0
2 0
3 0
4 0
5 0
6 0
7 0
8 0
9 261.091
9
1 0
2 0
3 0
4 0
5 0
6 168.444
7 0
8 0
9 256
9
1 0
2 0
3 0
4 0
5 0
6 168.5
7 0
8 0
9 256.8
9
1 0
2 0
3 0
4 0
5 0
6 0
7 0
8 0
9 251.077
9
1 0
2 0
3 0
4 0
5 0
6 172.889
7 0
8 0
9 246.667
9
1 0
2 0
3 0
4 0
5 0
6 173.778
7 0
8 0
9 242.4
9
1 0
2 0
3 0
4 0
5 0
6 174.667
7 0
8 0
9 237.6
9
1 0
2 0
3 0
4 0
5 0
6 176.5
7 0
8 0
9 236
9
1 0
2 0
3 0
4 0
5 0
6 175
7 0
8 0
9 234
9
1 0
2 0
3 0
4 0
5 0
6 177.333
7 0
8 0
9 232.4
9
1 0
2 0
3 0
4 0
5 0
6 178.5
7 0
8 0
9 231.692
9
1 0
2 0
3 0
4 0
5 0
6 180.889
7 0
8 0
9 228
9
1 0
2 0
3 0
4 0
5 0
6 176.4
7 0
8 0
9 227.333
9
1 0
2 0
3 0
4 0
5 0
6 177.333
7 0
8 0
9 224
9
1 0
2 0
3 0
4 0
5 0
6 181.778
7 0
8 0
9 223.077
9
1 0
2 0
3 0
4 0
5 0
6 181.778
7 0
8 0
9 221
9
1 0
2 0
3 0
4 0
5 0
6 178.8
7 0
8 0
9 218.222
9
1 0
2 0
3 0
4 0
5 0
6 179
7 0
8 0
9 217.091
9
1 0
2 0
3 0
4 0
5 0
6 183.429
7 0
8 0
9 215.077
9
1 0
2 0
3 0
4 0
5 0
6 182.545
7 0
8 0
9 213.667
9
1 0
2 0
3 0
4 0
5 0
6 182.222
7 0
8 0
9 211.111
9
1 0
2 0
3 0
4 0
5 0
6 184.444
7 0
8 0
9 206.333
9
1 0
2 0
3 0
4 0
5 0
6 186.286
7 0
8 0
9 203.385
9
1 0
2 0
3 0
4 0
5 156.5
6 182.222
7 0
8 0
9 197.333
9
1 0
2 0
3 0
4 0
5 158.222
6 184.444
7 0
8 0
9 195.2
9
1 0
2 0
3 0
4 0
5 160.889
6 186
7 0
8 0
9 193.538
9
1 0
2 0
3 0
4 0
5 0
6 185.714
7 0
8 0
9 189.667
9
1 0
2 0
3 0
4 0
5 164.8
6 186.4
7 0
8 0
9 186.909
9
1 0
2 0
3 0
4 0
5 166.5
6 185
7 0
8 0
9 183.111
9
1 0
2 0
3 0
4 0
5 168
6 185.5
7 0
8 0
9 183.111
9
1 0
2 0
3 0
4 0
5 170
6 188.5
7 0
8 0
9 179.6
9
1 0
2 0
3 0
4 0
5 167.556
6 187
7 0
8 0
9 176.444
9
1 0
2 0
3 0
4 0
5 171.385
6 185.6
7 0
8 0
9 0
9
1 0
2 0
3 0
4 0
5 172
6 186.5
7 0
8 0
9 181.714
9
1 0
2 0
3 0
4 0
5 173.091
6 187.6
7 0
8 0
9 177.333
9
1 0
2 0
3 0
4 0
5 174.667
6 188.444
7 0
8 0
9 0
9
1 0
2 0
3 0
4 0
5 178.154
6 186.5
7 0
8 0
9 0
9
1 0
2 0
3 0
4 0
5 181.455
6 191
7 0
8 0
9 165
9
1 0
2 0
3 0
4 0
5 184
6 187.2
7 0
8 0
9 164.5
9
1 0
2 0
3 0
4 0
5 186.462
6 188.5
7 0
8 0
9 171
9
1 0
2 0
3 0
4 0
5 186.545
6 186.5
7 0
8 0
9 0
9
1 0
2 0
3 0
4 0
5 188
6 185.2
7 0
8 0
9 0
9
1 0
2 0
3 0
4 0
5 190.769
6 188.571
7 0
8 0
9 0
9
1 0
2 0
3 0
4 0
5 191.333
6 189.6
7 0
8 0
9 0
9
1 0
2 0
3 0
4 0
5 196.364
6 189
7 0
8 0
9 0
9
1 0
2 0
3 0
4 0
5 199.111
6 185.778
7 0
8 0
9 0
9
1 0
2 0
3 0
4 0
5 200
6 187.2
7 0
8 0
9 0
9
1 0
2 0
3 0
4 0
5 202.769
6 186.4
7 0
8 0
9 0
9
1 0
2 0
3 0
4 0
5 207.273
6 188.5
7 0
8 0
9 0
9
1 0
2 0
3 0
4 0
5 208.364
6 189.2
7 0
8 0
9 0
9
1 0
2 0
3 0
4 0
5 209.667
6 188.571
7 0
8 0
9 0
9
1 0
2 0
3 0
4 0
5 214
6 186.4
7 0
8 0
9 0
9
1 0
2 0
3 0
4 0
5 217.2
6 0
7 0
8 0
9 0
9
1 0
2 0
3 0
4 0
5 220
6 185.143
7 0
8 0
9 0
9
1 0
2 0
3 0
4 0
5 224
6 0
7 0
8 0
9 0
9
1 0
2 0
3 0
4 0
5 226.769
6 184.571
7 0
8 0
9 0
9
1 0
2 0
3 0
4 0
5 227.2
6 0
7 0
8 0
9 0
9
1 0
2 0
3 0
4 0
5 229.091
6 0
7 0
8 0
9 0
9
1 0
2 0
3 0
4 0
5 230
6 0
7 0
8 0
9 0
9
1 0
2 0
3 0
4 0
5 232.727
6 0
7 0
8 0
9 0
9
1 0
2 0
3 0
4 0
5 232.8
6 0
7 0
8 0
9 0
9
1 0
2 0
3 0
4 0
5 235.077
6 0
7 0
8 0
9 0
9
1 0
2 0
3 0
4 0
5 236.308
6 0
7 0
8 0
9 0
9
1 0
2 0
3 0
4 0
5 238.182
6 0
7 0
8 0
9 0
9
1 0
2 0
3 0
4 0
5 244
6 0
7 0
8 0
9 0
9
1 0
2 0
3 0
4 0
5 244.333
6 0
7 0
8 0
9 0
9
1 0
2 0
3 0
4 0
5 246
6 0
7 0
8 0
9 0
9
1 0
2 0
3 0
4 0
5 249.6
6 0
7 0
8 0
9 0
9
1 0
2 0
3 0
4 0
5 249.2
6 0
7 0
8 0
9 0
9
1 0
2 0
3 0
4 0
5 247.667
6 0
7 0
8 0
9 0
9
1 0
2 0
3 0
4 0
5 251.667
6 0
7 0
8 0
9 0
9
1 0
2 0
3 0
4 0
5 248.8
6 0
7 0
8 0
9 0
9
1 0
2 0
3 0
4 0
5 250.333
6 0
7 0
8 0
9 0
9
1 0
2 0
3 0
4 0
5 251.692
6 0
7 0
8 0
9 0
9
1 0
2 0
3 0
4 0
5 251.556
6 0
7 0
8 0
9 0
9
1 0
2 0
3 0
4 0
5 254.545
6 0
7 0
8 0
9 0
9
1 0
2 0
3 0
4 0
5 254.462
6 0
7 0
8 0
9 0
9
1 0
2 0
3 0
4 0
5 255.333
6 0
7 0
8 0
9 0
9
1 0
2 0
3 0
4 0
5 255.636
6 0
7 0
8 0
9 0
9
1 0
2 0
3 0
4 0
5 257.333
6 0
7 0
8 0
9 0
9
1 0
2 0
3 0
4 0
5 258.462
6 0
7 0
8 0
9 0
9
1 0
2 0
3 0
4 0
5 256.923
6 0
7 0
8 0
9 0
9
1 0
2 0
3 0
4 0
5 257.6
6 0
7 0
8 0
9 0
9
1 0
2 0
3 0
4 0
5 257.846
6 0
7 0
8 0
9 0
9
1 0
2 0
3 0
4 0
5 258.333
6 0
7 0
8 0
9 0
9
1 0
2 0
3 0
4 0
5 260.308
6 0
7 0
8 0
9 0
9
1 0
2 0
3 0
4 0
5 259.636
6 0
7 0
8 0
9 0
9
1 0
2 0
3 0
4 0
5 260
6 0
7 0
8 0
9 0
9
1 0
2 0
3 0
4 0
5 258.769
6 0
7 0
8 0
9 0
9
1 0
2 0
3 0
4 0
5 261.2
6 0
7 0
8 0
9 0
9
1 0
2 0
3 0
4 0
5 261.778
6 0
7 0
8 0
9 0
9
1 0
2 0
3 0
4 0
5 260
6 0
7 0
8 0
9 0
9
1 0
2 0
3 0
4 0
5 258.909
6 0
7 0
8 0
9 0
9
1 0
2 0
3 0
4 0
5 259.636
6 0
7 0
8 0
9 0
9
1 0
2 0
3 0
4 0
5 260.667
6 0
7 0
8 0
9 0
9
1 0
2 0
3 0
4 0
5 261.667
6 0
7 0
8 0
9 0
9
1 0
2 0
3 0
4 0
5 259.667
6 0
7 0
8 0
9 0
9
1 0
2 0
3 0
4 0
5 261.2
6 0
7 0
8 0
9 0
9
1 0
2 0
3 0
4 0
5 260.615
6 0
7 0
8 0
9 0
9
1 0
2 0
3 0
4 0
5 260
6 0
7 0
8 0
9 0
9
1 0
2 0
3 0
4 0
5 260
6 0
7 0
8 0
9 0
9
1 0
2 0
3 0
4 0
5 258.4
6 0
7 0
8 0
9 0
9
1 0
2 0
3 0
4 0
5 260.667
6 0
7 0
8 0
9 0
9
1 0
2 0
3 0
4 0
5 261.455
6 0
7 0
8 0
9 0
9
1 0
2 0
3 0
4 0
5 260
6 0
7 0
8 0
9 0
9
1 0
2 0
3 0
4 0
5 258.909
6 0
7 0
8 0
9 0
9
1 0
2 0
3 0
4 0
5 258.333
6 0
7 0
8 0
9 0
9
1 0
2 0
3 0
4 0
5 259.692
6 0
7 0
8 0
9 0
9
1 0
2 0
3 0
4 0
5 258.4
6 0
7 0
8 0
9 0
9
1 0
2 0
3 0
4 0
5 257.846
6 0
7 0
8 0
9 0
9
1 0
2 0
3 0
4 0
5 258.333
6 0
7 0
8 0
9 0
9
1 0
2 0
3 0
4 0
5 256
6 0
7 0
8 0
9 0
9
1 0
2 0
3 0
4 0
5 255.273
6 0
7 0
8 0
9 0
9
1 0
2 0
3 0
4 0
5 255.692
6 0
7 0
8 0
9 0
9
1 0
2 0
3 0
4 0
5 256.364
6 0
7 0
8 0
9 0
9
1 0
2 0
3 0
4 0
5 256
6 0
7 0
8 0
9 0
9
1 0
2 0
3 0
4 0
5 253.818
6 0
7 0
8 0
9 0
9
1 0
2 0
3 0
4 0
5 251.692
6 0
7 0
8 0
9 0
9
1 0
2 0
3 0
4 0
5 252.615
6 0
7 0
8 0
9 0
9
1 0
2 0
3 0
4 0
5 250.182
6 0
7 0
8 0
9 0
9
1 0
2 0
3 0
4 0
5 249.2
6 0
7 0
8 0
9 0
9
1 0
2 0
3 0
4 0
5 247.333
6 0
7 0
8 0
9 0
9
1 0
2 0
3 0
4 0
5 246.154
6 0
7 0
8 0
9 0
9
1 0
2 0
3 0
4 0
5 247.6
6 0
7 0
8 0
9 0
9
1 0
2 0
3 0
4 0
5 244.615
6 0
7 0
8 0
9 0
9
1 0
2 0
3 0
4 0
5 242.545
6 0
7 0
8 0
9 0
9
1 0
2 0
3 0
4 0
5 241.231
6 0
7 0
8 0
9 0
9
1 0
2 0
3 0
4 0
5 239.636
6 0
7 0
8 0
9 0
9
1 0
2 0
3 0
4 0
5 238.667
6 0
7 0
8 0
9 0
9
1 0
2 0
3 0
4 0
5 235.385
6 0
7 0
8 0
9 0
9
1 0
2 0
3 0
4 0
5 236.667
6 0
7 0
8 0
9 0
9
1 0
2 0
3 0
4 0
5 234.909
6 0
7 0
8 0
9 0
9
1 0
2 0
3 0
4 0
5 231.692
6 0
7 0
8 0
9 0
9
1 0
2 0
3 0
4 0
5 232.308
6 0
7 0
8 0
9 0
9
1 0
2 0
3 0
4 0
5 228
6 0
7 0
8 0
9 0
9
1 0
2 0
3 0
4 0
5 225.818
6 0
7 0
8 0
9 0
9
1 0
2 0
3 0
4 0
5 224.333
6 0
7 0
8 0
9 0
9
1 0
2 0
3 0
4 0
5 220
6 0
7 0
8 0
9 0
9
1 0
2 0
3 0
4 0
5 216.444
6 0
7 0
8 0
9 0
9
1 0
2 0
3 0
4 0
5 213.231
6 0
7 0
8 0
9 0
9
1 0
2 0
3 0
4 0
5 207.077
6 0
7 0
8 0
9 0
9
1 0
2 0
3 0
4 0
5 204.364
6 0
7 0
8 0
9 0
9
1 0
2 0
3 0
4 0
5 204
6 0
7 0
8 0
9 0
9
1 0
2 0
3 0
4 0
5 203.077
6 0
7 0
8 0
9 0
9
1 0
2 0
3 0
4 0
5 200.667
6 0
7 0
8 0
9 0
9
1 0
2 0
3 0
4 0
5 198.545
6 0
7 0
8 0
9 0
9
1 0
2 0
3 0
4 0
5 197.818
6 0
7 0
8 0
9 0
9
1 0
2 0
3 0
4 0
5 194.182
6 0
7 0
8 0
9 0
9
1 0
2 0
3 0
4 0
5 189.455
6 0
7 0
8 0
9 0
9
1 0
2 0
3 0
4 0
5 186.8
6 0
7 0
8 0
9 0
9
1 0
2 0
3 0
4 0
5 185.333
6 0
7 0
8 0
9 0
9
1 0
2 0
3 0
4 0
5 183.2
6 0
7 0
8 0
9 0
9
1 0
2 0
3 0
4 0
5 177.333
6 0
7 0
8 0
9 0
9
1 0
2 0
3 0
4 0
5 176
6 0
7 0
8 0
9 0
9
1 0
2 0
3 0
4 0
5 0
6 0
7 0
8 0
9 0
9
1 0
2 0
3 0
4 0
5 176.4
6 0
7 0
8 0
9 0
9
1 0
2 0
3 0
4 0
5 0
6 0
7 0
8 0
9 0
9
1 0
2 0
3 0
4 0
5 0
6 0
7 0
8 0
9 0
9
1 0
2 0
3 0
4 0
5 0
6 0
7 0
8 0
9 0
9
1 0
2 0
3 0
4 0
5 0
6 0
7 0
8 0
9 0
9
1 0
2 0
3 0
4 0
5 0
6 0
7 0
8 0
9 0
9
1 0
2 0
3 0
4 0
5 0
6 0
7 0
8 0
9 0
9
1 0
2 0
3 0
4 0
5 0
6 0
7 0
8 0
9 0
9
1 0
2 0
3 0
4 0
5 0
6 0
7 0
8 0
9 0
9
1 0
2 0
3 0
4 0
5 0
6 0
7 0
8 0
9 0
9
1 0
2 0
3 0
4 0
5 0
6 0
7 0
8 0
9 0
9
1 0
2 0
3 0
4 0
5 0
6 0
7 0
8 0
9 0
9
1 0
2 0
3 0
4 0
5 0
6 0
7 0
8 0
9 0
9
1 0
2 0
3 0
4 0
5 0
6 0
7 0
8 0
9 0
9
1 0
2 0
3 0
4 0
5 0
6 0
7 0
8 0
9 0
9
1 0
2 0
3 0
4 0
5 0
6 0
7 0
8 0
9 0
9
1 0
2 0
3 0
4 0
5 0
6 0
7 0
8 0
9 0
9
1 0
2 0
3 0
4 0
5 0
6 0
7 0
8 0
9 0
9
1 0
2 0
3 0
4 0
5 0
6 0
7 0
8 0
9 0
9
1 0
2 0
3 0
4 0
5 0
6 0
7 0
8 0
9 0
9
1 0
2 0
3 0
4 0
5 0
6 0
7 0
8 0
9 0
9
1 0
2 168.571
3 0
4 0
5 0
6 0
7 0
8 0
9 0
9
1 0
2 0
3 0
4 0
5 0
6 0
7 0
8 0
9 0
9
1 0
2 0
3 0
4 0
5 0
6 0
7 0
8 0
9 0
9
1 0
2 0
3 0
4 0
5 0
6 0
7 0
8 0
9 0
9
1 0
2 0
3 0
4 0
5 0
6 0
7 0
8 0
9 0
9
1 0
2 169
3 0
4 0
5 0
6 0
7 0
8 0
9 0
9
1 0
2 0
3 0
4 0
5 0
6 0
7 0
8 0
9 0
9
1 0
2 0
3 0
4 0
5 0
6 0
7 0
8 0
9 0
9
1 0
2 166.857
3 0
4 0
5 0
6 0
7 0
8 0
9 0
9
1 0
2 171.429
3 0
4 0
5 0
6 0
7 0
8 0
9 0
9
1 0
2 0
3 0
4 0
5 0
6 0
7 0
8 0
9 0
9
1 159.6
2 173.714
3 0
4 0
5 0
6 0
7 0
8 0
9 0
9
1 164
2 0
3 0
4 0
5 0
6 0
7 0
8 0
9 0
9
1 165.2
2 0
3 0
4 0
5 0
6 0
7 0
8 0
9 0
9
1 165.2
2 179.111
3 0
4 0
5 0
6 0
7 0
8 0
9 0
9
1 171.2
2 0
3 0
4 0
5 0
6 0
7 0
8 0
9 0
9
1 171.273
2 0
3 0
4 0
5 0
6 0
7 0
8 0
9 0
9
1 172.727
2 178.222
3 0
4 0
5 0
6 0
7 0
8 0
9 0
9
1 177.333
2 179.556
3 0
4 0
5 0
6 0
7 0
8 0
9 0
9
1 178.545
2 174.857
3 0
4 0
5 0
6 0
7 0
8 0
9 0
9
1 179.6
2 174.8
3 0
4 0
5 0
6 0
7 0
8 0
9 0
9
1 180.333
2 177
3 0
4 0
5 0
6 0
7 0
8 0
9 0
9
1 184.308
2 0
3 0
4 0
5 0
6 0
7 0
8 0
9 0
9
1 186.222
2 176.5
3 0
4 0
5 0
6 0
7 0
8 0
9 0
9
1 187.667
2 176
3 0
4 0
5 0
6 0
7 0
8 0
9 0
9
1 191.6
2 178.5
3 0
4 0
5 0
6 0
7 0
8 0
9 0
9
1 194
2 0
3 0
4 0
5 0
6 0
7 0
8 0
9 0
9
1 196
2 0
3 0
4 0
5 0
6 0
7 0
8 0
9 0
9
1 197.846
2 0
3 0
4 0
5 0
6 0
7 0
8 0
9 0
9
1 197.667
2 185.5
3 0
4 0
5 0
6 0
7 0
8 0
9 0
9
1 199.667
2 0
3 0
4 0
5 0
6 0
7 0
8 0
9 0
9
1 199.2
2 0
3 0
4 0
5 0
6 0
7 0
8 0
9 0
9
1 201.538
2 178
3 0
4 0
5 0
6 0
7 0
8 0
9 0
9
1 202.333
2 0
3 0
4 0
5 0
6 0
7 0
8 0
9 0
9
1 206.667
2 0
3 0
4 0
5 0
6 0
7 0
8 0
9 0
9
1 205.091
2 0
3 0
4 0
5 0
6 0
7 0
8 0
9 0
9
1 208.308
2 0
3 0
4 0
5 0
6 0
7 0
8 0
9 0
9
1 211.333
2 0
3 0
4 0
5 0
6 0
7 0
8 0
9 0
9
1 212.364
2 0
3 0
4 0
5 0
6 0
7 0
8 0
9 0
9
1 214.333
2 0
3 0
4 0
5 0
6 0
7 0
8 0
9 0
9
1 214.154
2 0
3 0
4 0
5 0
6 0
7 0
8 0
9 0
9
1 214.667
2 0
3 0
4 0
5 0
6 0
7 0
8 0
9 0
9
1 217.778
2 0
3 0
4 0
5 0
6 0
7 0
8 0
9 0
9
1 218.333
2 0
3 0
4 0
5 0
6 0
7 0
8 0
9 0
9
1 217.846
2 0
3 0
4 0
5 0
6 0
7 0
8 0
9 0
9
1 218
2 0
3 0
4 0
5 0
6 0
7 0
8 0
9 0
9
1 221.818
2 0
3 0
4 0
5 0
6 0
7 0
8 0
9 0
9
1 221.667
2 0
3 0
4 0
5 0
6 0
7 0
8 0
9 0
9
1 224
2 0
3 0
4 0
5 0
6 0
7 0
8 0
9 0
9
1 227.333
2 0
3 0
4 0
5 0
6 0
7 0
8 0
9 0
9
1 225.2
2 0
3 0
4 0
5 0
6 0
7 0
8 0
9 0
9
1 227.077
2 0
3 0
4 0
5 0
6 0
7 0
8 0
9 0
9
1 229.538
2 0
3 0
4 0
5 0
6 0
7 0
8 0
9 0
9
1 228.364
2 0
3 0
4 0
5 0
6 0
7 0
8 0
9 0
9
1 231
2 0
3 0
4 0
5 0
6 0
7 0
8 0
9 0
9
1 231.333
2 0
3 0
4 0
5 0
6 0
7 0
8 0
9 0
9
1 232
2 0
3 0
4 0
5 0
6 0
7 0
8 0
9 0
9
1 232
2 0
3 0
4 0
5 0
6 0
7 0
8 0
9 0
9
1 232.667
2 0
3 0
4 0
5 0
6 0
7 0
8 0
9 0
9
1 234.154
2 0
3 0
4 0
5 0
6 0
7 0
8 0
9 0
9
1 232.923
2 0
3 0
4 0
5 0
6 0
7 0
8 0
9 0
9
1 235.6
2 0
3 0
4 0
5 0
6 0
7 0
8 0
9 0
9
1 235.692
2 0
3 0
4 0
5 0
6 0
7 0
8 0
9 0
9
1 235
2 0
3 0
4 0
5 0
6 0
7 0
8 0
9 0
9
1 236.667
2 0
3 0
4 0
5 0
6 0
7 0
8 0
9 0
9
1 234.545
2 0
3 0
4 0
5 0
6 0
7 0
8 0
9 0
9
1 237.778
2 0
3 0
4 0
5 0
6 0
7 0
8 0
9 0
9
1 239
2 0
3 0
4 0
5 0
6 0
7 0
8 0
9 0
9
1 236.4
2 0
3 0
4 0
5 0
6 0
7 0
8 0
9 0
9
1 239.667
2 0
3 0
4 0
5 0
6 0
7 0
8 0
9 0
9
1 242.333
2 0
3 0
4 0
5 0
6 0
7 0
8 0
9 0
9
1 240.308
2 0
3 0
4 0
5 0
6 0
7 0
8 0
9 0
9
1 240
2 0
3 0
4 0
5 0
6 0
7 0
8 0
9 0
9
1 239.077
2 0
3 0
4 0
5 0
6 0
7 0
8 0
9 0
9
1 240.923
2 0
3 0
4 0
5 0
6 0
7 0
8 0
9 0
9
1 240.667
2 0
3 0
4 0
5 0
6 0
7 0
8 0
9 0
9
1 242.545
2 0
3 0
4 0
5 0
6 0
7 0
8 0
9 0
9
1 242.154
2 0
3 0
4 0
5 0
6 0
7 0
8 0
9 0
9
1 240.333
2 0
3 0
4 0
5 0
6 0
7 0
8 0
9 0
9
1 241.6
2 0
3 0
4 0
5 0
6 0
7 0
8 0
9 0
9
1 242
2 0
3 0
4 0
5 0
6 0
7 0
8 0
9 0
