9
1 0
2 0
3 0
4 0
5 0
6 0
7 0
8 0
9 286.545
9
1 0
2 0
3 0
4 0
5 0
6 0
7 0
8 0
9 279.6
9
1 0
2 0
3 0
4 0
5 0
6 0
7 0
8 0
9 264.4
9
1 0
2 0
3 0
4 0
5 0
6 0
7 0
8 0
9 0
9
1 0
2 0
3 0
4 0
5 0
6 0
7 0
8 0
9 0
9
1 0
2 0
3 0
4 0
5 0
6 0
7 0
8 0
9 285.714
9
1 0
2 0
3 0
4 0
5 0
6 0
7 0
8 0
9 0
9
1 0
2 0
3 0
4 0
5 0
6 0
7 0
8 0
9 0
9
1 0
2 0
3 0
4 0
5 0
6 0
7 0
8 0
9 0
9
1 0
2 0
3 0
4 0
5 0
6 0
7 0
8 0
9 0
9
1 0
2 0
3 0
4 0
5 0
6 0
7 0
8 0
9 0
9
1 0
2 0
3 0
4 0
5 0
6 0
7 0
8 0
9 0
9
1 0
2 0
3 0
4 0
5 0
6 0
7 0
8 0
9 0
9
1 0
2 0
3 0
4 0
5 0
6 0
7 0
8 0
9 0
9
1 0
2 0
3 0
4 0
5 0
6 0
7 0
8 0
9 0
9
1 0
2 0
3 0
4 0
5 0
6 0
7 0
8 0
9 0
9
1 0
2 0
3 0
4 0
5 0
6 0
7 0
8 0
9 0
9
1 0
2 0
3 0
4 0
5 0
6 0
7 0
8 0
9 0
9
1 0
2 0
3 0
4 0
5 0
6 0
7 0
8 0
9 0
9
1 0
2 0
3 0
4 0
5 0
6 0
7 0
8 0
9 0
9
1 0
2 0
3 0
4 0
5 0
6 0
7 0
8 0
9 0
9
1 0
2 0
3 0
4 0
5 0
6 0
7 0
8 0
9 0
9
1 0
2 0
3 0
4 0
5 0
6 0
7 0
8 0
9 0
9
1 0
2 0
3 0
4 0
5 0
6 0
7 0
8 0
9 0
9
1 0
2 0
3 0
4 0
5 0
6 0
7 0
8 0
9 0
9
1 0
2 0
3 0
4 0
5 0
6 0
7 0
8 0
9 0
9
1 0
2 0
3 0
4 0
5 0
6 0
7 0
8 0
9 0
9
1 0
2 0
3 0
4 0
5 0
6 0
7 0
8 0
9 0
9
1 0
2 0
3 0
4 0
5 0
6 0
7 0
8 0
9 0
9
1 0
2 0
3 0
4 0
5 0
6 0
7 0
8 0
9 0
9
1 0
2 0
3 0
4 0
5 0
6 0
7 0
8 0
9 0
9
1 0
2 0
3 0
4 0
5 0
6 0
7 0
8 0
9 0
9
1 0
2 0
3 0
4 0
5 0
6 0
7 0
8 0
9 0
9
1 0
2 0
3 0
4 0
5 0
6 0
7 0
8 0
9 0
9
1 0
2 0
3 0
4 0
5 0
6 0
7 0
8 0
9 0
9
1 0
2 0
3 0
4 0
5 0
6 0
7 0
8 0
9 0
9
1 0
2 0
3 0
4 0
5 0
6 0
7 0
8 0
9 0
9
1 0
2 0
3 0
4 0
5 0
6 0
7 0
8 0
9 291.667
9
1 0
2 0
3 0
4 0
5 0
6 0
7 0
8 0
9 274.8
9
1 0
2 0
3 0
4 0
5 0
6 0
7 0
8 0
9 280
9
1 0
2 0
3 0
4 0
5 0
6 0
7 0
8 0
9 0
9
1 0
2 0
3 0
4 0
5 0
6 0
7 0
8 0
9 289.538
9
1 0
2 0
3 0
4 0
5 0
6 0
7 0
8 0
9 290.154
9
1 0
2 0
3 0
4 0
5 0
6 0
7 0
8 0
9 290
9
1 0
2 0
3 0
4 0
5 0
6 0
7 0
8 0
9 288.364
9
1 0
2 0
3 0
4 0
5 0
6 0
7 0
8 0
9 290.182
9
1 0
2 0
3 0
4 0
5 0
6 0
7 0
8 0
9 288
9
1 0
2 0
3 0
4 0
5 0
6 0
7 0
8 0
9 288.364
9
1 0
2 0
3 0
4 0
5 0
6 0
7 0
8 0
9 287.385
9
1 0
2 0
3 0
4 0
5 0
6 0
7 0
8 0
9 286
9
1 0
2 0
3 0
4 0
5 0
6 0
7 0
8 0
9 287
9
1 0
2 0
3 0
4 0
5 0
6 0
7 0
8 0
9 287.2
9
1 0
2 0
3 0
4 0
5 0
6 0
7 0
8 0
9 287.385
9
1 0
2 0
3 0
4 0
5 0
6 0
7 0
8 0
9 285.231
9
1 0
2 0
3 0
4 0
5 0
6 0
7 0
8 0
9 285.667
9
1 0
2 0
3 0
4 0
5 0
6 0
7 0
8 0
9 286.909
9
1 0
2 0
3 0
4 0
5 0
6 0
7 0
8 0
9 287.077
9
1 0
2 0
3 0
4 0
5 0
6 0
7 0
8 0
9 284.615
9
1 0
2 0
3 0
4 0
5 0
6 0
7 0
8 0
9 284.364
9
1 0
2 0
3 0
4 0
5 0
6 0
7 0
8 0
9 283.333
9
1 0
2 0
3 0
4 0
5 0
6 0
7 0
8 0
9 282.182
9
1 0
2 0
3 0
4 0
5 0
6 0
7 0
8 0
9 283.077
9
1 0
2 0
3 0
4 0
5 0
6 0
7 0
8 0
9 282.909
9
1 0
2 0
3 0
4 0
5 0
6 0
7 0
8 0
9 281.846
9
1 0
2 0
3 0
4 0
5 0
6 0
7 0
8 0
9 280.308
9
1 0
2 0
3 0
4 0
5 0
6 0
7 0
8 0
9 280.364
9
1 0
2 0
3 0
4 0
5 0
6 0
7 0
8 0
9 280.364
9
1 0
2 0
3 0
4 0
5 0
6 0
7 0
8 0
9 0
9
1 0
2 0
3 0
4 0
5 0
6 0
7 0
8 0
9 0
9
1 0
2 0
3 0
4 0
5 0
6 0
7 0
8 0
9 0
9
1 0
2 0
3 0
4 0
5 0
6 0
7 0
8 0
9 0
9
1 0
2 0
3 0
4 0
5 0
6 0
7 0
8 0
9 0
9
1 0
2 0
3 0
4 0
5 0
6 0
7 0
8 0
9 0
9
1 0
2 0
3 0
4 0
5 0
6 0
7 0
8 0
9 254.667
9
1 0
2 0
3 0
4 0
5 0
6 0
7 0
8 0
9 0
9
1 0
2 0
3 0
4 0
5 0
6 0
7 0
8 0
9 0
9
1 0
2 0
3 0
4 0
5 0
6 0
7 0
8 0
9 254.8
9
1 0
2 0
3 0
4 0
5 0
6 0
7 0
8 0
9 0
9
1 0
2 0
3 0
4 0
5 0
6 0
7 0
8 0
9 0
9
1 0
2 0
3 0
4 0
5 0
6 0
7 0
8 0
9 260
9
1 0
2 0
3 0
4 0
5 0
6 0
7 0
8 0
9 269.333
9
1 0
2 0
3 0
4 0
5 0
6 0
7 0
8 0
9 265.333
9
1 0
2 0
3 0
4 0
5 0
6 0
7 0
8 0
9 257.6
9
1 0
2 0
3 0
4 0
5 0
6 160.571
7 0
8 0
9 260.333
9
1 0
2 0
3 0
4 0
5 0
6 0
7 0
8 0
9 264.923
9
1 0
2 0
3 0
4 0
5 0
6 0
7 0
8 0
9 266.4
9
1 0
2 0
3 0
4 0
5 0
6 0
7 0
8 0
9 265
9
1 0
2 0
3 0
4 0
5 0
6 0
7 0
8 0
9 264.615
9
1 0
2 0
3 0
4 0
5 0
6 0
7 0
8 0
9 263.6
9
1 0
2 0
3 0
4 0
5 0
6 0
7 0
8 0
9 261.2
9
1 0
2 0
3 0
4 0
5 0
6 0
7 0
8 0
9 260.333
9
1 0
2 0
3 0
4 0
5 0
6 0
7 0
8 0
9 260.615
9
1 0
2 0
3 0
4 0
5 0
6 0
7 0
8 0
9 254.4
9
1 0
2 0
3 0
4 0
5 0
6 0
7 0
8 0
9 254
9
1 0
2 0
3 0
4 0
5 0
6 0
7 0
8 0
9 252
9
1 0
2 0
3 0
4 0
5 0
6 0
7 0
8 0
9 253.455
9
1 0
2 0
3 0
4 0
5 0
6 0
7 0
8 0
9 252.8
9
1 0
2 0
3 0
4 0
5 0
6 0
7 0
8 0
9 250.769
9
1 0
2 0
3 0
4 0
5 0
6 171.429
7 0
8 0
9 246.154
9
1 0
2 0
3 0
4 0
5 0
6 173.714
7 0
8 0
9 244.308
9
1 0
2 0
3 0
4 0
5 0
6 0
7 0
8 0
9 242.182
9
1 0
2 0
3 0
4 0
5 0
6 0
7 0
8 0
9 240.308
9
1 0
2 0
3 0
4 0
5 0
6 0
7 0
8 0
9 237.231
9
1 0
2 0
3 0
4 0
5 0
6 180
7 0
8 0
9 235.667
9
1 0
2 0
3 0
4 0
5 0
6 177.5
7 0
8 0
9 232.364
9
1 0
2 0
3 0
4 0
5 0
6 186.857
7 0
8 0
9 231.692
9
1 0
2 0
3 0
4 0
5 0
6 177.778
7 0
8 0
9 227
9
1 0
2 0
3 0
4 0
5 0
6 177.2
7 0
8 0
9 222.8
9
1 0
2 0
3 0
4 0
5 0
6 178.286
7 0
8 0
9 224.667
9
1 0
2 0
3 0
4 0
5 0
6 177.143
7 0
8 0
9 223.333
9
1 0
2 0
3 0
4 0
5 0
6 179.429
7 0
8 0
9 221
9
1 0
2 0
3 0
4 0
5 0
6 177.5
7 0
8 0
9 217.2
9
1 0
2 0
3 0
4 0
5 0
6 179.6
7 0
8 0
9 219.692
9
1 0
2 0
3 0
4 0
5 0
6 182.222
7 0
8 0
9 215.333
9
1 0
2 0
3 0
4 0
5 0
6 183.111
7 0
8 0
9 212.727
9
1 0
2 0
3 0
4 0
5 0
6 0
7 0
8 0
9 211.6
9
1 0
2 0
3 0
4 0
5 0
6 180.5
7 0
8 0
9 208.667
9
1 0
2 0
3 0
4 0
5 0
6 183.692
7 0
8 0
9 203
9
1 0
2 0
3 0
4 0
5 0
6 186.8
7 0
8 0
9 201.667
9
1 0
2 0
3 0
4 0
5 0
6 183.2
7 0
8 0
9 198.4
9
1 0
2 0
3 0
4 0
5 0
6 183.111
7 0
8 0
9 196.667
9
1 0
2 0
3 0
4 0
5 156
6 184
7 0
8 0
9 193.538
9
1 0
2 0
3 0
4 0
5 0
6 182.667
7 0
8 0
9 192
9
1 0
2 0
3 0
4 0
5 162.857
6 190.4
7 0
8 0
9 189.333
9
1 0
2 0
3 0
4 0
5 0
6 184.571
7 0
8 0
9 187
9
1 0
2 0
3 0
4 0
5 165.143
6 187.556
7 0
8 0
9 184
9
1 0
2 0
3 0
4 0
5 164.8
6 184
7 0
8 0
9 186.4
9
1 0
2 0
3 0
4 0
5 0
6 190.222
7 0
8 0
9 181.778
9
1 0
2 0
3 0
4 0
5 171.5
6 189.2
7 0
8 0
9 178.182
9
1 0
2 0
3 0
4 0
5 176.727
6 188.4
7 0
8 0
9 172.444
9
1 0
2 0
3 0
4 0
5 178.667
6 192.889
7 0
8 0
9 0
9
1 0
2 0
3 0
4 0
5 178.4
6 189.143
7 0
8 0
9 165.5
9
1 0
2 0
3 0
4 0
5 181.778
6 187.111
7 0
8 0
9 0
9
1 0
2 0
3 0
4 0
5 184.364
6 188
7 0
8 0
9 0
9
1 0
2 0
3 0
4 0
5 184.333
6 188.5
7 0
8 0
9 0
9
1 0
2 0
3 0
4 0
5 187
6 187.5
7 0
8 0
9 0
9
1 0
2 0
3 0
4 0
5 185.455
6 187.6
7 0
8 0
9 0
9
1 0
2 0
3 0
4 0
5 184.4
6 190
7 0
8 0
9 0
9
1 0
2 0
3 0
4 0
5 185.846
6 190.857
7 0
8 0
9 0
9
1 0
2 0
3 0
4 0
5 187.273
6 0
7 0
8 0
9 0
9
1 0
2 0
3 0
4 0
5 185.455
6 185.778
7 0
8 0
9 0
9
1 0
2 0
3 0
4 0
5 186.667
6 0
7 0
8 0
9 0
9
1 0
2 0
3 0
4 0
5 185.333
6 189
7 0
8 0
9 0
9
1 0
2 0
3 0
4 0
5 188
6 186
7 0
8 0
9 0
9
1 0
2 0
3 0
4 0
5 190.4
6 188
7 0
8 0
9 0
9
1 0
2 0
3 0
4 0
5 191.077
6 188.5
7 0
8 0
9 0
9
1 0
2 0
3 0
4 0
5 195.2
6 187.5
7 0
8 0
9 0
9
1 0
2 0
3 0
4 0
5 197.333
6 0
7 0
8 0
9 0
9
1 0
2 0
3 0
4 0
5 203.077
6 192
7 0
8 0
9 0
9
1 0
2 0
3 0
4 0
5 204
6 0
7 0
8 0
9 0
9
1 0
2 0
3 0
4 0
5 204.889
6 185.143
7 0
8 0
9 0
9
1 0
2 0
3 0
4 0
5 203.385
6 183.5
7 0
8 0
9 0
9
1 0
2 0
3 0
4 0
5 204.333
6 189.143
7 0
8 0
9 0
9
1 0
2 0
3 0
4 0
5 204.308
6 187.5
7 0
8 0
9 0
9
1 0
2 0
3 0
4 0
5 204.4
6 187.429
7 0
8 0
9 0
9
1 0
2 0
3 0
4 0
5 204.615
6 184.571
7 0
8 0
9 0
9
1 0
2 0
3 0
4 0
5 204
6 186.5
7 0
8 0
9 0
9
1 0
2 0
3 0
4 0
5 205.333
6 190.667
7 0
8 0
9 0
9
1 0
2 0
3 0
4 0
5 204
6 190
7 0
8 0
9 0
9
1 0
2 0
3 0
4 0
5 205
6 186.5
7 0
8 0
9 0
9
1 0
2 0
3 0
4 0
5 206
6 188.727
7 0
8 0
9 0
9
1 0
2 0
3 0
4 0
5 207.6
6 0
7 0
8 0
9 0
9
1 0
2 0
3 0
4 0
5 206.182
6 185.5
7 0
8 0
9 0
9
1 0
2 0
3 0
4 0
5 208.4
6 189
7 0
8 0
9 0
9
1 0
2 0
3 0
4 0
5 208.615
6 188.667
7 0
8 0
9 0
9
1 0
2 0
3 0
4 0
5 208
6 187
7 0
8 0
9 0
9
1 0
2 0
3 0
4 0
5 209.091
6 186.8
7 0
8 0
9 0
9
1 0
2 0
3 0
4 0
5 206.769
6 185.5
7 0
8 0
9 0
9
1 0
2 0
3 0
4 0
5 208.4
6 184.444
7 0
8 0
9 0
9
1 0
2 0
3 0
4 0
5 207.273
6 188
7 0
8 0
9 0
9
1 0
2 0
3 0
4 0
5 208
6 186.286
7 0
8 0
9 0
9
1 0
2 0
3 0
4 0
5 207.333
6 186.667
7 0
8 0
9 0
9
1 0
2 0
3 0
4 0
5 206.909
6 187.5
7 0
8 0
9 0
9
1 0
2 0
3 0
4 0
5 209.333
6 186.667
7 0
8 0
9 0
9
1 0
2 0
3 0
4 0
5 208
6 188.889
7 0
8 0
9 0
9
1 0
2 0
3 0
4 0
5 208.333
6 185.778
7 0
8 0
9 0
9
1 0
2 0
3 0
4 0
5 210.4
6 0
7 0
8 0
9 0
9
1 0
2 0
3 0
4 0
5 208.4
6 193.333
7 0
8 0
9 0
9
1 0
2 0
3 0
4 0
5 208
6 189.143
7 0
8 0
9 0
9
1 0
2 0
3 0
4 0
5 209.231
6 187.429
7 0
8 0
9 0
9
1 0
2 0
3 0
4 0
5 206.8
6 184.571
7 0
8 0
9 0
9
1 0
2 0
3 0
4 0
5 207.636
6 0
7 0
8 0
9 0
9
1 0
2 0
3 0
4 0
5 209.667
6 184.571
7 0
8 0
9 0
9
1 0
2 0
3 0
4 0
5 220
6 0
7 0
8 0
9 0
9
1 0
2 0
3 0
4 0
5 224.8
6 0
7 0
8 0
9 0
9
1 0
2 0
3 0
4 0
5 224
6 0
7 0
8 0
9 0
9
1 0
2 0
3 0
4 0
5 225.667
6 0
7 0
8 0
9 0
9
1 0
2 0
3 0
4 0
5 229.091
6 0
7 0
8 0
9 0
9
1 0
2 0
3 0
4 0
5 232.364
6 185.143
7 0
8 0
9 0
9
1 0
2 0
3 0
4 0
5 234.769
6 0
7 0
8 0
9 0
9
1 0
2 0
3 0
4 0
5 237.538
6 0
7 0
8 0
9 0
9
1 0
2 0
3 0
4 0
5 236.4
6 0
7 0
8 0
9 0
9
1 0
2 0
3 0
4 0
5 236
6 0
7 0
8 0
9 0
9
1 0
2 0
3 0
4 0
5 237.231
6 0
7 0
8 0
9 0
9
1 0
2 0
3 0
4 0
5 236.308
6 0
7 0
8 0
9 0
9
1 0
2 0
3 0
4 0
5 236.444
6 0
7 0
8 0
9 0
9
1 0
2 0
3 0
4 0
5 236.923
6 0
7 0
8 0
9 0
9
1 0
2 0
3 0
4 0
5 236.364
6 0
7 0
8 0
9 0
9
1 0
2 0
3 0
4 0
5 236.364
6 0
7 0
8 0
9 0
9
1 0
2 0
3 0
4 0
5 237.6
6 0
7 0
8 0
9 0
9
1 0
2 0
3 0
4 0
5 235.385
6 0
7 0
8 0
9 0
9
1 0
2 0
3 0
4 0
5 234.182
6 0
7 0
8 0
9 0
9
1 0
2 0
3 0
4 0
5 235.6
6 0
7 0
8 0
9 0
9
1 0
2 0
3 0
4 0
5 236
6 0
7 0
8 0
9 0
9
1 0
2 0
3 0
4 0
5 235.692
6 0
7 0
8 0
9 0
9
1 0
2 0
3 0
4 0
5 239.636
6 0
7 0
8 0
9 0
9
1 0
2 0
3 0
4 0
5 242.182
6 0
7 0
8 0
9 0
9
1 0
2 0
3 0
4 0
5 245.667
6 0
7 0
8 0
9 0
9
1 0
2 0
3 0
4 0
5 245.818
6 0
7 0
8 0
9 0
9
1 0
2 0
3 0
4 0
5 246.333
6 0
7 0
8 0
9 0
9
1 0
2 0
3 0
4 0
5 246.4
6 0
7 0
8 0
9 0
9
1 0
2 0
3 0
4 0
5 246.667
6 0
7 0
8 0
9 0
9
1 0
2 0
3 0
4 0
5 246.909
6 0
7 0
8 0
9 0
9
1 0
2 0
3 0
4 0
5 248.615
6 0
7 0
8 0
9 0
9
1 0
2 0
3 0
4 0
5 248.444
6 0
7 0
8 0
9 0
9
1 0
2 0
3 0
4 0
5 248.615
6 0
7 0
8 0
9 0
9
1 0
2 0
3 0
4 0
5 246.769
6 0
7 0
8 0
9 0
9
1 0
2 0
3 0
4 0
5 248.727
6 0
7 0
8 0
9 0
9
1 0
2 0
3 0
4 0
5 246.545
6 0
7 0
8 0
9 0
9
1 0
2 0
3 0
4 0
5 248.308
6 0
7 0
8 0
9 0
9
1 0
2 0
3 0
4 0
5 248.615
6 0
7 0
8 0
9 0
9
1 0
2 0
3 0
4 0
5 248
6 0
7 0
8 0
9 0
9
1 0
2 0
3 0
4 0
5 248
6 0
7 0
8 0
9 0
9
1 0
2 0
3 0
4 0
5 247.667
6 0
7 0
8 0
9 0
9
1 0
2 0
3 0
4 0
5 248
6 0
7 0
8 0
9 0
9
1 0
2 0
3 0
4 0
5 248
6 0
7 0
8 0
9 0
9
1 0
2 0
3 0
4 0
5 245.667
6 0
7 0
8 0
9 0
9
1 0
2 0
3 0
4 0
5 245.818
6 0
7 0
8 0
9 0
9
1 0
2 0
3 0
4 0
5 248.308
6 0
7 0
8 0
9 0
9
1 0
2 0
3 0
4 0
5 248.444
6 0
7 0
8 0
9 0
9
1 0
2 0
3 0
4 0
5 248
6 0
7 0
8 0
9 0
9
1 0
2 0
3 0
4 0
5 250.333
6 0
7 0
8 0
9 0
9
1 0
2 0
3 0
4 0
5 248
6 0
7 0
8 0
9 0
9
1 0
2 0
3 0
4 0
5 248
6 0
7 0
8 0
9 0
9
1 0
2 0
3 0
4 0
5 248.308
6 0
7 0
8 0
9 0
9
1 0
2 0
3 0
4 0
5 249.333
6 0
7 0
8 0
9 0
9
1 0
2 0
3 0
4 0
5 247.636
6 0
7 0
8 0
9 0
9
1 0
2 0
3 0
4 0
5 250.222
6 0
7 0
8 0
9 0
9
1 0
2 0
3 0
4 0
5 249
6 0
7 0
8 0
9 0
9
1 0
2 0
3 0
4 0
5 248.308
6 0
7 0
8 0
9 0
9
1 0
2 0
3 0
4 0
5 247.556
6 0
7 0
8 0
9 0
9
1 0
2 0
3 0
4 0
5 246.667
6 0
7 0
8 0
9 0
9
1 0
2 0
3 0
4 0
5 249.333
6 0
7 0
8 0
9 0
9
1 0
2 0
3 0
4 0
5 248.923
6 0
7 0
8 0
9 0
9
1 0
2 0
3 0
4 0
5 252
6 0
7 0
8 0
9 0
9
1 0
2 0
3 0
4 0
5 251.636
6 0
7 0
8 0
9 0
9
1 0
2 0
3 0
4 0
5 249.667
6 0
7 0
8 0
9 0
9
1 0
2 0
3 0
4 0
5 252
6 0
7 0
8 0
9 0
9
1 0
2 0
3 0
4 0
5 253.818
6 0
7 0
8 0
9 0
9
1 0
2 0
3 0
4 0
5 253.455
6 0
7 0
8 0
9 0
9
1 0
2 0
3 0
4 0
5 252
6 0
7 0
8 0
9 0
9
1 0
2 0
3 0
4 0
5 256
6 0
7 0
8 0
9 0
9
1 0
2 0
3 0
4 0
5 253.778
6 0
7 0
8 0
9 0
9
1 0
2 0
3 0
4 0
5 256.923
6 0
7 0
8 0
9 0
9
1 0
2 0
3 0
4 0
5 260.308
6 0
7 0
8 0
9 0
9
1 0
2 0
3 0
4 0
5 259.636
6 0
7 0
8 0
9 0
9
1 0
2 0
3 0
4 0
5 260
6 0
7 0
8 0
9 0
9
1 0
2 0
3 0
4 0
5 258.462
6 0
7 0
8 0
9 0
9
1 0
2 0
3 0
4 0
5 257.667
6 0
7 0
8 0
9 0
9
1 0
2 0
3 0
4 0
5 260.727
6 0
7 0
8 0
9 0
9
1 0
2 0
3 0
4 0
5 261.2
6 0
7 0
8 0
9 0
9
1 0
2 0
3 0
4 0
5 261
6 0
7 0
8 0
9 0
9
1 0
2 0
3 0
4 0
5 260.923
6 0
7 0
8 0
9 0
9
1 0
2 0
3 0
4 0
5 263.111
6 0
7 0
8 0
9 0
9
1 0
2 0
3 0
4 0
5 261
6 0
7 0
8 0
9 0
9
1 0
2 0
3 0
4 0
5 259.077
6 0
7 0
8 0
9 0
9
1 0
2 0
3 0
4 0
5 260.333
6 0
7 0
8 0
9 0
9
1 0
2 0
3 0
4 0
5 260
6 0
7 0
8 0
9 0
9
1 0
2 0
3 0
4 0
5 260
6 0
7 0
8 0
9 0
9
1 0
2 0
3 0
4 0
5 257.846
6 0
7 0
8 0
9 0
9
1 0
2 0
3 0
4 0
5 260
6 0
7 0
8 0
9 0
9
1 0
2 0
3 0
4 0
5 261.455
6 0
7 0
8 0
9 0
9
1 0
2 0
3 0
4 0
5 259.077
6 0
7 0
8 0
9 0
9
1 0
2 0
3 0
4 0
5 259.692
6 0
7 0
8 0
9 0
9
1 0
2 0
3 0
4 0
5 259.6
6 0
7 0
8 0
9 0
9
1 0
2 0
3 0
4 0
5 260
6 0
7 0
8 0
9 0
9
1 0
2 0
3 0
4 0
5 257.846
6 0
7 0
8 0
9 0
9
1 0
2 0
3 0
4 0
5 260
6 0
7 0
8 0
9 0
9
1 0
2 0
3 0
4 0
5 259.2
6 0
7 0
8 0
9 0
9
1 0
2 0
3 0
4 0
5 259.667
6 0
7 0
8 0
9 0
9
1 0
2 0
3 0
4 0
5 259.667
6 0
7 0
8 0
9 0
9
1 0
2 0
3 0
4 0
5 261.333
6 0
7 0
8 0
9 0
9
1 0
2 0
3 0
4 0
5 258.909
6 0
7 0
8 0
9 0
9
1 0
2 0
3 0
4 0
5 255.692
6 0
7 0
8 0
9 0
9
1 0
2 0
3 0
4 0
5 256
6 0
7 0
8 0
9 0
9
1 0
2 0
3 0
4 0
5 255.273
6 0
7 0
8 0
9 0
9
1 0
2 0
3 0
4 0
5 254.182
6 0
7 0
8 0
9 0
9
1 0
2 0
3 0
4 0
5 256.364
6 0
7 0
8 0
9 0
9
1 0
2 0
3 0
4 0
5 255.077
6 0
7 0
8 0
9 0
9
1 0
2 0
3 0
4 0
5 248
6 0
7 0
8 0
9 0
9
1 0
2 0
3 0
4 0
5 254.182
6 0
7 0
8 0
9 0
9
1 0
2 0
3 0
4 0
5 252.923
6 0
7 0
8 0
9 0
9
1 0
2 0
3 0
4 0
5 254
6 0
7 0
8 0
9 0
9
1 0
2 0
3 0
4 0
5 253.6
6 0
7 0
8 0
9 0
9
1 0
2 0
3 0
4 0
5 252.333
6 0
7 0
8 0
9 0
9
1 0
2 0
3 0
4 0
5 252
6 0
7 0
8 0
9 0
9
1 0
2 0
3 0
4 0
5 249.818
6 0
7 0
8 0
9 0
9
1 0
2 0
3 0
4 0
5 246.909
6 0
7 0
8 0
9 0
9
1 0
2 0
3 0
4 0
5 246.222
6 0
7 0
8 0
9 0
9
1 0
2 0
3 0
4 0
5 245.846
6 0
7 0
8 0
9 0
9
1 0
2 0
3 0
4 0
5 243.273
6 0
7 0
8 0
9 0
9
1 0
2 0
3 0
4 0
5 240.364
6 0
7 0
8 0
9 0
9
1 0
2 0
3 0
4 0
5 241.455
6 0
7 0
8 0
9 0
9
1 0
2 0
3 0
4 0
5 238.769
6 0
7 0
8 0
9 0
9
1 0
2 0
3 0
4 0
5 235.273
6 0
7 0
8 0
9 0
9
1 0
2 0
3 0
4 0
5 231.385
6 0
7 0
8 0
9 0
9
1 0
2 0
3 0
4 0
5 227.6
6 0
7 0
8 0
9 0
9
1 0
2 0
3 0
4 0
5 224.727
6 0
7 0
8 0
9 0
9
1 0
2 0
3 0
4 0
5 219.636
6 0
7 0
8 0
9 0
9
1 0
2 0
3 0
4 0
5 215.667
6 0
7 0
8 0
9 0
9
1 0
2 0
3 0
4 0
5 210.154
6 0
7 0
8 0
9 0
9
1 0
2 0
3 0
4 0
5 204
6 0
7 0
8 0
9 0
9
1 0
2 0
3 0
4 0
5 198.4
6 0
7 0
8 0
9 0
9
1 0
2 0
3 0
4 0
5 194
6 0
7 0
8 0
9 0
9
1 0
2 0
3 0
4 0
5 189.333
6 0
7 0
8 0
9 0
9
1 0
2 0
3 0
4 0
5 186.5
6 0
7 0
8 0
9 0
9
1 0
2 0
3 0
4 0
5 180.364
6 0
7 0
8 0
9 0
9
1 0
2 0
3 0
4 0
5 174.909
6 0
7 0
8 0
9 0
9
1 0
2 0
3 0
4 0
5 165.6
6 0
7 0
8 0
9 0
9
1 0
2 0
3 0
4 0
5 0
6 0
7 0
8 0
9 0
9
1 0
2 0
3 0
4 0
5 0
6 0
7 0
8 0
9 0
9
1 0
2 0
3 0
4 0
5 0
6 0
7 0
8 0
9 0
9
1 0
2 0
3 0
4 0
5 0
6 0
7 0
8 0
9 0
9
1 0
2 0
3 0
4 0
5 0
6 0
7 0
8 0
9 0
9
1 0
2 0
3 0
4 0
5 0
6 0
7 0
8 0
9 0
9
1 0
2 0
3 0
4 0
5 0
6 0
7 0
8 0
9 0
9
1 0
2 0
3 0
4 0
5 0
6 0
7 0
8 0
9 0
9
1 0
2 0
3 0
4 0
5 0
6 0
7 0
8 0
9 0
9
1 0
2 0
3 0
4 0
5 0
6 0
7 0
8 0
9 0
9
1 0
2 0
3 0
4 0
5 0
6 0
7 0
8 0
9 0
9
1 0
2 0
3 0
4 0
5 0
6 0
7 0
8 0
9 0
9
1 0
2 0
3 0
4 0
5 0
6 0
7 0
8 0
9 0
9
1 0
2 0
3 0
4 0
5 0
6 0
7 0
8 0
9 0
9
1 0
2 0
3 0
4 0
5 0
6 0
7 0
8 0
9 0
9
1 155
2 0
3 0
4 0
5 0
6 0
7 0
8 0
9 0
9
1 160.889
2 0
3 0
4 0
5 0
6 0
7 0
8 0
9 0
9
1 165.778
2 0
3 0
4 0
5 0
6 0
7 0
8 0
9 0
9
1 172
2 0
3 0
4 0
5 0
6 0
7 0
8 0
9 0
9
1 173.667
2 0
3 0
4 0
5 0
6 0
7 0
8 0
9 0
9
1 178.667
2 0
3 0
4 0
5 0
6 0
7 0
8 0
9 0
9
1 183.6
2 0
3 0
4 0
5 0
6 0
7 0
8 0
9 0
9
1 189.333
2 0
3 0
4 0
5 0
6 0
7 0
8 0
9 0
9
1 196
2 0
3 0
4 0
5 0
6 0
7 0
8 0
9 0
9
1 202
2 0
3 0
4 0
5 0
6 0
7 0
8 0
9 0
9
1 204.364
2 0
3 0
4 0
5 0
6 0
7 0
8 0
9 0
9
1 209.846
2 0
3 0
4 0
5 0
6 0
7 0
8 0
9 0
9
1 214.769
2 0
3 0
4 0
5 0
6 0
7 0
8 0
9 0
9
1 216.4
2 0
3 0
4 0
5 0
6 0
7 0
8 0
9 0
9
1 220.667
2 0
3 0
4 0
5 0
6 0
7 0
8 0
9 0
9
1 227.636
2 0
3 0
4 0
5 0
6 0
7 0
8 0
9 0
