9
1 0
2 0
3 0
4 0
5 145.5
6 191.84
7 0
8 108
9 214.333
9
1 0
2 0
3 0
4 0
5 146.4
6 192.16
7 0
8 108.222
9 213.926
9
1 0
2 0
3 0
4 0
5 149.867
6 193.12
7 0
8 110.25
9 208.96
9
1 0
2 0
3 0
4 0
5 154.222
6 194.963
7 0
8 107.478
9 203.167
9
1 0
2 0
3 0
4 0
5 160.25
6 196.96
7 0
8 109.263
9 196.889
9
1 0
2 0
3 0
4 0
5 164.471
6 196.296
7 0
8 109.4
9 192.333
9
1 0
2 0
3 0
4 0
5 168.889
6 196.16
7 0
8 111
9 185.778
9
1 0
2 0
3 58.6667
4 0
5 177.333
6 198.08
7 0
8 109.176
9 178.88
9
1 0
2 0
3 57.1429
4 0
5 184
6 198.222
7 0
8 107.2
9 170.261
9
1 0
2 0
3 59
4 0
5 190.333
6 195.52
7 0
8 106.25
9 164.96
9
1 0
2 0
3 76.5714
4 0
5 192.632
6 198.37
7 0
8 106.25
9 159.652
9
1 0
2 0
3 60
4 0
5 198
6 197.76
7 0
8 105.8
9 157.12
9
1 0
2 0
3 73.3333
4 0
5 205.067
6 197.28
7 0
8 104.4
9 150.957
9
1 0
2 0
3 63.4286
4 0
5 212.667
6 197.28
7 0
8 103.478
9 145.077
9
1 0
2 0
3 68
4 0
5 216.4
6 196.32
7 0
8 100
9 139.091
9
1 0
2 0
3 0
4 0
5 223.579
6 193.926
7 0
8 100
9 135.13
9
1 0
2 0
3 70.6667
4 0
5 227.2
6 195.68
7 0
8 98.2
9 129.231
9
1 0
2 0
3 0
4 0
5 236.19
6 193.333
7 0
8 96.2105
9 122.087
9
1 0
2 0
3 82
4 0
5 240.5
6 191.36
7 0
8 94.1053
9 114.88
9
1 0
2 0
3 76.6667
4 0
5 245.4
6 190.72
7 0
8 93
9 108
9
1 0
2 0
3 78.4615
4 0
5 248.5
6 187.385
7 0
8 92.75
9 103.667
9
1 0
2 0
3 81.7778
4 0
5 251.4
6 184.96
7 0
8 87.7333
9 98
9
1 0
2 0
3 87.2941
4 0
5 255.778
6 181.037
7 0
8 86.25
9 93.8
9
1 0
2 0
3 87.3333
4 0
5 259.048
6 177.92
7 0
8 85.1765
9 86.9565
9
1 0
2 0
3 89.8947
4 0
5 259.826
6 173.231
7 0
8 81.25
9 83.6
9
1 0
2 0
3 91.75
4 0
5 264.842
6 170.56
7 0
8 81
9 78.9474
9
1 0
2 0
3 93.25
4 0
5 266
6 166.88
7 0
8 75.0769
9 75.2
9
1 0
2 0
3 96.8
4 0
5 265.273
6 162.667
7 0
8 75.5294
9 70.4444
9
1 0
2 55.6364
3 98.4444
4 0
5 265.556
6 158.88
7 0
8 72.9412
9 63.4286
9
1 0
2 61.1429
3 100.222
4 0
5 266.56
6 154.963
7 0
8 70.1333
9 62
9
1 0
2 62.6667
3 100.941
4 0
5 265.263
6 150.88
7 0
8 68.3077
9 58
9
1 0
2 64.6154
3 103.455
4 0
5 264.762
6 148.148
7 0
8 64
9 62.8
9
1 0
2 68
3 105.684
4 0
5 264.762
6 143.36
7 0
8 64
9 53
9
1 0
2 73.1765
3 105.143
4 0
5 263
6 140.8
7 0
8 62.9333
9 49.1429
9
1 0
2 72.4444
3 107.13
4 0
5 262
6 136.154
7 0
8 59.2
9 50.5
9
1 0
2 78
3 108.174
4 0
5 258.182
6 132.64
7 0
8 60
9 0
9
1 0
2 81.6842
3 107.667
4 0
5 254.167
6 129.333
7 0
8 54
9 0
9
1 0
2 84.4706
3 109.92
4 0
5 253.636
6 126.88
7 0
8 53.8182
9 0
9
1 54.3333
2 86.8235
3 109.28
4 60.5714
5 251
6 123.077
7 0
8 63.2727
9 0
9
1 0
2 89
3 108.96
4 53.0909
5 248.952
6 121.913
7 0
8 53.6667
9 0
9
1 59
2 90.8571
3 109.185
4 66
5 246.909
6 120.667
7 0
8 0
9 0
9
1 53.5
2 96
3 110.24
4 57.6667
5 240.308
6 115.5
7 0
8 50.8571
9 0
9
1 56.8
2 100.842
3 109.846
4 59.1111
5 237.091
6 112
7 0
8 0
9 0
9
1 59.6
2 103.778
3 109.6
4 66.1538
5 234.308
6 111.13
7 0
8 46.8571
9 0
9
1 61.0909
2 105.8
3 110.56
4 61.8182
5 230.476
6 104.632
7 0
8 0
9 0
9
1 63.1429
2 107.4
3 109.538
4 62.8571
5 226.087
6 106
7 0
8 0
9 0
9
1 65.6
2 110.5
3 110.833
4 64.4706
5 222.72
6 102.588
7 0
8 0
9 0
9
1 65.7778
2 114.182
3 108.148
4 67.4667
5 218.609
6 98.2
7 0
8 0
9 0
9
1 69.3333
2 115
3 108.8
4 65.1111
5 214.308
6 96
7 0
8 0
9 0
9
1 69.4286
2 119.091
3 107.68
4 67.2381
5 211.304
6 94.3529
7 0
8 0
9 0
9
1 71.7333
2 121.391
3 106.615
4 70
5 205.92
6 91.4667
7 0
8 0
9 0
9
1 76.6154
2 123.818
3 108.16
4 68
5 203.167
6 88.9412
7 0
8 0
9 0
9
1 76.3077
2 124.154
3 107.407
4 69.76
5 202
6 88.8
7 0
8 0
9 0
9
1 79.1111
2 128.167
3 104.96
4 71.1579
5 193.44
6 86.1333
7 0
8 0
9 0
9
1 84.4706
2 133.185
3 104
4 74.72
5 184.8
6 80.3077
7 0
8 0
9 0
9
1 91.1429
2 138.5
3 102.08
4 75.5385
5 177.692
6 75.7143
7 0
8 0
9 0
9
1 96
2 142.833
3 101.12
4 77.6667
5 170.167
6 75.6364
7 0
8 0
9 0
9
1 100.364
2 146.4
3 99.0769
4 78.4
5 161.538
6 68.4
7 0
8 0
9 0
9
1 105.333
2 149
3 97.92
4 81.12
5 156.696
6 65.3333
7 0
8 0
9 0
9
1 108.444
2 152.889
3 97.4815
4 81.92
5 152.16
6 62
7 0
8 0
9 0
9
1 113.429
2 155.2
3 95.04
4 83.5385
5 146.308
6 61.2
7 0
8 0
9 0
9
1 116.5
2 159.385
3 93.76
4 84.16
5 141.76
6 62
7 0
8 0
9 0
9
1 122.286
2 163.52
3 92.96
4 86.8148
5 136.296
6 0
7 0
8 0
9 0
9
1 128
2 165.76
3 88.7619
4 87.2
5 129.44
6 0
7 0
8 0
9 0
9
1 134
2 168.296
3 87.8333
4 88.64
5 125.667
6 0
7 0
8 0
9 0
9
1 139.5
2 170.72
3 86.4444
4 90.087
5 119.385
6 0
7 0
8 0
9 0
9
1 147.111
2 173.778
3 83.2
4 90.24
5 115.2
6 0
7 0
8 0
9 0
9
1 154.667
2 175.84
3 80.9231
4 92.5926
5 109.333
6 0
7 0
8 0
9 0
9
1 155.75
2 177.5
3 79.2727
4 93.6
5 107.84
6 0
7 0
8 0
9 0
9
1 155.385
2 173.926
3 80
4 93.037
5 104.96
6 0
7 0
8 0
9 0
9
1 156.615
2 177.92
3 79
4 92.32
5 104.8
6 0
7 0
8 0
9 0
9
1 158.4
2 177.481
3 82.7692
4 93.6667
5 104
6 0
7 0
8 0
9 0
9
1 158
2 178.24
3 78.9091
4 92.48
5 104.741
6 0
7 0
8 0
9 0
9
1 153.818
2 177.692
3 80
4 93.12
5 105.28
6 0
7 0
8 0
9 0
