9
1 0
2 0
3 0
4 0
5 0
6 0
7 0
8 0
9 289.333
9
1 0
2 0
3 0
4 0
5 0
6 0
7 0
8 0
9 288.923
9
1 0
2 0
3 0
4 0
5 0
6 0
7 0
8 0
9 290.545
9
1 0
2 0
3 0
4 0
5 0
6 0
7 0
8 0
9 291.667
9
1 0
2 0
3 0
4 0
5 0
6 0
7 0
8 0
9 280.571
9
1 0
2 0
3 0
4 0
5 0
6 0
7 0
8 0
9 0
9
1 0
2 0
3 0
4 0
5 0
6 0
7 0
8 0
9 0
9
1 0
2 0
3 0
4 0
5 0
6 0
7 0
8 0
9 0
9
1 0
2 0
3 0
4 0
5 0
6 0
7 0
8 0
9 0
9
1 0
2 0
3 0
4 0
5 0
6 0
7 0
8 0
9 0
9
1 0
2 0
3 0
4 0
5 0
6 0
7 0
8 0
9 0
9
1 0
2 0
3 0
4 0
5 0
6 0
7 0
8 0
9 0
9
1 0
2 0
3 0
4 0
5 0
6 0
7 0
8 0
9 0
9
1 0
2 0
3 0
4 0
5 0
6 0
7 0
8 0
9 0
9
1 0
2 0
3 0
4 0
5 0
6 0
7 0
8 0
9 0
9
1 0
2 0
3 0
4 0
5 0
6 0
7 0
8 0
9 0
9
1 0
2 0
3 0
4 0
5 0
6 0
7 0
8 0
9 0
9
1 0
2 0
3 0
4 0
5 0
6 0
7 0
8 0
9 0
9
1 0
2 0
3 0
4 0
5 0
6 0
7 0
8 0
9 0
9
1 0
2 0
3 0
4 0
5 0
6 0
7 0
8 0
9 0
9
1 0
2 0
3 0
4 0
5 0
6 0
7 0
8 0
9 0
9
1 0
2 0
3 0
4 0
5 0
6 0
7 0
8 0
9 0
9
1 0
2 0
3 0
4 0
5 0
6 0
7 0
8 0
9 0
9
1 0
2 0
3 0
4 0
5 0
6 0
7 0
8 0
9 288
9
1 0
2 0
3 0
4 0
5 0
6 0
7 0
8 0
9 287.692
9
1 0
2 0
3 0
4 0
5 0
6 0
7 0
8 0
9 289.667
9
1 0
2 0
3 0
4 0
5 0
6 0
7 0
8 0
9 290.182
9
1 0
2 0
3 0
4 0
5 0
6 0
7 0
8 0
9 288
9
1 0
2 0
3 0
4 0
5 0
6 0
7 0
8 0
9 289.231
9
1 0
2 0
3 0
4 0
5 0
6 0
7 0
8 0
9 287.333
9
1 0
2 0
3 0
4 0
5 0
6 0
7 0
8 0
9 289.455
9
1 0
2 0
3 0
4 0
5 0
6 0
7 0
8 0
9 289.091
9
1 0
2 0
3 0
4 0
5 0
6 0
7 0
8 0
9 287.667
9
1 0
2 0
3 0
4 0
5 0
6 0
7 0
8 0
9 286.909
9
1 0
2 0
3 0
4 0
5 0
6 0
7 0
8 0
9 287.636
9
1 0
2 0
3 0
4 0
5 0
6 0
7 0
8 0
9 286.462
9
1 0
2 0
3 0
4 0
5 0
6 0
7 0
8 0
9 271.5
9
1 0
2 0
3 0
4 0
5 0
6 0
7 0
8 0
9 271.2
9
1 0
2 0
3 0
4 0
5 0
6 0
7 0
8 0
9 280
9
1 0
2 0
3 0
4 0
5 0
6 0
7 0
8 0
9 278.769
9
1 0
2 0
3 0
4 0
5 0
6 0
7 0
8 0
9 285.667
9
1 0
2 0
3 0
4 0
5 0
6 0
7 0
8 0
9 284.364
9
1 0
2 0
3 0
4 0
5 0
6 0
7 0
8 0
9 283.556
9
1 0
2 0
3 0
4 0
5 0
6 0
7 0
8 0
9 282.182
9
1 0
2 0
3 0
4 0
5 0
6 0
7 0
8 0
9 283
9
1 0
2 0
3 0
4 0
5 0
6 0
7 0
8 0
9 282.182
9
1 0
2 0
3 0
4 0
5 0
6 0
7 0
8 0
9 282.545
9
1 0
2 0
3 0
4 0
5 0
6 0
7 0
8 0
9 280.615
9
1 0
2 0
3 0
4 0
5 0
6 0
7 0
8 0
9 279.333
9
1 0
2 0
3 0
4 0
5 0
6 0
7 0
8 0
9 279.273
9
1 0
2 0
3 0
4 0
5 0
6 0
7 0
8 0
9 277.538
9
1 0
2 0
3 0
4 0
5 0
6 0
7 0
8 0
9 279.077
9
1 0
2 0
3 0
4 0
5 0
6 0
7 0
8 0
9 276.364
9
1 0
2 0
3 0
4 0
5 0
6 0
7 0
8 0
9 276
9
1 0
2 0
3 0
4 0
5 0
6 0
7 0
8 0
9 274.462
9
1 0
2 0
3 0
4 0
5 0
6 0
7 0
8 0
9 273.538
9
1 0
2 0
3 0
4 0
5 0
6 0
7 0
8 0
9 270.5
9
1 0
2 0
3 0
4 0
5 0
6 0
7 0
8 0
9 271.2
9
1 0
2 0
3 0
4 0
5 0
6 0
7 0
8 0
9 270.667
9
1 0
2 0
3 0
4 0
5 0
6 0
7 0
8 0
9 267.692
9
1 0
2 0
3 0
4 0
5 0
6 0
7 0
8 0
9 266.8
9
1 0
2 0
3 0
4 0
5 0
6 0
7 0
8 0
9 266.667
9
1 0
2 0
3 0
4 0
5 0
6 0
7 0
8 0
9 265.333
9
1 0
2 0
3 0
4 0
5 0
6 160.571
7 0
8 0
9 261.231
9
1 0
2 0
3 0
4 0
5 0
6 0
7 0
8 0
9 259.273
9
1 0
2 0
3 0
4 0
5 0
6 164.571
7 0
8 0
9 255.077
9
1 0
2 0
3 0
4 0
5 0
6 164
7 0
8 0
9 253
9
1 0
2 0
3 0
4 0
5 0
6 0
7 0
8 0
9 250.333
9
1 0
2 0
3 0
4 0
5 0
6 170.286
7 0
8 0
9 252
9
1 0
2 0
3 0
4 0
5 0
6 0
7 0
8 0
9 248.889
9
1 0
2 0
3 0
4 0
5 0
6 0
7 0
8 0
9 244.667
9
1 0
2 0
3 0
4 0
5 0
6 0
7 0
8 0
9 241.091
9
1 0
2 0
3 0
4 0
5 0
6 0
7 0
8 0
9 237.455
9
1 0
2 0
3 0
4 0
5 0
6 0
7 0
8 0
9 237.667
9
1 0
2 0
3 0
4 0
5 0
6 171.429
7 0
8 0
9 233.846
9
1 0
2 0
3 0
4 0
5 0
6 0
7 0
8 0
9 233.6
9
1 0
2 0
3 0
4 0
5 0
6 0
7 0
8 0
9 227.667
9
1 0
2 0
3 0
4 0
5 0
6 174
7 0
8 0
9 224
9
1 0
2 0
3 0
4 0
5 0
6 176
7 0
8 0
9 221
9
1 0
2 0
3 0
4 0
5 0
6 177.714
7 0
8 0
9 219.6
9
1 0
2 0
3 0
4 0
5 0
6 0
7 0
8 0
9 218.909
9
1 0
2 0
3 0
4 0
5 0
6 175
7 0
8 0
9 216.333
9
1 0
2 0
3 0
4 0
5 0
6 0
7 0
8 0
9 212
9
1 0
2 0
3 0
4 0
5 0
6 0
7 0
8 0
9 209.455
9
1 0
2 0
3 0
4 0
5 0
6 0
7 0
8 0
9 204.4
9
1 0
2 0
3 0
4 0
5 0
6 175.111
7 0
8 0
9 200.667
9
1 0
2 0
3 0
4 0
5 148
6 180.444
7 0
8 0
9 204
9
1 0
2 0
3 0
4 0
5 151.111
6 181.714
7 0
8 0
9 198.909
9
1 0
2 0
3 0
4 0
5 153.714
6 0
7 0
8 0
9 195.2
9
1 0
2 0
3 0
4 0
5 158.667
6 182.857
7 0
8 0
9 194.8
9
1 0
2 0
3 0
4 0
5 162.5
6 181.778
7 0
8 0
9 191.5
9
1 0
2 0
3 0
4 0
5 162
6 0
7 0
8 0
9 188.364
9
1 0
2 0
3 0
4 0
5 160.5
6 182.286
7 0
8 0
9 187.636
9
1 0
2 0
3 0
4 0
5 163
6 182.909
7 0
8 0
9 186.545
9
1 0
2 0
3 0
4 0
5 168.333
6 182.222
7 0
8 0
9 182.5
9
1 0
2 0
3 0
4 0
5 171.111
6 184.571
7 0
8 0
9 176.5
9
1 0
2 0
3 0
4 0
5 172
6 185.091
7 0
8 0
9 175.2
9
1 0
2 0
3 0
4 0
5 176
6 183.6
7 0
8 0
9 175.273
9
1 0
2 0
3 0
4 0
5 174.909
6 186
7 0
8 0
9 170.222
9
1 0
2 0
3 0
4 0
5 180.444
6 184.4
7 0
8 0
9 171.429
9
1 0
2 0
3 0
4 0
5 179.6
6 184
7 0
8 0
9 165.778
9
1 0
2 0
3 0
4 0
5 182
6 185.091
7 0
8 0
9 0
9
1 0
2 0
3 0
4 0
5 186.182
6 183.5
7 0
8 0
9 0
9
1 0
2 0
3 0
4 0
5 187.429
6 183.5
7 0
8 0
9 0
9
1 0
2 0
3 0
4 0
5 188
6 186
7 0
8 0
9 0
9
1 0
2 0
3 0
4 0
5 191.636
6 186.222
7 0
8 0
9 0
9
1 0
2 0
3 0
4 0
5 194.462
6 183
7 0
8 0
9 0
9
1 0
2 0
3 0
4 0
5 199.556
6 0
7 0
8 0
9 0
9
1 0
2 0
3 0
4 0
5 202.769
6 186.857
7 0
8 0
9 0
9
1 0
2 0
3 0
4 0
5 204.333
6 185.714
7 0
8 0
9 0
9
1 0
2 0
3 0
4 0
5 206.182
6 0
7 0
8 0
9 0
9
1 0
2 0
3 0
4 0
5 209.6
6 0
7 0
8 0
9 0
9
1 0
2 0
3 0
4 0
5 209.231
6 0
7 0
8 0
9 0
9
1 0
2 0
3 0
4 0
5 213
6 0
7 0
8 0
9 0
9
1 0
2 0
3 0
4 0
5 217.333
6 0
7 0
8 0
9 0
9
1 0
2 0
3 0
4 0
5 214
6 185.714
7 0
8 0
9 0
9
1 0
2 0
3 0
4 0
5 219.667
6 0
7 0
8 0
9 0
9
1 0
2 0
3 0
4 0
5 219.077
6 0
7 0
8 0
9 0
9
1 0
2 0
3 0
4 0
5 223.6
6 0
7 0
8 0
9 0
9
1 0
2 0
3 0
4 0
5 220.889
6 0
7 0
8 0
9 0
9
1 0
2 0
3 0
4 0
5 228.364
6 0
7 0
8 0
9 0
9
1 0
2 0
3 0
4 0
5 231.692
6 0
7 0
8 0
9 0
9
1 0
2 0
3 0
4 0
5 232
6 0
7 0
8 0
9 0
9
1 0
2 0
3 0
4 0
5 233.231
6 0
7 0
8 0
9 0
9
1 0
2 0
3 0
4 0
5 236
6 0
7 0
8 0
9 0
9
1 0
2 0
3 0
4 0
5 0
6 0
7 0
8 0
9 0
9
1 0
2 0
3 0
4 0
5 241.6
6 0
7 0
8 0
9 0
9
1 0
2 0
3 0
4 0
5 239.385
6 0
7 0
8 0
9 0
9
1 0
2 0
3 0
4 0
5 241.5
6 0
7 0
8 0
9 0
9
1 0
2 0
3 0
4 0
5 0
6 0
7 0
8 0
9 0
9
1 0
2 0
3 0
4 0
5 0
6 0
7 0
8 0
9 0
9
1 0
2 0
3 0
4 0
5 0
6 0
7 0
8 0
9 0
9
1 0
2 0
3 0
4 0
5 247.556
6 0
7 0
8 0
9 0
9
1 0
2 0
3 0
4 0
5 250.909
6 0
7 0
8 0
9 0
9
1 0
2 0
3 0
4 0
5 252
6 0
7 0
8 0
9 0
9
1 0
2 0
3 0
4 0
5 0
6 0
7 0
8 0
9 0
9
1 0
2 0
3 0
4 0
5 0
6 0
7 0
8 0
9 0
9
1 0
2 0
3 0
4 0
5 0
6 0
7 0
8 0
9 0
9
1 0
2 0
3 0
4 0
5 0
6 0
7 0
8 0
9 0
9
1 0
2 0
3 0
4 0
5 0
6 0
7 0
8 0
9 0
9
1 0
2 0
3 0
4 0
5 0
6 0
7 0
8 0
9 0
9
1 0
2 0
3 0
4 0
5 0
6 0
7 0
8 0
9 0
9
1 0
2 0
3 0
4 0
5 0
6 0
7 0
8 0
9 0
9
1 0
2 0
3 0
4 0
5 252.4
6 0
7 0
8 0
9 0
9
1 0
2 0
3 0
4 0
5 0
6 0
7 0
8 0
9 0
9
1 0
2 0
3 0
4 0
5 0
6 0
7 0
8 0
9 0
9
1 0
2 0
3 0
4 0
5 258.545
6 0
7 0
8 0
9 0
9
1 0
2 0
3 0
4 0
5 0
6 0
7 0
8 0
9 0
9
1 0
2 0
3 0
4 0
5 0
6 0
7 0
8 0
9 0
9
1 0
2 0
3 0
4 0
5 0
6 0
7 0
8 0
9 0
9
1 0
2 0
3 0
4 0
5 260
6 0
7 0
8 0
9 0
9
1 0
2 0
3 0
4 0
5 0
6 0
7 0
8 0
9 0
9
1 0
2 0
3 0
4 0
5 0
6 0
7 0
8 0
9 0
9
1 0
2 0
3 0
4 0
5 0
6 0
7 0
8 0
9 0
9
1 0
2 0
3 0
4 0
5 0
6 0
7 0
8 0
9 0
9
1 0
2 0
3 0
4 0
5 250.4
6 0
7 0
8 0
9 0
9
1 0
2 0
3 0
4 0
5 251.111
6 0
7 0
8 0
9 0
9
1 0
2 0
3 0
4 0
5 253.714
6 0
7 0
8 0
9 0
9
1 0
2 0
3 0
4 0
5 253.091
6 0
7 0
8 0
9 0
9
1 0
2 0
3 0
4 0
5 0
6 0
7 0
8 0
9 0
9
1 0
2 0
3 0
4 0
5 0
6 0
7 0
8 0
9 0
9
1 0
2 0
3 0
4 0
5 247.6
6 0
7 0
8 0
9 0
9
1 0
2 0
3 0
4 0
5 254
6 0
7 0
8 0
9 0
9
1 0
2 0
3 0
4 0
5 252.4
6 0
7 0
8 0
9 0
9
1 0
2 0
3 0
4 0
5 250.4
6 0
7 0
8 0
9 0
9
1 0
2 0
3 0
4 0
5 250.154
6 0
7 0
8 0
9 0
9
1 0
2 0
3 0
4 0
5 248
6 0
7 0
8 0
9 0
9
1 0
2 0
3 0
4 0
5 246.545
6 0
7 0
8 0
9 0
9
1 0
2 0
3 0
4 0
5 244.667
6 0
7 0
8 0
9 0
9
1 0
2 0
3 0
4 0
5 243
6 0
7 0
8 0
9 0
9
1 0
2 0
3 0
4 0
5 243
6 0
7 0
8 0
9 0
9
1 0
2 0
3 0
4 0
5 241.818
6 0
7 0
8 0
9 0
9
1 0
2 0
3 0
4 0
5 239.667
6 0
7 0
8 0
9 0
9
1 0
2 0
3 0
4 0
5 238.154
6 0
7 0
8 0
9 0
9
1 0
2 0
3 0
4 0
5 235.077
6 0
7 0
8 0
9 0
9
1 0
2 0
3 0
4 0
5 232.8
6 0
7 0
8 0
9 0
9
1 0
2 0
3 0
4 0
5 232.333
6 0
7 0
8 0
9 0
9
1 0
2 0
3 0
4 0
5 228.308
6 0
7 0
8 0
9 0
9
1 0
2 0
3 0
4 0
5 229.538
6 0
7 0
8 0
9 0
9
1 0
2 0
3 0
4 0
5 224.5
6 0
7 0
8 0
9 0
9
1 0
2 0
3 0
4 0
5 221.667
6 0
7 0
8 0
9 0
9
1 0
2 0
3 0
4 0
5 220
6 0
7 0
8 0
9 0
9
1 0
2 0
3 0
4 0
5 0
6 0
7 0
8 0
9 0
9
1 0
2 0
3 0
4 0
5 201.143
6 0
7 0
8 0
9 0
9
1 0
2 0
3 0
4 0
5 207.6
6 0
7 0
8 0
9 0
9
1 0
2 0
3 0
4 0
5 202.4
6 0
7 0
8 0
9 0
9
1 0
2 0
3 0
4 0
5 200
6 0
7 0
8 0
9 0
9
1 0
2 0
3 0
4 0
5 200
6 0
7 0
8 0
9 0
9
1 0
2 0
3 0
4 0
5 201.091
6 0
7 0
8 0
9 0
9
1 0
2 0
3 0
4 0
5 196.364
6 0
7 0
8 0
9 0
9
1 0
2 0
3 0
4 0
5 188
6 0
7 0
8 0
9 0
9
1 0
2 0
3 0
4 0
5 186.5
6 0
7 0
8 0
9 0
9
1 0
2 0
3 0
4 0
5 180.4
6 0
7 0
8 0
9 0
9
1 0
2 0
3 0
4 0
5 173.714
6 0
7 0
8 0
9 0
9
1 0
2 0
3 0
4 0
5 0
6 0
7 0
8 0
9 0
9
1 0
2 0
3 0
4 0
5 169.091
6 0
7 0
8 0
9 0
9
1 0
2 0
3 0
4 0
5 163.5
6 0
7 0
8 0
9 0
9
1 0
2 0
3 0
4 0
5 0
6 0
7 0
8 0
9 0
9
1 0
2 0
3 0
4 0
5 0
6 0
7 0
8 0
9 0
9
1 0
2 0
3 0
4 0
5 0
6 0
7 0
8 0
9 0
9
1 0
2 0
3 0
4 0
5 0
6 0
7 0
8 0
9 0
9
1 0
2 0
3 0
4 0
5 0
6 0
7 0
8 0
9 0
9
1 0
2 0
3 0
4 0
5 0
6 0
7 0
8 0
9 0
9
1 0
2 0
3 0
4 0
5 0
6 0
7 0
8 0
9 0
9
1 0
2 0
3 0
4 0
5 0
6 0
7 0
8 0
9 0
9
1 0
2 0
3 0
4 0
5 0
6 0
7 0
8 0
9 0
9
1 0
2 0
3 0
4 0
5 0
6 0
7 0
8 0
9 0
9
1 0
2 0
3 0
4 0
5 0
6 0
7 0
8 0
9 0
9
1 0
2 0
3 0
4 0
5 0
6 0
7 0
8 0
9 0
9
1 0
2 0
3 0
4 0
5 0
6 0
7 0
8 0
9 0
9
1 0
2 0
3 0
4 0
5 0
6 0
7 0
8 0
9 0
9
1 0
2 0
3 0
4 0
5 0
6 0
7 0
8 0
9 0
9
1 0
2 0
3 0
4 0
5 0
6 0
7 0
8 0
9 0
9
1 0
2 0
3 0
4 0
5 0
6 0
7 0
8 0
9 0
9
1 0
2 0
3 0
4 0
5 0
6 0
7 0
8 0
9 0
9
1 0
2 0
3 0
4 0
5 0
6 0
7 0
8 0
9 0
9
1 0
2 0
3 0
4 0
5 0
6 0
7 0
8 0
9 0
9
1 0
2 0
3 0
4 0
5 0
6 0
7 0
8 0
9 0
9
1 0
2 0
3 0
4 0
5 0
6 0
7 0
8 0
9 0
9
1 0
2 0
3 0
4 0
5 0
6 0
7 0
8 0
9 0
9
1 0
2 0
3 0
4 0
5 0
6 0
7 0
8 0
9 0
9
1 0
2 0
3 0
4 0
5 0
6 0
7 0
8 0
9 0
9
1 0
2 0
3 0
4 0
5 0
6 0
7 0
8 0
9 0
9
1 0
2 0
3 0
4 0
5 0
6 0
7 0
8 0
9 0
9
1 0
2 0
3 0
4 0
5 0
6 0
7 0
8 0
9 0
9
1 0
2 0
3 0
4 0
5 0
6 0
7 0
8 0
9 0
9
1 0
2 0
3 0
4 0
5 0
6 0
7 0
8 0
9 0
9
1 0
2 0
3 0
4 0
5 0
6 0
7 0
8 0
9 0
9
1 0
2 0
3 0
4 0
5 0
6 0
7 0
8 0
9 0
9
1 0
2 0
3 0
4 0
5 0
6 0
7 0
8 0
9 0
9
1 0
2 0
3 0
4 0
5 0
6 0
7 0
8 0
9 0
9
1 0
2 0
3 0
4 0
5 0
6 0
7 0
8 0
9 0
9
1 0
2 0
3 0
4 0
5 0
6 0
7 0
8 0
9 0
9
1 0
2 0
3 0
4 0
5 0
6 0
7 0
8 0
9 0
9
1 0
2 0
3 0
4 0
5 0
6 0
7 0
8 0
9 0
9
1 0
2 0
3 0
4 0
5 0
6 0
7 0
8 0
9 0
9
1 0
2 0
3 0
4 0
5 0
6 0
7 0
8 0
9 0
9
1 0
2 0
3 0
4 0
5 0
6 0
7 0
8 0
9 0
9
1 0
2 0
3 0
4 0
5 0
6 0
7 0
8 0
9 0
9
1 0
2 0
3 0
4 0
5 0
6 0
7 0
8 0
9 0
9
1 0
2 0
3 0
4 0
5 0
6 0
7 0
8 0
9 0
9
1 0
2 0
3 0
4 0
5 0
6 0
7 0
8 0
9 0
9
1 0
2 0
3 0
4 0
5 0
6 0
7 0
8 0
9 0
9
1 0
2 0
3 0
4 0
5 0
6 0
7 0
8 0
9 0
9
1 0
2 0
3 0
4 0
5 0
6 0
7 0
8 0
9 0
9
1 0
2 0
3 0
4 0
5 0
6 0
7 0
8 0
9 0
9
1 0
2 0
3 0
4 0
5 0
6 0
7 0
8 0
9 0
9
1 0
2 0
3 0
4 0
5 0
6 0
7 0
8 0
9 0
9
1 0
2 0
3 0
4 0
5 0
6 0
7 0
8 0
9 0
9
1 0
2 0
3 0
4 0
5 0
6 0
7 0
8 0
9 0
9
1 0
2 0
3 0
4 0
5 0
6 0
7 0
8 0
9 0
9
1 0
2 0
3 0
4 0
5 0
6 0
7 0
8 0
9 0
9
1 0
2 0
3 0
4 0
5 0
6 0
7 0
8 0
9 0
9
1 0
2 0
3 0
4 0
5 0
6 0
7 0
8 0
9 0
9
1 0
2 0
3 0
4 0
5 0
6 0
7 0
8 0
9 0
9
1 0
2 0
3 0
4 0
5 0
6 0
7 0
8 0
9 0
9
1 0
2 0
3 0
4 0
5 0
6 0
7 0
8 0
9 0
9
1 0
2 0
3 0
4 0
5 0
6 0
7 0
8 0
9 0
9
1 0
2 0
3 0
4 0
5 0
6 0
7 0
8 0
9 0
9
1 0
2 0
3 0
4 0
5 0
6 0
7 0
8 0
9 0
9
1 0
2 0
3 0
4 0
5 0
6 0
7 0
8 0
9 0
9
1 193.667
2 0
3 0
4 0
5 0
6 0
7 0
8 0
9 0
9
1 191.111
2 0
3 0
4 0
5 0
6 0
7 0
8 0
9 0
9
1 194.857
2 0
3 0
4 0
5 0
6 0
7 0
8 0
9 0
9
1 197.6
2 0
3 0
4 0
5 0
6 0
7 0
8 0
9 0
9
1 0
2 0
3 0
4 0
5 0
6 0
7 0
8 0
9 0
9
1 0
2 0
3 0
4 0
5 0
6 0
7 0
8 0
9 0
9
1 200.4
2 0
3 0
4 0
5 0
6 0
7 0
8 0
9 0
9
1 194.8
2 0
3 0
4 0
5 0
6 0
7 0
8 0
9 0
9
1 0
2 0
3 0
4 0
5 0
6 0
7 0
8 0
9 0
9
1 0
2 0
3 0
4 0
5 0
6 0
7 0
8 0
9 0
9
1 197.091
2 0
3 0
4 0
5 0
6 0
7 0
8 0
9 0
9
1 202.333
2 0
3 0
4 0
5 0
6 0
7 0
8 0
9 0
9
1 198.857
2 0
3 0
4 0
5 0
6 0
7 0
8 0
9 0
9
1 0
2 0
3 0
4 0
5 0
6 0
7 0
8 0
9 0
9
1 0
2 0
3 0
4 0
5 0
6 0
7 0
8 0
9 0
9
1 0
2 0
3 0
4 0
5 0
6 0
7 0
8 0
9 0
9
1 201.5
2 0
3 0
4 0
5 0
6 0
7 0
8 0
9 0
9
1 204
2 0
3 0
4 0
5 0
6 0
7 0
8 0
9 0
9
1 0
2 0
3 0
4 0
5 0
6 0
7 0
8 0
9 0
9
1 0
2 0
3 0
4 0
5 0
6 0
7 0
8 0
9 0
9
1 0
2 0
3 0
4 0
5 0
6 0
7 0
8 0
9 0
9
1 0
2 0
3 0
4 0
5 0
6 0
7 0
8 0
9 0
9
1 0
2 0
3 0
4 0
5 0
6 0
7 0
8 0
9 0
9
1 0
2 0
3 0
4 0
5 0
6 0
7 0
8 0
9 0
9
1 0
2 0
3 0
4 0
5 0
6 0
7 0
8 0
9 0
9
1 0
2 0
3 0
4 0
5 0
6 0
7 0
8 0
9 0
9
1 0
2 0
3 0
4 0
5 0
6 0
7 0
8 0
9 0
9
1 0
2 0
3 0
4 0
5 0
6 0
7 0
8 0
9 0
9
1 0
2 0
3 0
4 0
5 0
6 0
7 0
8 0
9 0
9
1 0
2 0
3 0
4 0
5 0
6 0
7 0
8 0
9 0
9
1 0
2 0
3 0
4 0
5 0
6 0
7 0
8 0
9 0
9
1 0
2 0
3 0
4 0
5 0
6 0
7 0
8 0
9 0
9
1 211.429
2 0
3 0
4 0
5 0
6 0
7 0
8 0
9 0
9
1 211.636
2 0
3 0
4 0
5 0
6 0
7 0
8 0
9 0
9
1 0
2 0
3 0
4 0
5 0
6 0
7 0
8 0
9 0
9
1 0
2 0
3 0
4 0
5 0
6 0
7 0
8 0
9 0
9
1 223.429
2 0
3 0
4 0
5 0
6 0
7 0
8 0
9 0
9
1 0
2 0
3 0
4 0
5 0
6 0
7 0
8 0
9 0
9
1 225.846
2 0
3 0
4 0
5 0
6 0
7 0
8 0
9 0
9
1 224.615
2 0
3 0
4 0
5 0
6 0
7 0
8 0
9 0
