9
1 0
2 0
3 0
4 0
5 0
6 206.333
7 0
8 131.5
9 268.667
9
1 0
2 0
3 0
4 0
5 0
6 207.273
7 0
8 129.778
9 267.385
9
1 0
2 0
3 0
4 0
5 197.333
6 208.923
7 0
8 132.571
9 268.923
9
1 0
2 0
3 0
4 0
5 197.714
6 207.692
7 0
8 129.818
9 269.091
9
1 0
2 0
3 0
4 0
5 0
6 208.333
7 0
8 131
9 268.333
9
1 0
2 0
3 0
4 0
5 0
6 209.455
7 0
8 129
9 269.538
9
1 0
2 0
3 0
4 0
5 0
6 208.923
7 0
8 129
9 269.231
9
1 0
2 0
3 0
4 0
5 196.571
6 208.615
7 0
8 130.857
9 269.091
9
1 0
2 0
3 0
4 0
5 198.286
6 209.455
7 0
8 129.5
9 267.692
9
1 0
2 0
3 0
4 0
5 0
6 208
7 0
8 133
9 270.769
9
1 0
2 0
3 0
4 0
5 199.5
6 209.231
7 0
8 130.667
9 268.923
9
1 0
2 0
3 0
4 0
5 197.714
6 210.462
7 0
8 132.8
9 269.818
9
1 0
2 0
3 0
4 0
5 199.5
6 209.091
7 0
8 133.143
9 269.231
9
1 0
2 0
3 0
4 0
5 0
6 210.462
7 0
8 131.6
9 268.615
9
1 0
2 0
3 0
4 0
5 202.222
6 208.615
7 0
8 133.667
9 265.333
9
1 0
2 0
3 0
4 0
5 205.5
6 210.462
7 0
8 133.778
9 262.545
9
1 0
2 0
3 0
4 0
5 208.889
6 207.636
7 0
8 135.111
9 261.538
9
1 0
2 0
3 0
4 0
5 212.889
6 210.462
7 0
8 136
9 256.308
9
1 0
2 0
3 0
4 0
5 212.5
6 210.462
7 0
8 139.6
9 255.636
9
1 0
2 0
3 0
4 0
5 216.444
6 208.333
7 0
8 139.2
9 255.667
9
1 0
2 0
3 0
4 0
5 217.143
6 206.909
7 0
8 140.5
9 252.615
9
1 0
2 0
3 0
4 0
5 218.5
6 206.769
7 0
8 143.333
9 250.154
9
1 0
2 0
3 0
4 0
5 0
6 205.818
7 0
8 145
9 246.909
9
1 0
2 0
3 0
4 0
5 0
6 0
7 0
8 0
9 0
9
1 0
2 0
3 0
4 0
5 0
6 0
7 0
8 0
9 0
9
1 0
2 0
3 0
4 0
5 0
6 190
7 0
8 0
9 239
9
1 0
2 0
3 0
4 0
5 0
6 0
7 0
8 0
9 0
9
1 0
2 0
3 0
4 0
5 0
6 0
7 0
8 0
9 0
9
1 0
2 0
3 0
4 0
5 0
6 0
7 0
8 0
9 0
9
1 0
2 0
3 0
4 0
5 0
6 0
7 0
8 0
9 0
9
1 0
2 0
3 0
4 0
5 0
6 0
7 0
8 0
9 0
9
1 0
2 0
3 0
4 0
5 0
6 194.5
7 0
8 0
9 228.571
9
1 0
2 0
3 0
4 0
5 228
6 198
7 0
8 0
9 230.8
9
1 0
2 0
3 0
4 0
5 0
6 181.5
7 0
8 0
9 0
9
1 0
2 0
3 0
4 0
5 0
6 190.286
7 0
8 0
9 218.286
9
1 0
2 0
3 0
4 0
5 0
6 0
7 0
8 0
9 0
9
1 0
2 0
3 0
4 0
5 0
6 0
7 0
8 0
9 0
9
1 0
2 0
3 0
4 0
5 0
6 0
7 0
8 0
9 0
9
1 0
2 0
3 0
4 0
5 240.571
6 204
7 0
8 156
9 227.385
9
1 0
2 0
3 0
4 0
5 0
6 203
7 0
8 158.4
9 229.231
9
1 0
2 0
3 0
4 0
5 242.667
6 201.538
7 0
8 156.4
9 226.769
9
1 0
2 0
3 0
4 0
5 244
6 201.231
7 0
8 156.5
9 223.273
9
1 0
2 0
3 0
4 0
5 243.429
6 204.727
7 0
8 159.429
9 223.692
9
1 0
2 0
3 0
4 0
5 247.429
6 199.692
7 0
8 161.2
9 223.667
9
1 0
2 0
3 0
4 0
5 248
6 198.769
7 0
8 160.8
9 219.636
9
1 0
2 0
3 0
4 0
5 249.143
6 200.615
7 0
8 164.444
9 218.909
9
1 0
2 0
3 0
4 0
5 249.143
6 197.455
7 0
8 167.333
9 218.154
9
1 0
2 0
3 0
4 0
5 251.111
6 197.231
7 0
8 164
9 208.923
9
1 0
2 0
3 0
4 0
5 251.111
6 196.923
7 0
8 167.6
9 210.909
9
1 0
2 0
3 0
4 0
5 253.714
6 196.667
7 0
8 166.222
9 208.333
9
1 0
2 0
3 0
4 0
5 257
6 196.364
7 0
8 168.4
9 207.077
9
1 0
2 0
3 0
4 0
5 255.429
6 194.462
7 0
8 171.667
9 208
9
1 0
2 0
3 0
4 0
5 257.5
6 192.308
7 0
8 165.818
9 205.818
9
1 0
2 0
3 0
4 0
5 258.667
6 194.182
7 0
8 174
9 206.769
9
1 0
2 0
3 0
4 0
5 256.571
6 190.333
7 0
8 173.455
9 202.154
9
1 0
2 0
3 0
4 0
5 260.5
6 193.538
7 0
8 175.667
9 199.077
9
1 0
2 0
3 0
4 0
5 260
6 193.846
7 0
8 178.222
9 196.727
9
1 0
2 0
3 0
4 0
5 257.714
6 192
7 0
8 177.778
9 196.923
9
1 0
2 0
3 0
4 0
5 263.5
6 192
7 0
8 179.556
9 196.923
9
1 0
2 0
3 0
4 0
5 267
6 190.769
7 0
8 179.636
9 195
9
1 0
2 0
3 0
4 0
5 264.444
6 188.308
7 0
8 181.455
9 195.273
9
1 0
2 0
3 0
4 0
5 269.714
6 186.909
7 0
8 180.364
9 189.231
9
1 0
2 0
3 0
4 0
5 272.533
6 185.76
7 0
8 182.947
9 186.435
9
1 0
2 0
3 0
4 0
5 0
6 185.455
7 0
8 185.818
9 183.385
9
1 0
2 0
3 0
4 0
5 272
6 185.846
7 0
8 187
9 185.538
9
1 0
2 0
3 0
4 0
5 270
6 180.615
7 0
8 187.2
9 185.455
9
1 0
2 0
3 0
4 0
5 272.889
6 179.667
7 0
8 180.571
9 182.909
9
1 0
2 0
3 0
4 0
5 273.143
6 182.909
7 0
8 186.4
9 183.385
9
1 0
2 0
3 0
4 0
5 271
6 179.692
7 0
8 188
9 180.308
9
1 0
2 0
3 0
4 0
5 271.111
6 181.231
7 0
8 186
9 178.545
9
1 0
2 0
3 0
4 0
5 271.556
6 176.364
7 0
8 184.8
9 178.667
9
1 0
2 0
3 0
4 0
5 272.571
6 176.364
7 0
8 186.222
9 177.538
9
1 0
2 0
3 0
4 0
5 276.5
6 177.538
7 0
8 189.667
9 177.846
9
1 0
2 0
3 0
4 0
5 272.444
6 176.923
7 0
8 191.273
9 177.818
9
1 0
2 0
3 0
4 0
5 275.6
6 178.182
7 0
8 190.222
9 175.385
9
1 0
2 0
3 0
4 0
5 278.222
6 176
7 0
8 191.636
9 173.846
9
1 0
2 0
3 0
4 0
5 276.571
6 176.615
7 0
8 192.444
9 172.923
9
1 0
2 0
3 0
4 0
5 273.778
6 175.692
7 0
8 193
9 171.636
9
1 0
2 0
3 0
4 0
5 277.714
6 173.091
7 0
8 194
9 167.077
9
1 0
2 0
3 0
4 0
5 276.5
6 174.769
7 0
8 193.333
9 167.692
9
1 0
2 0
3 0
4 0
5 274.222
6 174.769
7 0
8 193.455
9 164
9
1 0
2 0
3 0
4 0
5 280
6 171.385
7 0
8 193.818
9 165.455
9
1 0
2 0
3 0
4 0
5 276.571
6 170.909
7 0
8 193.818
9 165.538
9
1 0
2 0
3 0
4 0
5 282.5
6 166.462
7 0
8 194.462
9 162.154
9
1 0
2 0
3 0
4 0
5 281.2
6 168.923
7 0
8 196.727
9 161.455
9
1 0
2 0
3 0
4 0
5 281.091
6 165
7 0
8 195.556
9 160.667
9
1 0
2 0
3 0
4 0
5 279.429
6 166.182
7 0
8 197.818
9 161.538
9
1 0
2 0
3 0
4 0
5 281.333
6 164.923
7 0
8 197.6
9 156.923
9
1 0
2 0
3 0
4 0
5 280.4
6 164.308
7 0
8 201.455
9 157.818
9
1 0
2 0
3 0
4 0
5 275.2
6 160.727
7 0
8 200
9 160
9
1 0
2 0
3 0
4 0
5 277.714
6 161.667
7 0
8 200.727
9 156.923
9
1 0
2 0
3 0
4 0
5 277.818
6 159.692
7 0
8 202.333
9 156.615
9
1 0
2 0
3 0
4 0
5 281.333
6 160.615
7 0
8 202
9 155.273
9
1 0
2 0
3 0
4 0
5 282.222
6 161.091
7 0
8 201.2
9 156
9
1 0
2 0
3 0
4 0
5 280
6 160
7 0
8 201.333
9 152
9
1 0
2 0
3 0
4 0
5 280.4
6 161.538
7 0
8 203.2
9 153.333
9
1 0
2 0
3 0
4 0
5 281.778
6 158.769
7 0
8 200.889
9 154.182
9
1 0
2 0
3 0
4 0
5 282
6 160.727
7 0
8 202.333
9 151.077
9
1 0
2 0
3 0
4 0
5 282
6 157.538
7 0
8 204
9 149.231
9
1 0
2 0
3 0
4 0
5 282
6 156.923
7 0
8 203.385
9 148.364
9
1 0
2 0
3 0
4 0
5 280.727
6 158.667
7 0
8 205
9 148.333
9
1 0
2 0
3 0
4 0
5 283.5
6 154.545
7 0
8 202
9 149.231
9
1 0
2 0
3 0
4 0
5 284
6 153.846
7 0
8 202
9 146.154
9
1 0
2 0
3 0
4 0
5 283.111
6 156
7 0
8 207.2
9 144.727
9
1 0
2 0
3 0
4 0
5 280.364
6 152
7 0
8 203.5
9 146.462
9
1 0
2 0
3 0
4 0
5 285.5
6 155.667
7 0
8 205.846
9 144.923
9
1 0
2 0
3 0
4 0
5 281.778
6 152
7 0
8 207.636
9 144.923
9
1 0
2 0
3 0
4 0
5 284.364
6 155.667
7 0
8 204
9 140.727
9
1 0
2 0
3 0
4 0
5 279.429
6 149.455
7 0
8 206.5
9 143.077
9
1 0
2 0
3 0
4 0
5 280.889
6 151.385
7 0
8 206
9 142.462
9
1 0
2 0
3 0
4 0
5 283.636
6 152.308
7 0
8 207.667
9 138.333
9
1 0
2 0
3 0
4 0
5 281.6
6 146.462
7 0
8 204
9 138.909
9
1 0
2 0
3 0
4 0
5 282.857
6 148
7 0
8 205.818
9 138.154
9
1 0
2 0
3 0
4 0
5 283.111
6 147.385
7 0
8 208.889
9 136.923
9
1 0
2 0
3 0
4 0
5 284.444
6 148
7 0
8 204
9 134.909
9
1 0
2 0
3 0
4 0
5 282.222
6 144.667
7 0
8 206.8
9 133.333
9
1 0
2 0
3 0
4 0
5 282.222
6 145.818
7 0
8 207.333
9 132.615
9
1 0
2 0
3 0
4 0
5 283.556
6 144
7 0
8 206.667
9 134.462
9
1 0
2 0
3 0
4 0
5 282.667
6 143.667
7 0
8 208
9 130.909
9
1 0
2 0
3 0
4 0
5 282
6 142.4
7 0
8 209
9 132.923
9
1 0
2 0
3 0
4 0
5 280
6 143
7 0
8 207.636
9 130.769
9
1 0
2 0
3 0
4 0
5 279.273
6 141.333
7 0
8 210.154
9 131.077
9
1 0
2 0
3 0
4 0
5 280.889
6 140.308
7 0
8 208.444
9 130.909
9
1 0
2 0
3 0
4 0
5 279.5
6 142.182
7 0
8 210.4
9 128.923
9
1 0
2 0
3 0
4 0
5 282.5
6 137.846
7 0
8 207.556
9 127.385
9
1 0
2 0
3 0
4 0
5 278.667
6 139
7 0
8 210.909
9 125.333
9
1 0
2 0
3 0
4 0
5 278.4
6 139.692
7 0
8 210.182
9 125.455
9
1 0
2 0
3 0
4 0
5 279.5
6 140.444
7 0
8 209.818
9 124.923
9
1 0
2 0
3 0
4 0
5 279.556
6 136.923
7 0
8 209.6
9 126.462
9
1 0
2 0
3 0
4 0
5 279.2
6 136.615
7 0
8 211.273
9 124.364
9
1 0
2 0
3 0
4 0
5 277.333
6 137.455
7 0
8 212.444
9 124.333
9
1 0
2 0
3 0
4 0
5 280.444
6 136.8
7 0
8 211.636
9 125.231
9
1 0
2 0
3 0
4 0
5 279.111
6 135.692
7 0
8 211.333
9 122.154
9
1 0
2 0
3 0
4 0
5 278.182
6 134.333
7 0
8 211
9 122.182
9
1 0
2 0
3 0
4 0
5 276
6 134.545
7 0
8 211.2
9 120.923
9
1 0
2 0
3 0
4 0
5 277.5
6 132
7 0
8 210.333
9 118.769
9
1 0
2 0
3 0
4 0
5 277.667
6 134.462
7 0
8 212.8
9 118.154
9
1 0
2 0
3 0
4 0
5 276
6 131.077
7 0
8 209.5
9 115.636
9
1 0
2 0
3 0
4 0
5 278.222
6 129.091
7 0
8 214.4
9 116.923
9
1 0
2 0
3 0
4 0
5 275.2
6 131
7 0
8 212.727
9 116.333
9
1 0
2 0
3 0
4 0
5 275.5
6 131.385
7 0
8 211.5
9 114.333
9
1 0
2 0
3 0
4 0
5 279.273
6 128
7 0
8 213.778
9 118.222
9
1 0
2 0
3 0
4 0
5 272.889
6 129.6
7 0
8 210.182
9 113.846
9
1 0
2 0
3 0
4 0
5 275.6
6 127.385
7 0
8 211.385
9 113.538
9
1 0
2 0
3 0
4 0
5 272.4
6 126.545
7 0
8 212.923
9 116.364
9
1 0
2 0
3 0
4 0
5 275.636
6 128
7 0
8 211.5
9 108.333
9
1 0
2 0
3 0
4 0
5 274.5
6 125.6
7 0
8 212
9 109.538
9
1 0
2 0
3 0
4 0
5 274
6 126.182
7 0
8 214.909
9 107.333
9
1 0
2 0
3 0
4 0
5 271.6
6 125.667
7 0
8 209.778
9 109.2
9
1 0
2 0
3 0
4 0
5 270.4
6 123
7 0
8 213.778
9 109.846
9
1 0
2 0
3 0
4 0
5 270.222
6 124
7 0
8 214.4
9 108
9
1 0
2 0
3 0
4 0
5 273.6
6 125
7 0
8 213.818
9 107.692
9
1 0
2 0
3 0
4 0
5 270
6 123.556
7 0
8 216
9 108.8
9
1 0
2 0
3 0
4 0
5 268.4
6 121.5
7 0
8 212
9 107.333
9
1 0
2 0
3 0
4 0
5 270.5
6 124.364
7 0
8 216.364
9 104.667
9
1 0
2 0
3 0
4 0
5 269.778
6 121.818
7 0
8 215.667
9 108.333
9
1 0
2 0
3 0
4 0
5 266
6 119.333
7 0
8 215.111
9 107.6
9
1 0
2 0
3 0
4 0
5 270.5
6 120.444
7 0
8 214
9 108.8
9
1 0
2 0
3 0
4 0
5 271
6 116.8
7 0
8 214.4
9 104.333
9
1 0
2 0
3 0
4 0
5 268
6 117.2
7 0
8 215.273
9 104.4
9
1 0
2 0
3 0
4 0
5 266.545
6 0
7 0
8 213.333
9 103.111
9
1 0
2 0
3 0
4 0
5 268.889
6 119.111
7 0
8 202.8
9 100.8
9
1 0
2 0
3 0
4 0
5 248
6 114.909
7 0
8 214
9 101.091
9
1 0
2 0
3 0
4 0
5 264.364
6 116
7 0
8 214.545
9 98.5
9
1 0
2 0
3 0
4 0
5 264
6 107.429
7 0
8 215.111
9 97.7778
9
1 0
2 0
3 0
4 0
5 264
6 114.857
7 0
8 215.556
9 96.7273
9
1 0
2 0
3 0
4 0
5 263.556
6 110.667
7 0
8 213.667
9 97.3333
9
1 0
2 0
3 0
4 0
5 261.667
6 113.778
7 0
8 213.333
9 97.5
9
1 0
2 0
3 0
4 0
5 261.2
6 111.429
7 0
8 215.636
9 95.6
9
1 0
2 0
3 0
4 0
5 264.889
6 112.889
7 0
8 215
9 96.4
9
1 0
2 0
3 0
4 0
5 240.727
6 109.5
7 0
8 213.333
9 94.5
9
1 0
2 0
3 0
4 0
5 262.182
6 111.5
7 0
8 213.455
9 0
9
1 0
2 0
3 0
4 0
5 258.5
6 109
7 0
8 212.8
9 94
9
1 0
2 0
3 0
4 0
5 258.4
6 110.667
7 0
8 215.333
9 93.3333
9
1 0
2 0
3 0
4 0
5 256
6 109.5
7 0
8 214.182
9 93
9
1 0
2 0
3 0
4 0
5 258.545
6 107.556
7 0
8 212
9 92
9
1 0
2 0
3 0
4 0
5 257.5
6 0
7 0
8 213.778
9 93.7143
9
1 0
2 0
3 0
4 0
5 257.2
6 105.5
7 0
8 215
9 88.5714
9
1 0
2 0
3 0
4 0
5 255.636
6 107.5
7 0
8 215.2
9 0
9
1 0
2 0
3 0
4 0
5 253.2
6 0
7 0
8 213.091
9 89.7143
9
1 0
2 0
3 0
4 0
5 253.091
6 102.286
7 0
8 212.667
9 88.8889
9
1 0
2 0
3 0
4 0
5 253.818
6 104.571
7 0
8 212
9 0
9
1 0
2 0
3 0
4 0
5 252.4
6 103.429
7 0
8 216.444
9 0
9
1 0
2 0
3 0
4 0
5 0
6 105.143
7 0
8 212
9 0
9
1 0
2 0
3 0
4 0
5 251.429
6 104.571
7 0
8 212.333
9 0
9
1 0
2 0
3 0
4 0
5 234.333
6 96
7 0
8 212.444
9 0
9
1 0
2 0
3 0
4 64.5714
5 249.091
6 103
7 0
8 212.364
9 0
9
1 0
2 0
3 0
4 0
5 247
6 0
7 0
8 212
9 0
9
1 0
2 0
3 0
4 0
5 0
6 0
7 0
8 214.182
9 0
9
1 0
2 0
3 0
4 0
5 248.727
6 100
7 0
8 211.077
9 0
9
1 0
2 0
3 0
4 0
5 247.273
6 0
7 0
8 0
9 0
9
1 0
2 0
3 0
4 0
5 247.5
6 0
7 0
8 210.8
9 89.1429
9
1 0
2 0
3 0
4 0
5 248
6 94.5
7 0
8 200
9 0
9
1 0
2 0
3 0
4 0
5 243.6
6 94.5
7 0
8 212
9 0
9
1 0
2 0
3 0
4 0
5 242.545
6 0
7 64
8 211.6
9 0
9
1 0
2 0
3 0
4 0
5 242.286
6 0
7 65.1429
8 208.923
9 0
9
1 0
2 0
3 0
4 0
5 244.364
6 0
7 66.2857
8 211.2
9 0
9
1 0
2 0
3 0
4 0
5 243
6 90.8571
7 68.5
8 210
9 0
9
1 0
2 0
3 0
4 0
5 241.667
6 0
7 0
8 211
9 0
9
1 0
2 0
3 0
4 0
5 240.444
6 0
7 0
8 210.182
9 0
9
1 0
2 0
3 0
4 0
5 238.4
6 0
7 0
8 208.923
9 0
9
1 0
2 0
3 0
4 0
5 240
6 0
7 0
8 207.6
9 0
9
1 0
2 0
3 0
4 69
5 226.667
6 0
7 0
8 206
9 0
9
1 0
2 0
3 0
4 0
5 235.111
6 90.5
7 71
8 209.091
9 0
9
1 0
2 0
3 0
4 0
5 234.8
6 0
7 0
8 207
9 0
9
1 0
2 0
3 0
4 0
5 235.2
6 93.7143
7 0
8 209.6
9 0
9
1 0
2 0
3 0
4 0
5 235.2
6 0
7 0
8 207
9 0
9
1 0
2 0
3 0
4 0
5 232
6 0
7 0
8 208
9 0
9
1 0
2 0
3 0
4 0
5 231.273
6 0
7 68.8
8 209.818
9 0
9
1 0
2 0
3 0
4 0
5 231.273
6 0
7 72
8 209.333
9 0
9
1 0
2 0
3 0
4 0
5 233.2
6 0
7 68
8 208.667
9 0
9
1 0
2 0
3 0
4 0
5 231.667
6 0
7 72.5714
8 204.667
9 0
9
1 0
2 0
3 0
4 0
5 229
6 0
7 71.6
8 205.455
9 0
9
1 0
2 0
3 0
4 73.3333
5 228.667
6 0
7 76
8 204.364
9 0
9
1 0
2 0
3 0
4 0
5 226.8
6 0
7 72.7273
8 205.818
9 0
9
1 0
2 0
3 0
4 71.5
5 218.462
6 0
7 72
8 205.667
9 0
9
1 0
2 0
3 0
4 0
5 227.273
6 0
7 71.6
8 205.778
9 0
9
1 0
2 0
3 0
4 0
5 226.5
6 0
7 72.8
8 206.182
9 0
9
1 0
2 0
3 0
4 0
5 227.556
6 0
7 70.6667
8 206
9 0
9
1 0
2 0
3 0
4 0
5 226.154
6 0
7 72.3333
8 204.667
9 0
9
1 0
2 0
3 0
4 70
5 216.667
6 0
7 70.5
8 206.5
9 0
9
1 0
2 0
3 0
4 0
5 225.714
6 0
7 72
8 205
9 0
9
1 0
2 0
3 0
4 0
5 226
6 0
7 74.1818
8 203.6
9 0
9
1 0
2 0
3 0
4 0
5 224.4
6 0
7 72.6667
8 203.333
9 0
9
1 0
2 0
3 0
4 0
5 223.333
6 0
7 75.5556
8 203.556
9 0
9
1 0
2 0
3 0
4 0
5 207.636
6 0
7 74.2222
8 202.909
9 0
9
1 0
2 0
3 0
4 0
5 220
6 0
7 73.4545
8 204.333
9 0
9
1 0
2 0
3 0
4 0
5 223.636
6 0
7 73.7778
8 204.727
9 0
9
1 0
2 0
3 0
4 0
5 222.545
6 0
7 73.5
8 203.111
9 0
9
1 0
2 0
3 0
4 0
5 221.778
6 0
7 75.6364
8 204
9 0
9
1 0
2 0
3 0
4 0
5 220.667
6 0
7 73.2
8 206
9 0
9
1 0
2 0
3 0
4 0
5 220.923
6 83.4286
7 75.5
8 191.636
9 0
9
1 0
2 0
3 0
4 0
5 225.333
6 0
7 73.2
8 204.4
9 0
9
1 0
2 0
3 0
4 0
5 223.636
6 0
7 74.6667
8 205.2
9 0
9
1 0
2 0
3 0
4 0
5 221.818
6 0
7 77.4545
8 202.4
9 0
9
1 0
2 0
3 0
4 0
5 210
6 0
7 74.4
8 205.455
9 0
9
1 0
2 0
3 0
4 0
5 225.6
6 0
7 70.8
8 206.154
9 0
9
1 0
2 0
3 0
4 73.7143
5 227.636
6 0
7 72.4444
8 205.667
9 0
9
1 0
2 0
3 0
4 0
5 225.455
6 0
7 75.2
8 203.385
9 0
9
1 0
2 0
3 0
4 76
5 211.636
6 0
7 0
8 201.818
9 0
9
1 0
2 0
3 0
4 75.4286
5 222.222
6 0
7 70.5
8 200
9 0
9
1 0
2 0
3 0
4 0
5 224.571
6 0
7 74.4
8 198.667
9 0
9
1 0
2 0
3 0
4 78.2857
5 212.615
6 0
7 74
8 196.727
9 0
9
1 0
2 0
3 0
4 86.2857
5 223.273
6 0
7 72.5714
8 198.4
9 0
9
1 0
2 0
3 0
4 76
5 221.2
6 0
7 73.6
8 195.692
9 0
9
1 0
2 0
3 0
4 0
5 225.667
6 0
7 72.4
8 197.846
9 0
9
1 0
2 0
3 0
4 0
5 230.909
6 0
7 71.2727
8 196.727
9 0
9
1 0
2 0
3 0
4 81.7143
5 231.667
6 0
7 0
8 198.667
9 0
9
1 0
2 0
3 0
4 0
5 228.8
6 0
7 72.4444
8 191.692
9 0
9
1 0
2 0
3 0
4 0
5 228.923
6 0
7 74
8 192.615
9 0
9
1 0
2 0
3 0
4 80.8889
5 231.111
6 0
7 74.2222
8 191.273
9 0
9
1 0
2 0
3 0
4 78.2222
5 229.333
6 0
7 69.7143
8 190.222
9 0
9
1 0
2 0
3 0
4 0
5 231.636
6 0
7 72
8 189.538
9 0
9
1 0
2 0
3 0
4 0
5 230.769
6 0
7 73.4545
8 190.182
9 0
9
1 0
2 0
3 0
4 77.1429
5 234.8
6 0
7 0
8 185.778
9 0
9
1 0
2 0
3 0
4 83.1111
5 233.333
6 0
7 73.1429
8 184
9 0
9
1 0
2 0
3 0
4 0
5 218.909
6 0
7 67.4286
8 165.714
9 0
9
1 0
2 0
3 0
4 78.8571
5 238.909
6 0
7 71.5
8 184
9 0
9
1 0
2 0
3 0
4 79
5 235.333
6 0
7 74.8571
8 179.111
9 0
9
1 0
2 0
3 0
4 0
5 238.545
6 0
7 70.5
8 183.2
9 0
9
1 0
2 0
3 0
4 0
5 236.333
6 0
7 0
8 176.727
9 0
9
1 0
2 0
3 0
4 0
5 240.333
6 0
7 70.6667
8 0
9 0
9
1 0
2 0
3 0
4 78.8571
5 241.091
6 0
7 69.7778
8 179.6
9 0
9
1 0
2 0
3 0
4 79.1111
5 242.462
6 0
7 73
8 179.111
9 0
9
1 0
2 0
3 0
4 0
5 242.667
6 0
7 68
8 178.182
9 0
9
1 0
2 0
3 0
4 0
5 239.273
6 0
7 72.8
8 176.667
9 66.2857
9
1 0
2 0
3 0
4 80.5714
5 242.333
6 0
7 71.2
8 173.6
9 0
9
1 0
2 0
3 0
4 85.4545
5 241.231
6 0
7 68.8889
8 176
9 0
9
1 0
2 0
3 0
4 0
5 240.727
6 0
7 0
8 156.923
9 0
9
1 0
2 0
3 0
4 0
5 243.077
6 0
7 69.5
8 175.6
9 0
9
1 0
2 0
3 0
4 0
5 244.727
6 0
7 68.4444
8 172.8
9 0
9
1 0
2 0
3 0
4 82.2857
5 232
6 0
7 68
8 162.909
9 0
9
1 0
2 0
3 0
4 0
5 245.6
6 0
7 69.3333
8 171.556
9 0
9
1 0
2 0
3 0
4 0
5 244.667
6 0
7 0
8 169.846
9 0
9
1 0
2 0
3 0
4 0
5 246.154
6 0
7 69.1429
8 170.4
9 0
9
1 0
2 0
3 0
4 82.6667
5 245.6
6 0
7 0
8 169.2
9 0
9
1 0
2 0
3 0
4 0
5 246
6 0
7 67.1111
8 168
9 0
9
1 0
2 0
3 0
4 82
5 246
6 0
7 70.8571
8 168.364
9 0
9
1 0
2 0
3 0
4 85.5
5 248.727
6 0
7 0
8 154.909
9 0
9
1 0
2 0
3 0
4 0
5 247.667
6 0
7 0
8 163.556
9 0
9
1 0
2 0
3 0
4 84.4444
5 247.667
6 0
7 66.8571
8 163.556
9 0
9
1 0
2 0
3 0
4 0
5 249.6
6 90.5
7 67.4286
8 160.333
9 0
9
1 0
2 0
3 0
4 84
5 251.636
6 0
7 0
8 160.8
9 0
9
1 0
2 0
3 0
4 82
5 248
6 0
7 67.4286
8 160.8
9 0
9
1 0
2 0
3 0
4 85.5
5 233.455
6 0
7 0
8 161
9 0
9
1 0
2 0
3 0
4 0
5 249.6
6 0
7 68
8 161.455
9 0
9
1 0
2 0
3 0
4 86.2857
5 251.636
6 0
7 0
8 159.2
9 0
9
1 0
2 0
3 0
4 87.2
5 235.333
6 0
7 0
8 157.818
9 0
9
1 0
2 0
3 0
4 86.2857
5 253.455
6 0
7 0
8 158.667
9 0
9
1 0
2 0
3 0
4 0
5 251
6 0
7 0
8 157
9 0
9
1 0
2 0
3 0
4 87.4286
5 251.385
6 0
7 0
8 155.333
9 0
9
1 0
2 0
3 0
4 0
5 253.231
6 0
7 0
8 155.2
9 0
9
1 0
2 0
3 0
4 0
5 253.455
6 0
7 0
8 153.538
9 0
9
1 0
2 0
3 0
4 84.5714
5 254.769
6 0
7 0
8 152.8
9 0
9
1 0
2 0
3 0
4 87.4286
5 255.333
6 0
7 0
8 152.889
9 0
9
1 0
2 0
3 0
4 87.6
5 255
6 0
7 0
8 152
9 0
9
1 0
2 0
3 0
4 87.5556
5 256
6 90.8571
7 0
8 151.273
9 0
9
1 0
2 0
3 0
4 0
5 256
6 0
7 64.5714
8 152.667
9 0
9
1 0
2 0
3 0
4 90
5 254.769
6 0
7 0
8 148
9 0
9
1 0
2 0
3 0
4 89.5
5 253.667
6 0
7 0
8 149.5
9 0
9
1 0
2 0
3 0
4 98.8571
5 256
6 0
7 0
8 146.909
9 0
9
1 0
2 0
3 0
4 88
5 255.636
6 0
7 0
8 145.818
9 0
9
1 0
2 0
3 0
4 89.7143
5 258.667
6 0
7 0
8 148.364
9 0
9
1 0
2 0
3 0
4 92.4444
5 241
6 0
7 0
8 144.727
9 0
9
1 0
2 0
3 0
4 0
5 258.667
6 0
7 0
8 145.818
9 0
9
1 0
2 0
3 0
4 88.8889
5 259.385
6 0
7 0
8 144.923
9 0
9
1 0
2 0
3 0
4 90.4
5 257.667
6 0
7 0
8 144.5
9 0
9
1 0
2 0
3 0
4 89.1429
5 258.909
6 0
7 0
8 145.6
9 0
9
1 0
2 0
3 0
4 88.4
5 261
6 0
7 0
8 144
9 0
9
1 0
2 0
3 0
4 88.8
5 246.571
6 0
7 0
8 140.889
9 0
9
1 0
2 0
3 0
4 90.5
5 260.333
6 0
7 0
8 141.143
9 0
9
1 0
2 0
3 0
4 88.8889
5 260.8
6 0
7 0
8 139.636
9 0
9
1 0
2 0
3 0
4 90.2857
5 262.333
6 0
7 0
8 139.111
9 0
9
1 0
2 0
3 0
4 91
5 262.667
6 0
7 0
8 138.667
9 0
9
1 0
2 0
3 0
4 89.6
5 260.727
6 0
7 0
8 140
9 0
9
1 0
2 0
3 0
4 90.5
5 260.889
6 0
7 0
8 138.545
9 0
9
1 0
2 0
3 0
4 0
5 262.4
6 0
7 0
8 141.6
9 0
9
1 0
2 0
3 0
4 88.8889
5 246.154
6 0
7 0
8 138
9 0
9
1 0
2 0
3 0
4 89.5
5 262.909
6 0
7 0
8 131.2
9 0
9
1 0
2 0
3 0
4 0
5 246
6 0
7 0
8 135.2
9 0
9
1 0
2 0
3 0
4 89.7143
5 265.091
6 0
7 0
8 133.2
9 0
9
1 0
2 0
3 0
4 91.6
5 261.333
6 0
7 0
8 131.556
9 0
9
1 0
2 0
3 0
4 92.4
5 264.308
6 0
7 0
8 0
9 0
9
1 0
2 0
3 0
4 0
5 264
6 0
7 0
8 133.6
9 60
9
1 0
2 0
3 0
4 92.5
5 263.077
6 0
7 0
8 134.545
9 0
9
1 0
2 0
3 0
4 94
5 267
6 0
7 0
8 130.222
9 0
9
1 0
2 0
3 0
4 92.8
5 262.4
6 0
7 0
8 129.333
9 0
9
1 0
2 0
3 0
4 93.7778
5 264.364
6 0
7 0
8 132
9 0
9
1 0
2 0
3 0
4 92
5 264.923
6 0
7 0
8 129.538
9 0
9
1 0
2 0
3 0
4 92
5 267.333
6 0
7 0
8 126.8
9 0
9
1 0
2 0
3 0
4 93.3333
5 248
6 0
7 0
8 128.727
9 0
9
1 0
2 0
3 0
4 89.5
5 264
6 0
7 0
8 128
9 0
9
1 0
2 0
3 0
4 93.3333
5 250.769
6 0
7 0
8 128.8
9 0
9
1 0
2 0
3 0
4 92
5 266.333
6 0
7 0
8 120.8
9 0
9
1 0
2 0
3 0
4 92.8889
5 266.182
6 0
7 0
8 124.727
9 0
9
1 0
2 0
3 0
4 90.8571
5 266.154
6 0
7 0
8 124.364
9 0
9
1 0
2 0
3 0
4 99.6
5 267.077
6 0
7 0
8 124
9 0
9
1 0
2 0
3 0
4 98.8571
5 267.385
6 0
7 0
8 0
9 0
9
1 0
2 0
3 0
4 92.5
5 268
6 0
7 0
8 114.545
9 0
9
1 0
2 0
3 0
4 92.4444
5 268.615
6 0
7 0
8 121.2
9 0
9
1 0
2 0
3 0
4 95.2727
5 251.143
6 0
7 0
8 124
9 0
9
1 0
2 0
3 0
4 94
5 266.769
6 0
7 0
8 119
9 0
9
1 0
2 0
3 0
4 96
5 266.462
6 0
7 0
8 120
9 0
9
1 0
2 0
3 0
4 96
5 269.667
6 0
7 0
8 118.182
9 0
9
1 0
2 0
3 0
4 94.2222
5 266.909
6 0
7 0
8 120
9 0
9
1 0
2 0
3 0
4 95.6667
5 268.333
6 0
7 0
8 118
9 0
9
1 0
2 0
3 0
4 95.5556
5 266.462
6 0
7 0
8 117.6
9 0
9
1 0
2 0
3 0
4 93.0909
5 268.444
6 0
7 0
8 118.182
9 0
9
1 0
2 0
3 0
4 98.6667
5 269.667
6 0
7 0
8 111.111
9 0
9
1 0
2 0
3 0
4 93.7778
5 250.857
6 0
7 0
8 116.333
9 0
9
1 0
2 0
3 0
4 97.0909
5 266.769
6 98.2857
7 0
8 117.5
9 0
9
1 0
2 0
3 0
4 94.5
5 266.182
6 0
7 0
8 115
9 0
9
1 0
2 0
3 0
4 96.4
5 270
6 94.8571
7 0
8 111.636
9 0
9
1 0
2 0
3 0
4 97
5 271.667
6 0
7 0
8 113.6
9 0
9
1 0
2 0
3 63.5556
4 95.6667
5 265.846
6 0
7 0
8 115.6
9 0
9
1 0
2 0
3 0
4 93.8182
5 266.8
6 0
7 0
8 109.2
9 0
9
1 0
2 0
3 64.5714
4 93.1429
5 270.154
6 0
7 0
8 106.909
9 0
9
1 0
2 0
3 0
4 97.1429
5 270.462
6 0
7 0
8 106.857
9 0
9
1 0
2 0
3 62.8
4 94.5455
5 271.667
6 0
7 0
8 106.5
9 0
9
1 0
2 0
3 0
4 0
5 274.4
6 0
7 0
8 107.273
9 0
9
1 0
2 0
3 0
4 96.8
5 254
6 0
7 0
8 109.333
9 0
9
1 0
2 0
3 0
4 95
5 268
6 0
7 0
8 106.4
9 0
9
1 0
2 0
3 0
4 96.5
5 270.769
6 0
7 0
8 100.923
9 0
9
1 0
2 0
3 64
4 98.2222
5 270
6 0
7 0
8 106.4
9 0
9
1 0
2 0
3 66
4 96.7273
5 269.538
6 0
7 0
8 101.143
9 0
9
1 0
2 0
3 71.4286
4 97.2
5 269.818
6 0
7 0
8 106.182
9 0
9
1 0
2 0
3 0
4 95.5
5 272.333
6 0
7 0
8 104.444
9 0
9
1 0
2 0
3 0
4 98
5 269.231
6 97.1429
7 0
8 104
9 0
9
1 0
2 0
3 0
4 95.3846
5 273.231
6 0
7 0
8 105.455
9 0
9
1 0
2 0
3 0
4 96.8
5 271.636
6 0
7 0
8 101.2
9 0
9
1 0
2 0
3 65.7143
4 0
5 272
6 0
7 0
8 102.4
9 0
9
1 0
2 0
3 70.4
4 93.2
5 266.154
6 0
7 0
8 100.889
9 0
9
1 0
2 0
3 68.5714
4 97.2
5 272.333
6 0
7 0
8 99.2
9 0
9
1 0
2 0
3 0
4 98.6667
5 270.182
6 0
7 0
8 98
9 0
9
1 0
2 0
3 0
4 98
5 270.462
6 103.429
7 0
8 100
9 0
9
1 0
2 61.5
3 0
4 98.8
5 270.667
6 0
7 0
8 98.8571
9 0
9
1 0
2 0
3 69
4 96.3636
5 270.909
6 0
7 0
8 95.7143
9 0
9
1 0
2 0
3 73.7143
4 100.333
5 271.273
6 0
7 0
8 91.6667
9 0
9
1 0
2 0
3 0
4 95.2727
5 270.667
6 0
7 0
8 96.8
9 0
9
1 0
2 0
3 71.6364
4 96.8
5 271
6 0
7 0
8 97.1429
9 0
9
1 0
2 0
3 70
4 96.7273
5 272.364
6 0
7 0
8 95.2
9 0
9
1 0
2 61.7143
3 72
4 96.8
5 271.077
6 0
7 0
8 94.4
9 0
9
1 0
2 0
3 72
4 96.3636
5 270.462
6 0
7 0
8 94.1818
9 0
9
1 0
2 0
3 71.1111
4 98
5 270.462
6 0
7 0
8 93.3333
9 0
9
1 0
2 0
3 0
4 98.1818
5 270.909
6 0
7 0
8 94.4
9 0
9
1 0
2 0
3 0
4 96
5 270.667
6 102.286
7 0
8 90.6667
9 0
9
1 0
2 0
3 0
4 96.6154
5 272
6 0
7 0
8 0
9 0
9
1 0
2 0
3 75.2
4 94.7692
5 271
6 0
7 0
8 90.6667
9 0
9
1 0
2 0
3 76
4 96
5 269.818
6 0
7 0
8 90.5455
9 0
9
1 0
2 0
3 75.2
4 95.2
5 272.308
6 0
7 0
8 90.1818
9 0
9
1 0
2 0
3 74
4 96.8
5 271.385
6 0
7 0
8 91.5556
9 0
9
1 0
2 0
3 74.2857
4 95.6
5 271.667
6 0
7 0
8 89.6
9 0
9
1 0
2 0
3 76.5714
4 93.2
5 269.818
6 0
7 0
8 87.6364
9 0
9
1 0
2 68.8
3 76.5714
4 97.8182
5 270.462
6 0
7 0
8 86.8571
9 0
9
1 0
2 68
3 82.2222
4 97.0909
5 269.231
6 0
7 0
8 82
9 0
9
1 0
2 0
3 86.8571
4 95.2727
5 268.333
6 0
7 0
8 85.3333
9 0
9
1 0
2 0
3 78.5
4 95.2
5 270.909
6 0
7 0
8 84.4444
9 0
9
1 0
2 0
3 77.3333
4 97.0909
5 268.615
6 0
7 0
8 83
9 0
9
1 0
2 69.7778
3 78.2222
4 97.2
5 268.308
6 0
7 0
8 83.5556
9 0
9
1 0
2 72.7273
3 77.7143
4 96.3333
5 268.727
6 0
7 0
8 84
9 0
9
1 0
2 0
3 79.4286
4 97.4545
5 264
6 106.857
7 0
8 82.4
9 0
9
1 0
2 0
3 82.4
4 97.6
5 265.333
6 0
7 0
8 79.4286
9 0
9
1 0
2 73.2
3 80.8889
4 94.1538
5 267.667
6 0
7 0
8 80.8889
9 0
9
1 0
2 75.5556
3 80.8
4 97.0909
5 266.545
6 0
7 0
8 79.2727
9 0
9
1 0
2 74.2857
3 81
4 96.8
5 265.667
6 106.286
7 0
8 81.7778
9 0
9
1 0
2 74.8571
3 80.6667
4 99.0769
5 264.923
6 0
7 0
8 79
9 0
9
1 0
2 74
3 81.0909
4 97.5385
5 264.308
6 0
7 0
8 81.3333
9 0
9
1 0
2 75.5
3 82
4 98.5455
5 264
6 0
7 0
8 79.5556
9 0
9
1 0
2 74.5
3 82.2857
4 98
5 250.462
6 0
7 0
8 0
9 0
9
1 0
2 76.3636
3 80.8
4 98.1818
5 264
6 106.286
7 0
8 0
9 0
9
1 0
2 75.6
3 80.8
4 99.3333
5 264
6 0
7 0
8 75.5
9 0
9
1 0
2 77.5385
3 83.6
4 98.1818
5 265.091
6 0
7 0
8 0
9 0
9
1 0
2 0
3 79.5556
4 101.333
5 264
6 0
7 0
8 79.2727
9 0
9
1 0
2 78.6667
3 86.2222
4 97.8182
5 262
6 0
7 0
8 78
9 0
9
1 0
2 81.0909
3 85
4 98.7692
5 263
6 0
7 0
8 77.5
9 0
9
1 0
2 79.5
3 85.0909
4 100.444
5 262.8
6 0
7 0
8 75
9 0
9
1 0
2 76.5714
3 85.3333
4 98
5 262.769
6 0
7 0
8 77.1429
9 0
9
1 0
2 78
3 86.5
4 99
5 261.846
6 0
7 0
8 77
9 0
9
1 0
2 0
3 83.6667
4 101
5 259
6 0
7 0
8 73.3333
9 0
9
1 0
2 85
3 86.3333
4 99.6364
5 258
6 0
7 0
8 76.7273
9 0
9
1 0
2 82.5455
3 89.2
4 96.6667
5 258.769
6 103.429
7 0
8 69.5
9 0
9
1 0
2 81.7778
3 87.6364
4 97.8462
5 258.154
6 0
7 0
8 73.5
9 0
9
1 0
2 84
3 89.3333
4 99.6364
5 257.818
6 0
7 0
8 73.2
9 0
9
1 0
2 86
3 88.4444
4 99.6
5 257.818
6 0
7 0
8 72
9 0
9
1 68
2 83.4286
3 86.2222
4 98.1818
5 258.154
6 105.714
7 0
8 72.5714
9 0
9
1 0
2 82.5455
3 85.6667
4 98.6667
5 256.308
6 0
7 0
8 73.3333
9 0
9
1 0
2 81.6
3 86.5455
4 97.0909
5 258.909
6 0
7 0
8 0
9 0
9
1 0
2 0
3 85.7778
4 98.1818
5 259.333
6 0
7 0
8 0
9 0
9
1 0
2 90.8571
3 88
4 100
5 257.538
6 0
7 0
8 68.3636
9 0
9
1 0
2 84.5714
3 88.3636
4 99.6667
5 256
6 0
7 0
8 0
9 0
9
1 0
2 84.4444
3 89.2308
4 97.6667
5 256.667
6 0
7 0
8 72
9 0
9
1 0
2 88
3 89.3333
4 101.667
5 254.545
6 94.2857
7 0
8 0
9 0
9
1 0
2 0
3 90.8
4 99.6667
5 255.077
6 105.143
7 0
8 66.5
9 0
9
1 62
2 0
3 88.8
4 98.7692
5 254.462
6 0
7 0
8 71
9 0
9
1 0
2 90
3 92.4
4 101.818
5 255.333
6 104
7 0
8 68
9 0
9
1 0
2 90.5
3 90
4 96.8
5 253.091
6 0
7 0
8 71.1111
9 0
9
1 0
2 92.4444
3 89.3333
4 100.333
5 252.923
6 104
7 0
8 64.8889
9 0
9
1 0
2 92.4444
3 93.2
4 99.3333
5 251.333
6 0
7 0
8 0
9 0
9
1 0
2 93.0909
3 92
4 99.0769
5 250.182
6 0
7 0
8 0
9 0
9
1 62.8571
2 95.2727
3 87.3333
4 101.6
5 250
6 0
7 0
8 0
9 0
9
1 0
2 93.7143
3 93
4 98.9091
5 246.462
6 0
7 0
8 0
9 0
9
1 0
2 96.5
3 92
4 100
5 247.077
6 0
7 0
8 69.1429
9 0
9
1 0
2 95.6364
3 94.6667
4 101.818
5 245.818
6 0
7 0
8 0
9 0
9
1 0
2 0
3 95.2
4 97.6
5 247.385
6 0
7 0
8 0
9 0
9
1 0
2 99.1111
3 95.3846
4 101.538
5 246.462
6 102.857
7 0
8 0
9 0
9
1 0
2 100
3 97.4545
4 102.154
5 243.333
6 0
7 0
8 0
9 0
9
1 69.7143
2 100.727
3 96.6667
4 101.455
5 240.364
6 101.714
7 0
8 58.8571
9 0
9
1 0
2 101.333
3 97.4545
4 96.6667
5 238
6 0
7 0
8 0
9 0
9
1 0
2 105.667
3 100.364
4 100.923
5 242.769
6 103.429
7 0
8 0
9 0
9
1 74
2 105
3 98.6667
4 99.0769
5 243.333
6 102.857
7 0
8 0
9 0
9
1 68
2 101.455
3 99.6364
4 96.7273
5 241.818
6 0
7 0
8 60.5
9 0
9
1 69.5
2 107.5
3 101.333
4 98
5 239.385
6 0
7 0
8 0
9 0
9
1 72.5
2 108.8
3 100
4 97.5385
5 241.231
6 0
7 0
8 56.5
9 0
9
1 72
2 109.333
3 103.385
4 98.7692
5 241.091
6 0
7 0
8 52
9 0
9
1 75.5
2 109.091
3 104.364
4 99.2727
5 242.333
6 0
7 0
8 0
9 0
9
1 75
2 107.2
3 101.333
4 96.3077
5 237.846
6 0
7 0
8 0
9 0
9
1 75.5
2 109.667
3 103.692
4 99.3333
5 235.692
6 102.286
7 0
8 55.4286
9 0
9
1 0
2 112
3 104.923
4 98
5 233.091
6 0
7 0
8 0
9 0
9
1 76
2 114.8
3 106.182
4 95.2727
5 234
6 0
7 0
8 0
9 0
9
1 76.5714
2 116.4
3 104.615
4 96
5 232.615
6 100
7 0
8 0
9 0
9
1 75.5556
2 114.909
3 106.462
4 97.2308
5 233.231
6 0
7 0
8 0
9 0
9
1 0
2 116.333
3 107.333
4 95.2727
5 232
6 0
7 0
8 0
9 0
9
1 0
2 118.4
3 107.636
4 95.3333
5 232
6 0
7 0
8 0
9 0
9
1 0
2 115.6
3 105.538
4 95.3846
5 229.538
6 101.143
7 0
8 0
9 0
9
1 82.2857
2 115.636
3 107.333
4 95
5 230.545
6 0
7 0
8 0
9 0
9
1 76
2 119.636
3 109
4 97.0909
5 228.727
6 100.5
7 0
8 0
9 0
9
1 75.5
2 120
3 106.8
4 96.3077
5 228.308
6 100.571
7 0
8 0
9 0
9
1 78.8
2 119.273
3 109.231
4 94
5 227.692
6 102.5
7 0
8 0
9 0
9
1 0
2 121.778
3 109.538
4 96.7273
5 228.923
6 0
7 0
8 0
9 0
9
1 85.7778
2 122.667
3 112
4 94.1818
5 225.818
6 0
7 0
8 0
9 0
9
1 82
2 121.778
3 111.6
4 93.0909
5 226.769
6 0
7 0
8 52.5
9 0
9
1 0
2 125.818
3 106.857
4 95.0769
5 224
6 97.7143
7 0
8 0
9 0
9
1 0
2 124
3 114.154
4 93.2308
5 224.364
6 97.1429
7 0
8 0
9 0
9
1 82.6667
2 125
3 112
4 95.6364
5 225.818
6 100
7 0
8 0
9 0
9
1 0
2 124.8
3 113.667
4 93.7143
5 221.538
6 0
7 0
8 0
9 0
9
1 82.8
2 128.364
3 114.154
4 96
5 221.538
6 101.714
7 0
8 0
9 0
9
1 85
2 130
3 114.462
4 95.3333
5 218.909
6 99.5
7 0
8 0
9 0
9
1 87.4286
2 130.4
3 116
4 92
5 218
6 97
7 0
8 0
9 0
9
1 85
2 131.2
3 116.308
4 94.4615
5 218.462
6 99.5
7 0
8 0
9 0
9
1 86.6667
2 133.2
3 113.846
4 91.6923
5 216
6 100
7 0
8 0
9 0
9
1 90.8571
2 132
3 116.923
4 91.6667
5 216
6 0
7 0
8 0
9 0
9
1 84.5714
2 132
3 113.455
4 95.2727
5 216
6 98.6667
7 0
8 0
9 0
9
1 0
2 133.091
3 115.692
4 91.3846
5 215.385
6 0
7 0
8 0
9 0
9
1 84
2 134.333
3 117.538
4 93.8462
5 214.462
6 0
7 0
8 0
9 0
9
1 92
2 132
3 116.667
4 93.4545
5 211.636
6 0
7 0
8 0
9 0
9
1 88.8
2 133.091
3 116
4 90.3333
5 212.308
6 94.9091
7 0
8 0
9 0
9
1 0
2 137.231
3 118.769
4 92.6154
5 210.154
6 96
7 0
8 0
9 0
9
1 89
2 139.273
3 116.333
4 94.4615
5 208.667
6 0
7 0
8 0
9 0
9
1 93.7778
2 138.667
3 116
4 90.1818
5 208.727
6 0
7 0
8 0
9 0
9
1 97.1429
2 141.778
3 118.182
4 90.1538
5 207.077
6 97.3333
7 0
8 0
9 0
9
1 0
2 142.154
3 121.231
4 90.1538
5 209.667
6 97.1429
7 0
8 0
9 0
9
1 94
2 142.909
3 123.077
4 93.0909
5 203.636
6 92.5714
7 0
8 0
9 0
9
1 91.1111
2 146.333
3 122.909
4 92.7273
5 204.667
6 93.5
7 0
8 0
9 0
9
1 0
2 144.889
3 122.333
4 91.6923
5 204.308
6 0
7 0
8 0
9 0
9
1 95.5
2 146.462
3 122.154
4 90
5 202.154
6 96
7 0
8 0
9 0
9
1 94.2857
2 146.333
3 122.667
4 92.3333
5 200.364
6 90.2857
7 0
8 0
9 0
9
1 0
2 149.091
3 125.091
4 90.8
5 200.308
6 91.5
7 0
8 0
9 0
9
1 0
2 150.333
3 124.923
4 89.5385
5 195.692
6 96.8889
7 0
8 0
9 0
9
1 98.8571
2 147.714
3 126.154
4 89.6667
5 194.462
6 0
7 0
8 0
9 0
9
1 101.5
2 150.667
3 130.333
4 90.5455
5 196.364
6 92.5
7 0
8 0
9 0
9
1 0
2 151.273
3 125.818
4 87.6667
5 196.615
6 92.5714
7 0
8 0
9 0
9
1 98.2857
2 152.923
3 126.462
4 87.6923
5 193.231
6 90
7 0
8 0
9 0
9
1 105.143
2 155.333
3 128
4 89.4545
5 191.667
6 0
7 0
8 0
9 0
9
1 102
2 156
3 127.273
4 88.4444
5 188.727
6 89.7778
7 0
8 0
9 0
9
1 0
2 158.4
3 126.545
4 90
5 188.615
6 90.2857
7 0
8 0
9 0
9
1 0
2 161.091
3 127.077
4 90.4615
5 186.154
6 92.5714
7 0
8 0
9 0
9
1 0
2 162.769
3 128.615
4 85.6667
5 185.818
6 89.1429
7 0
8 0
9 0
9
1 0
2 162.667
3 129.455
4 88.3636
5 183.667
6 88.5714
7 0
8 0
9 0
9
1 0
2 163.273
3 133.538
4 87.6923
5 188.667
6 87.5
7 0
8 0
9 0
9
1 106.8
2 162.154
3 129.231
4 84.7273
5 186.769
6 88.5714
7 0
8 0
9 0
9
1 108
2 164.615
3 128.615
4 90
5 184.364
6 88
7 0
8 0
9 0
9
1 105.714
2 162.909
3 127.636
4 90
5 184
6 91.5556
7 0
8 0
9 0
9
1 0
2 163.273
3 128.923
4 88
5 185.231
6 91.5556
7 0
8 0
9 0
9
1 105
2 164.667
3 130.154
4 89.5385
5 184.615
6 87.4286
7 0
8 0
9 0
9
1 0
2 165.538
3 131.385
4 86.4
5 183.273
6 86.6667
7 0
8 0
9 0
9
1 103.429
2 164
3 129.455
4 86.3333
5 183.385
6 91.1111
7 0
8 0
9 0
9
1 0
2 166.462
3 132
4 83.6667
5 186.462
6 87
7 0
8 0
9 0
9
1 103.6
2 164
3 135.077
4 82.6667
5 186.667
6 89.1429
7 0
8 0
9 0
9
1 107
2 166.667
3 140.364
4 86.4
5 183.636
6 86.2857
7 0
8 0
9 0
9
1 0
2 166.8
3 137.455
4 84
5 184.923
6 93.0909
7 0
8 0
9 0
9
1 103.6
2 167.077
3 136.615
4 80.4
5 185.538
6 92.5714
7 0
8 0
9 0
9
1 0
2 167.692
3 136.308
4 79.2727
5 186.545
6 92.5714
7 0
8 0
9 0
9
1 105.5
2 167.333
3 139.273
4 79.4286
5 189.333
6 90.5
7 0
8 0
9 0
9
1 0
2 165.2
3 138.333
4 80.4444
5 186.769
6 95
7 0
8 0
9 0
9
1 104.571
2 166.333
3 139.077
4 84
5 187.636
6 92.4444
7 0
8 0
9 0
9
1 104
2 168.308
3 140.923
4 84.5714
5 186.909
6 93.7143
7 0
8 0
9 0
9
1 104.571
2 168.364
3 142.182
4 80.5
5 187.385
6 92.4444
7 0
8 0
9 0
9
1 104
2 165.818
3 140
4 77.4545
5 186.769
6 95.6364
7 0
8 0
9 0
9
1 101.5
2 166.154
3 140.308
4 76.7273
5 189.538
6 95.2727
7 0
8 0
9 0
9
1 100
2 167.692
3 140.308
4 82.2222
5 191.2
6 95.6
7 0
8 0
9 0
9
1 102.222
2 169.2
3 142.182
4 81.7143
5 188
6 97.0909
7 0
8 0
9 0
9
1 0
2 165.818
3 142.154
4 77.7778
5 191.077
6 97
7 0
8 0
9 0
9
1 0
2 168.308
3 145.231
4 0
5 188.923
6 96.4
7 0
8 0
9 0
9
1 100.889
2 167.385
3 146.154
4 0
5 190.182
6 101.2
7 0
8 0
9 0
9
1 0
2 164
3 147.273
4 76
5 193.231
6 97.3333
7 0
8 0
9 0
9
1 0
2 164.615
3 147.692
4 80
5 196.667
6 96.7273
7 0
8 0
9 0
9
1 99.1111
2 167.667
3 146.769
4 0
5 192.8
6 97.3333
7 0
8 0
9 0
9
1 102.286
2 168
3 145.455
4 0
5 189.091
6 100.444
7 0
8 0
9 0
9
1 0
2 163.636
3 145.818
4 0
5 194.462
6 100.667
7 0
8 0
9 0
9
1 0
2 166
3 149.538
4 76.5714
5 197.231
6 99.2
7 0
8 0
9 0
9
1 98.5
2 167.077
3 149.231
4 73.5
5 193.6
6 101.818
7 0
8 0
9 0
9
1 96.5714
2 163.692
3 152
4 0
5 196
6 102.909
7 0
8 0
9 0
9
1 100
2 165.778
3 154.182
4 0
5 197
6 100
7 0
8 0
9 0
9
1 0
2 164.923
3 152.923
4 0
5 199
6 101.091
7 0
8 0
9 0
9
1 0
2 165.818
3 152.615
4 0
5 196.615
6 104.727
7 0
8 0
9 0
9
1 0
2 166.154
3 150.667
4 0
5 197.455
6 107.111
7 0
8 0
9 0
9
1 0
2 165.6
3 156
4 0
5 199.692
6 105.231
7 0
8 0
9 0
9
1 100
2 166.909
3 156.923
4 0
5 198.154
6 103.636
7 0
8 0
9 0
9
1 0
2 166.154
3 156.615
4 0
5 200.889
6 106.182
7 0
8 0
9 0
9
1 95
2 165.455
3 155.636
4 0
5 196.727
6 107.333
7 0
8 0
9 0
9
1 0
2 164.889
3 159.667
4 0
5 198.769
6 105
7 0
8 0
9 0
9
1 94.2222
2 164.667
3 155.692
4 0
5 200
6 108
7 0
8 0
9 0
9
1 0
2 164.727
3 160
4 0
5 201.2
6 106.909
7 0
8 0
9 0
9
1 91.4286
2 165.818
3 159.636
4 0
5 202.182
6 108.923
7 0
8 0
9 0
9
1 0
2 162.545
3 163.077
4 0
5 204
6 106.909
7 0
8 0
9 0
9
1 93
2 164.333
3 162.462
4 0
5 202.154
6 108.364
7 0
8 0
9 0
9
1 0
2 164.333
3 163.385
4 0
5 202.545
6 108.444
7 0
8 0
9 0
9
1 0
2 164
3 162.909
4 0
5 203.385
6 108.727
7 0
8 0
9 0
9
1 0
2 164.364
3 163.692
4 0
5 201.538
6 110.545
7 0
8 0
9 0
9
1 92.5
2 163.692
3 165.231
4 0
5 202.667
6 109.818
7 0
8 0
9 0
9
1 0
2 163.077
3 165.333
4 0
5 204
6 112
7 0
8 0
9 0
9
1 0
2 165.6
3 165.818
4 0
5 203.385
6 112
7 0
8 0
9 0
9
1 88.5714
2 163.789
3 168.632
4 0
5 202.588
6 112.941
7 0
8 0
9 0
9
1 0
2 164
3 169.818
4 0
5 205.2
6 112.667
7 0
8 0
9 0
9
1 89.1429
2 165.2
3 171.273
4 0
5 204.727
6 114.154
7 0
8 0
9 0
9
1 85.7143
2 163.273
3 169.846
4 0
5 206.667
6 116
7 0
8 0
9 0
9
1 0
2 163.273
3 171.077
4 0
5 207.636
6 114.182
7 0
8 0
9 0
9
1 84.5714
2 164.444
3 172.727
4 0
5 204
6 116.308
7 0
8 0
9 0
9
1 0
2 161.6
3 176.333
4 0
5 206.769
6 117.333
7 0
8 0
9 0
9
1 85.7143
2 164.333
3 176.923
4 0
5 206.8
6 116.923
7 0
8 0
9 0
9
1 84
2 161.333
3 176
4 0
5 208.4
6 117.455
7 0
8 0
9 0
9
1 87.2
2 160.444
3 176.727
4 0
5 208
6 118.154
7 0
8 0
9 0
9
1 82.8571
2 162.4
3 177.538
4 0
5 205.818
6 118.462
7 0
8 0
9 0
9
1 0
2 158.909
3 178.769
4 0
5 208.615
6 118.667
7 0
8 0
9 0
9
1 0
2 163.273
3 178.769
4 0
5 209.5
6 120.364
7 0
8 0
9 0
9
1 0
2 160.8
3 182.909
4 0
5 212
6 121.231
7 0
8 0
9 0
9
1 0
2 160
3 180.308
4 0
5 210.462
6 123.692
7 0
8 0
9 0
9
1 78.8571
2 159.077
3 180.923
4 0
5 211.273
6 123.273
7 0
8 0
9 0
9
1 0
2 158.769
3 180.667
4 0
5 209.091
6 123
7 0
8 0
9 0
9
1 0
2 158.222
3 183.636
4 0
5 211.667
6 124
7 0
8 0
9 0
9
1 0
2 158
3 183.385
4 0
5 213
6 124.923
7 0
8 0
9 0
9
1 0
2 161.455
3 185.846
4 0
5 212
6 124
7 0
8 0
9 0
9
1 0
2 156.4
3 183.636
4 0
5 212.727
6 124.615
7 0
8 0
9 0
9
1 81.1429
2 159.273
3 185.333
4 0
5 213.667
6 124.308
7 0
8 0
9 0
9
1 0
2 158.333
3 188.923
4 0
5 210.4
6 124
7 0
8 0
9 0
9
1 0
2 155.667
3 189.231
4 0
5 213.333
6 126.909
7 0
8 0
9 0
9
1 0
2 156.4
3 190.182
4 0
5 214
6 127.077
7 0
8 0
9 0
9
1 0
2 158.857
3 188.615
4 0
5 213.846
6 126.769
7 0
8 0
9 0
9
1 0
2 157.6
3 190.154
4 0
5 213.091
6 127.667
7 0
8 0
9 0
9
1 80
2 155.333
3 190.769
4 0
5 214
6 126.909
7 0
8 0
9 0
9
1 75.2727
2 157.2
3 194.545
4 0
5 214.4
6 129.231
7 0
8 0
9 0
9
1 0
2 156.727
3 193.846
4 0
5 217.091
6 131.077
7 0
8 0
9 0
9
1 77.7143
2 154.4
3 195.077
4 0
5 217.538
6 132
7 0
8 0
9 0
9
1 0
2 153.333
3 193.667
4 0
5 213.818
6 132
7 0
8 0
9 0
9
1 0
2 156
3 196.364
4 0
5 214.769
6 134.154
7 0
8 0
9 0
9
1 0
2 153.333
3 198.154
4 0
5 218.182
6 134.154
7 0
8 0
9 0
9
1 0
2 152.615
3 200.615
4 0
5 219
6 134.545
7 0
8 0
9 0
9
1 73.7143
2 150.909
3 202.909
4 0
5 215.556
6 136.615
7 0
8 0
9 0
9
1 0
2 152.444
3 204
4 0
5 216.333
6 137.231
7 0
8 0
9 0
9
1 72.5714
2 150.4
3 205.231
4 0
5 219.667
6 139.077
7 0
8 0
9 0
9
1 0
2 149.333
3 205.538
4 0
5 219.273
6 138.545
7 0
8 0
9 0
9
1 0
2 148.4
3 205.455
4 0
5 216
6 140.308
7 0
8 0
9 0
9
1 0
2 150.857
3 206.154
4 0
5 218.182
6 138.769
7 0
8 0
9 0
9
1 0
2 150.4
3 207.692
4 0
5 218.545
6 140
7 0
8 0
9 0
9
1 0
2 149.778
3 206.769
4 0
5 217.667
6 140.727
7 0
8 0
9 0
9
1 68
2 146.909
3 209.667
4 0
5 218.857
6 142.333
7 0
8 0
9 0
9
1 0
2 146
3 211.636
4 0
5 219.5
6 143.385
7 0
8 0
9 0
9
1 69.1429
2 146.909
3 211.692
4 0
5 217.818
6 143.385
7 0
8 0
9 0
9
1 0
2 148
3 213.231
4 0
5 219.6
6 144.727
7 0
8 0
9 0
9
1 0
2 0
3 0
4 0
5 0
6 0
7 0
8 0
9 0
9
1 0
2 0
3 0
4 0
5 0
6 0
7 0
8 0
9 0
9
1 0
2 0
3 0
4 0
5 0
6 0
7 0
8 0
9 0
9
1 0
2 0
3 0
4 0
5 0
6 0
7 0
8 0
9 0
9
1 0
2 0
3 0
4 0
5 0
6 0
7 0
8 0
9 0
9
1 0
2 0
3 0
4 0
5 0
6 0
7 0
8 0
9 0
9
1 0
2 0
3 212
4 0
5 212.364
6 0
7 0
8 0
9 0
9
1 0
2 142
3 207.111
4 0
5 0
6 0
7 0
8 0
9 0
9
1 0
2 0
3 0
4 0
5 215.429
6 147
7 0
8 0
9 0
9
1 0
2 140
3 0
4 0
5 0
6 0
7 0
8 0
9 0
9
1 0
2 0
3 0
4 0
5 0
6 0
7 0
8 0
9 0
9
1 0
2 0
3 220.5
4 0
5 214.286
6 0
7 0
8 0
9 0
9
1 0
2 142.222
3 224.727
4 0
5 219.692
6 154.769
7 0
8 0
9 0
9
1 0
2 140.4
3 226.769
4 0
5 220.667
6 155.077
7 0
8 0
9 0
9
1 0
2 139.273
3 227.692
4 0
5 220.4
6 155.636
7 0
8 0
9 0
9
1 0
2 138.857
3 227.273
4 0
5 219.273
6 155.385
7 0
8 0
9 0
9
1 0
2 140.5
3 228.333
4 0
5 218.462
6 157.846
7 0
8 0
9 0
9
1 0
2 140
3 228
4 0
5 221.667
6 155.077
7 0
8 0
9 0
9
1 0
2 138.4
3 230.462
4 0
5 218.4
6 156.364
7 0
8 0
9 0
9
1 0
2 140
3 227.692
4 0
5 219.692
6 159.077
7 0
8 0
9 0
9
1 0
2 133.818
3 232.667
4 0
5 219.5
6 158.333
7 0
8 0
9 0
9
1 0
2 136
3 231.273
4 0
5 220.727
6 160.308
7 0
8 0
9 0
9
1 0
2 133.6
3 232.308
4 0
5 221.455
6 163.692
7 0
8 0
9 0
9
1 0
2 132
3 232
4 0
5 220.4
6 162.545
7 0
8 0
9 0
9
1 0
2 133.818
3 232.727
4 0
5 218.667
6 164.308
7 0
8 0
9 0
9
1 0
2 133.5
3 234.333
4 0
5 220.364
6 162.462
7 0
8 0
9 0
9
1 0
2 136
3 234.462
4 0
5 218.4
6 163.385
7 0
8 0
9 0
9
1 0
2 134
3 235.077
4 0
5 220.444
6 162.545
7 0
8 0
9 0
9
1 0
2 135.2
3 236
4 0
5 218
6 164.923
7 0
8 0
9 0
9
1 0
2 133.5
3 236.615
4 0
5 218.545
6 165.538
7 0
8 0
9 0
9
1 0
2 133.6
3 237.538
4 0
5 219.2
6 167.667
7 0
8 0
9 0
9
1 0
2 135
3 237.231
4 0
5 220.727
6 166.909
7 0
8 0
9 0
9
1 0
2 130.286
3 236
4 0
5 220.4
6 168.615
7 0
8 0
9 0
9
1 0
2 130.5
3 238.462
4 0
5 218
6 168.615
7 0
8 0
9 0
9
1 0
2 131.636
3 240
4 0
5 217.2
6 169.091
7 0
8 0
9 0
9
1 0
2 131.111
3 239
4 0
5 222
6 171
7 0
8 0
9 0
9
1 0
2 128.889
3 242.545
4 0
5 218.8
6 170.154
7 0
8 0
9 0
9
1 0
2 129.2
3 242.462
4 0
5 216
6 172.923
7 0
8 0
9 0
9
1 0
2 130.286
3 241.538
4 0
5 220
6 171.273
7 0
8 0
9 0
9
1 0
2 129.455
3 241.818
4 0
5 217.778
6 171.077
7 0
8 0
9 0
9
1 0
2 125.714
3 244.364
4 0
5 216.308
6 172.308
7 0
8 0
9 0
9
1 0
2 130
3 246.154
4 0
5 217.231
6 172
7 0
8 0
9 0
9
1 0
2 127.5
3 247.077
4 0
5 218.667
6 173.091
7 0
8 0
9 0
9
1 0
2 125.714
3 244
4 0
5 215.667
6 176.308
7 0
8 0
9 0
9
1 0
2 125.143
3 248.615
4 0
5 215.636
6 175.385
7 0
8 0
9 0
9
1 0
2 126.667
3 247.385
4 0
5 214.667
6 177
7 0
8 0
9 0
9
1 0
2 124.364
3 246.769
4 0
5 213.6
6 176.727
7 0
8 0
9 0
9
1 0
2 125.5
3 248.364
4 0
5 214
6 177.846
7 0
8 0
9 0
9
1 0
2 123.6
3 247.692
4 0
5 212.8
6 180.923
7 0
8 0
9 0
9
1 0
2 124.5
3 250.462
4 0
5 212
6 178.182
7 0
8 0
9 0
9
1 0
2 121.6
3 250.333
4 0
5 215.273
6 180.333
7 0
8 0
9 0
9
1 0
2 123.636
3 250.333
4 0
5 212.727
6 179.692
7 0
8 0
9 0
9
1 0
2 123
3 250.909
4 0
5 211
6 181.538
7 0
8 0
9 0
9
1 0
2 123.2
3 250
4 0
5 211.667
6 181.231
7 0
8 0
9 0
9
1 0
2 120
3 251.077
4 0
5 214.182
6 181.091
7 0
8 0
9 0
9
1 0
2 120.5
3 252.364
4 0
5 216
6 181.538
7 0
8 0
9 0
9
1 0
2 120.4
3 254.667
4 0
5 212.333
6 182.154
7 0
8 0
9 0
9
1 0
2 120
3 255
4 0
5 211.636
6 184
7 0
8 0
9 0
9
1 0
2 116.889
3 252.308
4 0
5 211.273
6 186.545
7 0
8 0
9 0
9
1 0
2 117.714
3 253.091
4 0
5 211.636
6 186.154
7 0
8 0
9 0
9
1 0
2 114.857
3 255.385
4 0
5 210.909
6 186.462
7 0
8 0
9 0
9
1 0
2 119.2
3 254.462
4 0
5 210.333
6 188
7 0
8 0
9 0
9
1 0
2 117.2
3 255.333
4 0
5 209.6
6 188.364
7 0
8 0
9 0
9
1 0
2 117
3 256
4 0
5 208.923
6 187.077
7 0
8 0
9 0
9
1 0
2 117.6
3 260
4 0
5 207.6
6 188.615
7 0
8 0
9 0
9
1 0
2 116
3 256.615
4 0
5 207
6 194.909
7 0
8 0
9 0
9
1 0
2 0
3 257.667
4 0
5 205.2
6 192
7 0
8 0
9 0
9
1 0
2 115.111
3 258.182
4 0
5 205.333
6 194.462
7 0
8 0
9 0
9
1 0
2 115.429
3 259.077
4 0
5 208
6 190.769
7 0
8 0
9 0
9
1 0
2 113
3 259.077
4 0
5 206.4
6 192
7 0
8 0
9 0
9
1 0
2 112.5
3 258.909
4 0
5 206.545
6 193.538
7 0
8 0
9 0
9
1 0
2 116.571
3 258.333
4 0
5 205.333
6 194.154
7 0
8 0
9 0
9
1 0
2 111.2
3 260
4 0
5 204.4
6 195.692
7 0
8 0
9 0
9
1 0
2 113
3 260.923
4 0
5 202.5
6 195.273
7 0
8 0
9 0
9
1 0
2 0
3 260.364
4 0
5 201.333
6 194.462
7 0
8 0
9 0
9
1 0
2 109.818
3 258.333
4 0
5 202.545
6 197.538
7 0
8 0
9 0
9
1 0
2 108.5
3 261.091
4 0
5 200.667
6 196
7 0
8 0
9 0
9
1 0
2 110.8
3 259.667
4 0
5 202.667
6 197.455
7 0
8 0
9 0
9
1 0
2 0
3 260
4 0
5 202.462
6 196.308
7 0
8 0
9 0
9
1 0
2 107.556
3 263
4 0
5 200
6 198.769
7 0
8 0
9 0
9
1 0
2 108.5
3 260
4 0
5 197.818
6 198.182
7 0
8 0
9 0
9
1 0
2 107
3 262
4 0
5 198.545
6 199.667
7 0
8 0
9 0
9
1 0
2 102
3 261.818
4 0
5 202.4
6 202.769
7 0
8 0
9 0
9
1 0
2 103.429
3 259.077
4 0
5 198.333
6 202.769
7 0
8 0
9 0
9
1 0
2 101.5
3 261
4 0
5 200.8
6 202.545
7 0
8 0
9 0
9
1 0
2 102.857
3 262.909
4 0
5 200.727
6 204.667
7 0
8 0
9 0
9
1 0
2 0
3 259.273
4 0
5 200
6 203.385
7 0
8 0
9 0
9
1 0
2 103
3 261.538
4 0
5 196.923
6 204.923
7 0
8 0
9 0
9
1 0
2 100
3 261.538
4 0
5 195.5
6 204.364
7 0
8 0
9 0
9
1 0
2 101.5
3 261.091
4 0
5 198.286
6 205.538
7 0
8 0
9 0
9
1 0
2 0
3 261.091
4 0
5 197.818
6 204.308
7 0
8 0
9 0
9
1 0
2 102.4
3 262.769
4 0
5 195.692
6 205.538
7 0
8 0
9 0
9
1 0
2 0
3 261.231
4 0
5 197
6 204.727
7 0
8 0
9 0
9
1 0
2 100
3 261.818
4 0
5 192.727
6 208.615
7 0
8 0
9 0
9
1 0
2 99.4286
3 263.692
4 0
5 194.154
6 207.385
7 0
8 0
9 0
9
1 0
2 97.7143
3 261.538
4 0
5 192.615
6 207.667
7 0
8 0
9 0
9
1 0
2 98.8571
3 259.692
4 0
5 191.556
6 209.091
7 0
8 0
9 0
9
1 0
2 97.1429
3 262.545
4 0
5 191.636
6 210.154
7 0
8 0
9 0
9
1 0
2 0
3 261.818
4 0
5 193.231
6 210.462
7 0
8 0
9 0
9
1 0
2 0
3 262.182
4 0
5 189.667
6 211.273
7 0
8 0
9 0
9
1 0
2 0
3 264
4 0
5 189.5
6 212.667
7 0
8 0
9 0
9
1 0
2 0
3 262.909
4 0
5 190.545
6 210.154
7 0
8 0
9 0
9
1 0
2 95.2
3 261.538
4 0
5 188.923
6 212.923
7 0
8 0
9 0
9
1 0
2 94.5
3 261.538
4 0
5 186
6 214.909
7 0
8 0
9 0
9
1 0
2 95
3 261.818
4 0
5 184.727
6 212.308
7 0
8 0
9 0
9
1 0
2 0
3 260.4
4 0
5 184.889
6 214.769
7 0
8 0
9 0
9
1 0
2 91.2727
3 259.692
4 0
5 185.2
6 216
7 0
8 0
9 0
9
1 0
2 0
3 259.667
4 0
5 184.5
6 216.364
7 0
8 0
9 0
9
1 0
2 92
3 259.273
4 0
5 182.667
6 215.077
7 0
8 0
9 0
9
1 0
2 92.5
3 259
4 0
5 182.545
6 216
7 0
8 0
9 0
9
1 0
2 90.2857
3 259.667
4 0
5 181.333
6 216
7 0
8 0
9 0
9
1 0
2 84.8889
3 259.333
4 0
5 179.556
6 219.273
7 0
8 0
9 0
9
1 0
2 0
3 258
4 0
5 177.538
6 217.231
7 0
8 0
9 0
9
1 0
2 0
3 258.8
4 0
5 178.333
6 217.231
7 0
8 0
9 0
9
1 0
2 0
3 259
4 0
5 177.333
6 217.091
7 0
8 0
9 0
9
1 0
2 85
3 258
4 0
5 176
6 219.667
7 0
8 0
9 0
9
1 0
2 0
3 258
4 0
5 178.909
6 218.462
7 0
8 0
9 0
9
1 0
2 84.5714
3 258.154
4 0
5 176
6 220.615
7 0
8 0
9 0
9
1 0
2 85
3 257.333
4 0
5 174.545
6 218.182
7 0
8 0
9 0
9
1 0
2 88.4444
3 258.545
4 0
5 175.5
6 218.769
7 0
8 0
9 0
9
1 0
2 0
3 259.273
4 0
5 174.333
6 219.385
7 0
8 0
9 0
9
1 0
2 0
3 258
4 0
5 172.923
6 220.615
7 0
8 0
9 0
9
1 0
2 81.1429
3 258.667
4 0
5 172.8
6 221.455
7 0
8 0
9 0
9
1 0
2 82.5
3 259.111
4 0
5 172.667
6 221.231
7 0
8 0
9 0
9
1 0
2 83.4286
3 257.455
4 0
5 171.273
6 220.308
7 0
8 0
9 0
9
1 0
2 82.2857
3 257.667
4 0
5 169.455
6 222
7 0
8 0
9 0
9
1 0
2 81.7143
3 256.333
4 0
5 170.909
6 221.818
7 0
8 0
9 0
9
1 0
2 0
3 255.556
4 0
5 171.692
6 220.923
7 0
8 0
9 0
9
1 0
2 81.7778
3 256.4
4 0
5 170.545
6 222.462
7 0
8 0
9 0
9
1 0
2 84.8
3 254.154
4 0
5 170.182
6 221.455
7 0
8 0
9 0
9
1 0
2 80.5
3 257.091
4 0
5 170.5
6 221.091
7 0
8 0
9 0
9
1 0
2 83.4286
3 254.4
4 0
5 172
6 222.769
7 0
8 0
9 0
9
1 0
2 82.2857
3 252.615
4 0
5 169.818
6 224.308
7 0
8 0
9 0
9
1 0
2 0
3 252.923
4 0
5 171.2
6 221
7 0
8 0
9 0
9
1 0
2 0
3 253.455
4 0
5 172.8
6 225.455
7 0
8 0
9 0
9
1 0
2 0
3 253.6
4 0
5 172.364
6 224.308
7 0
8 0
9 0
9
1 0
2 0
3 250
4 0
5 172.727
6 225.538
7 0
8 0
9 0
9
1 0
2 0
3 247.667
4 0
5 175.111
6 225.455
7 0
8 0
9 0
9
1 0
2 0
3 244.444
4 0
5 176.889
6 227.636
7 0
8 0
9 0
9
1 0
2 0
3 246.545
4 0
5 174.909
6 226.769
7 0
8 0
9 0
9
1 0
2 0
3 246.462
4 0
5 177.455
6 228.308
7 0
8 0
9 0
9
1 0
2 0
3 242.909
4 0
5 178.333
6 227.273
7 0
8 0
9 0
9
1 0
2 0
3 245.2
4 0
5 176
6 227.667
7 0
8 0
9 0
9
1 0
2 0
3 244.444
4 0
5 176.364
6 227.077
7 0
8 0
9 0
9
1 0
2 0
3 242.769
4 0
5 176.333
6 228.923
7 0
8 0
9 0
9
1 0
2 76
3 241.667
4 0
5 179.111
6 229.455
7 0
8 0
9 0
9
1 0
2 72.5
3 240
4 0
5 180.4
6 232
7 0
8 0
9 0
9
1 0
2 0
3 239.6
4 0
5 180
6 230.769
7 0
8 0
9 0
9
1 0
2 73.1429
3 238
4 0
5 178.545
6 231.077
7 0
8 0
9 0
9
1 0
2 0
3 239.636
4 0
5 183.111
6 230.909
7 0
8 0
9 0
9
1 0
2 0
3 238.5
4 0
5 183
6 231.692
7 0
8 0
9 0
9
1 0
2 73.5
3 234.545
4 0
5 185.2
6 231.692
7 0
8 0
9 0
9
1 0
2 0
3 235.636
4 0
5 184.333
6 231.636
7 0
8 0
9 0
9
1 0
2 0
3 232.4
4 0
5 184.8
6 232.923
7 0
8 0
9 0
9
1 0
2 0
3 232
4 0
5 185.667
6 232.615
7 0
8 0
9 0
9
1 0
2 0
3 229.333
4 0
5 188.727
6 234.909
7 0
8 0
9 0
9
1 0
2 0
3 229.6
4 0
5 185.6
6 234.462
7 0
8 0
9 65.7143
9
1 0
2 0
3 229.818
4 0
5 186.4
6 231.692
7 0
8 0
9 0
9
1 0
2 73.1429
3 226
4 0
5 185.333
6 232.727
7 0
8 0
9 0
9
1 0
2 0
3 226.333
4 0
5 188.8
6 232
7 0
8 0
9 0
9
1 0
2 0
3 226.667
4 0
5 190.667
6 234.909
7 0
8 0
9 0
9
1 0
2 0
3 224.333
4 0
5 191.077
6 233.455
7 0
8 0
9 0
9
1 0
2 0
3 223.273
4 0
5 192.8
6 233.818
7 0
8 0
9 0
9
1 0
2 0
3 222.182
4 0
5 193.333
6 233.538
7 0
8 0
9 0
9
1 0
2 0
3 219
4 0
5 192.923
6 236
7 0
8 0
9 0
9
1 0
2 0
3 216
4 0
5 193.333
6 236.364
7 0
8 0
9 0
9
1 0
2 0
3 215.556
4 0
5 194.222
6 235.077
7 0
8 0
9 0
9
1 0
2 0
3 217.2
4 0
5 193.455
6 234.462
7 0
8 0
9 0
9
1 0
2 69.1429
3 213.333
4 0
5 196.8
6 235.385
7 0
8 0
9 0
9
1 0
2 0
3 214
4 0
5 193.714
6 236
7 0
8 0
9 0
9
1 0
2 0
3 215.5
4 0
5 196.889
6 235.692
7 0
8 0
9 0
9
1 0
2 0
3 214.286
4 0
5 196.4
6 237.231
7 0
8 0
9 0
9
1 0
2 66.5
3 211.636
4 0
5 198.4
6 236.308
7 0
8 0
9 0
9
1 0
2 0
3 212.727
4 0
5 198.222
6 236
7 0
8 0
9 0
9
1 0
2 0
3 211.2
4 0
5 199.333
6 234.769
7 0
8 0
9 0
9
1 0
2 0
3 210.8
4 0
5 201.778
6 235.692
7 0
8 0
9 0
9
1 0
2 0
3 212.4
4 0
5 197.455
6 236.667
7 0
8 0
9 73.5
9
1 0
2 0
3 212.727
4 0
5 198
6 237.818
7 0
8 0
9 0
9
1 0
2 0
3 213.455
4 0
5 195.636
6 236
7 0
8 0
9 67
9
1 0
2 0
3 210.182
4 0
5 199.333
6 237.538
7 0
8 0
9 0
9
1 0
2 0
3 210
4 0
5 197.2
6 236.667
7 0
8 0
9 0
9
1 0
2 0
3 207
4 0
5 200.364
6 237.091
7 0
8 0
9 0
9
1 0
2 0
3 206.857
4 0
5 200.727
6 236
7 0
8 0
9 0
9
1 0
2 0
3 206.333
4 0
5 200.667
6 238.154
7 0
8 0
9 0
9
1 0
2 0
3 205.455
4 0
5 203.636
6 236
7 0
8 0
9 0
9
1 0
2 0
3 203.6
4 0
5 204
6 237
7 0
8 0
9 0
9
1 0
2 0
3 200.5
4 0
5 203.636
6 236.923
7 0
8 0
9 0
9
1 0
2 0
3 197.091
4 0
5 207
6 235.692
7 0
8 0
9 0
9
1 0
2 0
3 196.8
4 0
5 208.4
6 236
7 0
8 0
9 0
9
1 0
2 0
3 195.111
4 0
5 206.4
6 237.846
7 0
8 0
9 0
9
1 0
2 0
3 195
4 0
5 208
6 235.692
7 0
8 0
9 0
9
1 0
2 0
3 194.4
4 0
5 208
6 237.231
7 0
8 0
9 0
9
1 0
2 0
3 194.667
4 0
5 206.857
6 234.909
7 0
8 0
9 77.3333
9
1 0
2 0
3 196
4 0
5 207.556
6 236.308
7 0
8 0
9 79.4286
9
1 0
2 0
3 192.571
4 0
5 208.444
6 234.769
7 0
8 0
9 0
9
1 0
2 0
3 192
4 0
5 209.2
6 236
7 0
8 0
9 0
9
1 0
2 0
3 188.444
4 0
5 210.769
6 236
7 0
8 0
9 0
9
1 0
2 0
3 189.2
4 0
5 214
6 234.909
7 0
8 0
9 80
9
1 0
2 0
3 188
4 0
5 215.2
6 235.692
7 0
8 0
9 83.5
9
1 0
2 0
3 188.889
4 0
5 214
6 235.077
7 0
8 0
9 81.5
9
1 0
2 0
3 186.545
4 0
5 214.8
6 235.636
7 0
8 0
9 0
9
1 0
2 0
3 184.4
4 0
5 213.5
6 233.667
7 0
8 0
9 0
9
1 0
2 0
3 183
4 0
5 214.4
6 232.615
7 0
8 0
9 84
9
1 0
2 0
3 182.4
4 0
5 217.333
6 235.077
7 0
8 0
9 85.5
9
1 0
2 0
3 182
4 0
5 218.222
6 236
7 0
8 0
9 87.4286
9
1 0
2 0
3 0
4 0
5 216
6 234.769
7 0
8 0
9 87.5
9
1 0
2 0
3 180
4 0
5 216.727
6 234.462
7 0
8 0
9 85.5
9
1 0
2 0
3 179.667
4 0
5 220
6 233.846
7 0
8 0
9 0
9
1 0
2 0
3 178
4 0
5 221.714
6 233.091
7 0
8 0
9 0
9
1 0
2 0
3 176
4 0
5 222.4
6 233.846
7 0
8 0
9 0
9
1 0
2 0
3 176
4 0
5 221.2
6 231.077
7 0
8 0
9 0
9
1 0
2 0
3 171.556
4 0
5 222.545
6 234
7 0
8 0
9 93
9
1 0
2 0
3 172.364
4 0
5 223
6 233.091
7 0
8 0
9 93.7778
9
1 0
2 0
3 168.889
4 0
5 225.778
6 231.385
7 0
8 0
9 94.2222
9
1 0
2 0
3 169.818
4 0
5 224.4
6 230.154
7 0
8 0
9 0
9
1 0
2 0
3 166.909
4 0
5 226.182
6 232.727
7 0
8 0
9 95.2
9
1 0
2 0
3 168
4 0
5 224
6 231.333
7 0
8 0
9 94.6667
9
1 0
2 0
3 168.5
4 0
5 226.8
6 228.615
7 0
8 0
9 0
9
1 0
2 0
3 164.889
4 0
5 227.556
6 232.615
7 0
8 0
9 0
9
1 0
2 0
3 165.5
4 0
5 225.6
6 230.182
7 0
8 0
9 96.5
9
1 0
2 0
3 165
4 0
5 228.889
6 230.154
7 0
8 0
9 0
9
1 0
2 0
3 168.889
4 0
5 228
6 231.385
7 0
8 0
9 97.1429
9
1 0
2 0
3 167.111
4 0
5 227.111
6 232.615
7 0
8 0
9 96
9
1 0
2 0
3 166.545
4 0
5 226.5
6 229.091
7 0
8 0
9 98
9
1 0
2 0
3 0
4 0
5 228.444
6 229.538
7 0
8 0
9 93.2
9
1 0
2 0
3 166.182
4 0
5 228
6 232.308
7 0
8 0
9 98.5
9
1 0
2 0
3 165.091
4 0
5 229.2
6 232
7 0
8 0
9 97.5
9
1 0
2 0
3 165.091
4 0
5 227.5
6 230.545
7 0
8 0
9 96.5
9
1 0
2 0
3 167.429
4 0
5 0
6 228.923
7 0
8 0
9 0
9
1 0
2 0
3 164.5
4 0
5 228.8
6 231.077
7 0
8 0
9 100
9
1 0
2 0
3 164.889
4 0
5 230.5
6 229.091
7 0
8 0
9 98.6667
9
1 0
2 0
3 0
4 0
5 231.5
6 230.667
7 0
8 0
9 0
9
1 0
2 0
3 161
4 0
5 231.2
6 229.846
7 0
8 0
9 0
9
1 0
2 0
3 160
4 0
5 231.273
6 227.692
7 0
8 0
9 101.143
9
1 0
2 0
3 158.667
4 0
5 230.5
6 229.818
7 0
8 0
9 101.778
9
1 0
2 0
3 160
4 0
5 231.2
6 229.846
7 0
8 0
9 103
9
1 0
2 0
3 159.2
4 0
5 232.889
6 230.769
7 0
8 0
9 107.6
9
1 0
2 0
3 155.667
4 0
5 234.222
6 227.077
7 0
8 0
9 104
9
1 0
2 0
3 154
4 0
5 235
6 228
7 0
8 0
9 107.556
9
1 0
2 0
3 152.889
4 0
5 235.273
6 228.615
7 0
8 0
9 108.889
9
1 0
2 0
3 154.286
4 0
5 235.273
6 227.077
7 0
8 0
9 108
9
1 0
2 0
3 153.333
4 0
5 235.556
6 227.333
7 0
8 0
9 109.778
9
1 0
2 0
3 148.5
4 0
5 235.5
6 228.727
7 0
8 0
9 112.4
9
1 0
2 0
3 150.222
4 0
5 238.5
6 229.846
7 0
8 0
9 112.4
9
1 0
2 0
3 148
4 0
5 236.727
6 228
7 0
8 0
9 112
9
1 0
2 0
3 148.667
4 0
5 240.667
6 228.727
7 0
8 0
9 112.5
9
1 0
2 0
3 145.714
4 0
5 238.667
6 228.333
7 0
8 0
9 112.5
9
1 0
2 0
3 148
4 0
5 238.909
6 226.462
7 0
8 0
9 114
9
1 0
2 0
3 144.889
4 0
5 239.333
6 228.615
7 0
8 0
9 116
9
1 0
2 0
3 144.5
4 0
5 236
6 230.545
7 0
8 60.5714
9 118
9
1 0
2 0
3 142.857
4 0
5 238
6 227.077
7 0
8 60.5714
9 119.2
9
1 0
2 0
3 142.222
4 0
5 242.182
6 228.615
7 0
8 0
9 118.286
9
1 0
2 0
3 145.333
4 0
5 240.8
6 227.077
7 0
8 0
9 0
9
1 0
2 0
3 143.111
4 0
5 242.545
6 226.769
7 0
8 0
9 122
9
1 0
2 0
3 142.182
4 0
5 241.778
6 228.615
7 0
8 0
9 121.5
9
1 0
2 0
3 140.364
4 0
5 239.6
6 228
7 0
8 0
9 118.4
9
1 0
2 0
3 140.8
4 0
5 244
6 227.636
7 0
8 0
9 119.556
9
1 0
2 0
3 141.143
4 0
5 244
6 225.231
7 0
8 0
9 122
9
1 0
2 0
3 140.4
4 0
5 240.444
6 225.538
7 0
8 0
9 0
9
1 0
2 0
3 137.455
4 0
5 245.5
6 227.273
7 0
8 0
9 125
9
1 0
2 0
3 138.5
4 0
5 244.444
6 225.667
7 0
8 0
9 126.857
9
1 0
2 0
3 0
4 0
5 245.091
6 227.385
7 0
8 0
9 126.667
9
1 0
2 0
3 133.143
4 0
5 244.8
6 231.692
7 0
8 0
9 128
9
1 0
2 0
3 0
4 0
5 245
6 228.364
7 0
8 0
9 125.333
9
1 0
2 0
3 134
4 0
5 246.286
6 230.462
7 0
8 0
9 127.556
9
1 0
2 0
3 133.6
4 0
5 245.778
6 228.308
7 0
8 0
9 0
9
1 0
2 0
3 133.455
4 0
5 243.556
6 227.385
7 0
8 0
9 131.5
9
1 0
2 0
3 133.143
4 0
5 245.2
6 226.182
7 0
8 0
9 132.4
9
1 0
2 0
3 0
4 0
5 246.222
6 227.077
7 0
8 72.5
9 127.636
9
1 0
2 0
3 130
4 0
5 246.333
6 228.923
7 0
8 0
9 133.2
9
1 0
2 0
3 0
4 0
5 244
6 229.091
7 0
8 0
9 132
9
1 0
2 0
3 130.667
4 0
5 246
6 228.727
7 0
8 65.5
9 133.333
9
1 0
2 0
3 130.5
4 0
5 245.6
6 228.615
7 0
8 0
9 130.5
9
1 0
2 0
3 129.143
4 0
5 246.667
6 227.385
7 0
8 0
9 132
9
1 0
2 0
3 130.667
4 0
5 244.889
6 228.364
7 0
8 73.3333
9 133.778
9
1 0
2 0
3 131.429
4 0
5 245
6 230.333
7 0
8 0
9 134.8
9
1 0
2 0
3 127
4 0
5 244.4
6 231.385
7 0
8 0
9 136.444
9
1 0
2 0
3 129.2
4 0
5 246.4
6 226.154
7 0
8 0
9 135.636
9
1 0
2 0
3 125
4 0
5 246.667
6 229.091
7 0
8 69
9 138.909
9
1 0
2 0
3 125.714
4 0
5 246.5
6 226.462
7 0
8 0
9 139.667
9
1 0
2 0
3 124.571
4 0
5 244.4
6 227.077
7 0
8 68
9 137.455
9
1 0
2 0
3 124.8
4 0
5 247.5
6 227.385
7 0
8 0
9 139.111
9
1 0
2 0
3 120.444
4 0
5 246.857
6 232
7 0
8 0
9 141.6
9
1 0
2 0
3 120.571
4 0
5 245.778
6 230.154
7 0
8 0
9 143.636
9
1 0
2 0
3 120
4 0
5 243.636
6 228.308
7 0
8 0
9 146.8
9
1 0
2 0
3 118
4 0
5 245.333
6 228.923
7 0
8 72
9 148.5
9
1 0
2 0
3 116.889
4 0
5 243.5
6 230.909
7 0
8 73.5
9 150
9
1 0
2 0
3 117.143
4 0
5 242.667
6 231.077
7 0
8 71.1111
9 148.333
9
1 0
2 0
3 115.5
4 0
5 247.5
6 230.462
7 0
8 0
9 149.333
9
1 0
2 0
3 115.556
4 0
5 248.5
6 226.667
7 0
8 0
9 147.2
9
1 0
2 0
3 114.667
4 0
5 245.2
6 229.091
7 0
8 0
9 150.8
9
1 0
2 0
3 115
4 0
5 246.5
6 231.077
7 0
8 0
9 147.429
9
1 0
2 0
3 115.111
4 0
5 245.5
6 228.308
7 0
8 0
9 153.778
9
1 0
2 0
3 115.429
4 0
5 242.4
6 229.091
7 0
8 0
9 152
9
1 0
2 0
3 117.714
4 0
5 244
6 231.333
7 0
8 0
9 154
9
1 0
2 0
3 113.143
4 0
5 243.6
6 230.769
7 0
8 71.6
9 155.636
9
1 0
2 0
3 110
4 0
5 246
6 232.308
7 0
8 0
9 155.556
9
1 0
2 0
3 110.667
4 0
5 246
6 231.273
7 0
8 73.1429
9 156
9
1 0
2 0
3 107.556
4 0
5 243.636
6 232.667
7 0
8 0
9 158.462
9
1 0
2 0
3 0
4 0
5 244
6 231.385
7 0
8 0
9 160.727
9
1 0
2 0
3 105.2
4 0
5 244
6 231.692
7 0
8 76.5714
9 162.857
9
1 0
2 0
3 104.444
4 0
5 243.111
6 233.091
7 0
8 80
9 164
9
1 0
2 0
3 103.5
4 0
5 0
6 232.333
7 0
8 77.1429
9 168
9
1 0
2 0
3 100.5
4 0
5 242
6 232.615
7 0
8 75.6364
9 170.545
9
1 0
2 0
3 100.889
4 0
5 240
6 232.923
7 0
8 0
9 169.2
9
1 0
2 0
3 0
4 0
5 241.714
6 232
7 0
8 77.5
9 171.077
9
1 0
2 0
3 0
4 0
5 241.5
6 233.231
7 0
8 80.5714
9 170.154
9
1 0
2 0
3 99.4286
4 0
5 242
6 233.538
7 0
8 0
9 170.4
9
1 0
2 0
3 98.2857
4 0
5 241.5
6 233.231
7 0
8 82.2857
9 171
9
1 0
2 0
3 95.4286
4 0
5 240
6 231.273
7 0
8 81
9 173.818
9
1 0
2 0
3 96
4 0
5 242.5
6 234.462
7 0
8 0
9 174
9
1 0
2 0
3 0
4 0
5 240
6 233.846
7 0
8 81.7778
9 173.2
9
1 0
2 0
3 92
4 0
5 244.8
6 233.846
7 0
8 81.5
9 176.889
9
1 0
2 0
3 94.8571
4 0
5 241
6 235.636
7 0
8 82.6667
9 178.545
9
1 0
2 0
3 0
4 0
5 240.364
6 234.154
7 0
8 85.5
9 178.154
9
1 0
2 0
3 0
4 0
5 241.2
6 235.077
7 0
8 80
9 178
9
1 0
2 0
3 0
4 0
5 240.571
6 235.333
7 0
8 80
9 179.2
9
1 0
2 0
3 88.5714
4 0
5 240
6 235.273
7 0
8 84.4
9 179.692
9
1 0
2 0
3 90
4 0
5 240.8
6 234.462
7 0
8 87.4286
9 182.154
9
1 0
2 0
3 0
4 0
5 240
6 236.923
7 0
8 85.1429
9 182.667
9
1 0
2 0
3 0
4 0
5 239.5
6 234.909
7 0
8 84
9 184
9
1 0
2 0
3 0
4 0
5 240
6 235
7 0
8 84
9 185.091
9
1 0
2 0
3 0
4 0
5 238.5
6 235.385
7 0
8 85.3333
9 184
9
1 0
2 0
3 0
4 0
5 239.556
6 233.846
7 0
8 86.6667
9 188.8
9
1 0
2 0
3 85.5
4 0
5 0
6 238.182
7 0
8 86.8571
9 188
9
1 0
2 0
3 0
4 0
5 237
6 236
7 0
8 91.4286
9 188.727
9
1 0
2 0
3 0
4 0
5 239.5
6 235.692
7 0
8 0
9 189.2
9
1 0
2 0
3 84.5714
4 0
5 238.4
6 236.923
7 0
8 0
9 191.2
9
1 0
2 0
3 84.4444
4 0
5 237.714
6 237.818
7 0
8 88
9 191.273
9
1 0
2 0
3 0
4 0
5 238
6 239.385
7 0
8 89.5
9 192.364
9
1 0
2 0
3 83
4 0
5 237.6
6 236
7 0
8 89.7778
9 193.818
9
1 0
2 0
3 0
4 0
5 236
6 235.333
7 0
8 0
9 194.182
9
1 0
2 0
3 82.8571
4 0
5 0
6 236.727
7 0
8 91.2727
9 194.4
9
1 0
2 0
3 0
4 0
5 234.222
6 238.154
7 0
8 93.5
9 195.6
9
1 0
2 0
3 0
4 0
5 237.5
6 236.923
7 0
8 91.2
9 193.818
9
1 0
2 0
3 0
4 0
5 236.444
6 237.455
7 0
8 0
9 195
9
1 0
2 0
3 0
4 0
5 235.5
6 238.667
7 0
8 93.6
9 195.667
9
1 0
2 0
3 0
4 0
5 238.286
6 236
7 0
8 92.4444
9 196.667
9
1 0
2 0
3 0
4 0
5 236.444
6 236.308
7 0
8 0
9 200
9
1 0
2 0
3 0
4 0
5 233.143
6 238.182
7 0
8 94
9 202.462
9
1 0
2 0
3 0
4 0
5 232.444
6 237.231
7 0
8 95.6364
9 202.8
9
1 0
2 0
3 0
4 0
5 232.444
6 237.538
7 0
8 94.4
9 204.727
9
1 0
2 0
3 0
4 0
5 233.333
6 237.231
7 0
8 0
9 204
9
1 0
2 0
3 0
4 0
5 0
6 238.545
7 0
8 95.5
9 205.667
9
1 0
2 0
3 0
4 0
5 231.429
6 236.615
7 0
8 94.4
9 205.667
9
1 0
2 0
3 0
4 0
5 231.111
6 236.615
7 0
8 100
9 210.4
9
1 0
2 0
3 0
4 0
5 230
6 236
7 0
8 100
9 212
9
1 0
2 0
3 0
4 0
5 0
6 235.273
7 0
8 100
9 214
9
1 0
2 0
3 0
4 0
5 228
6 233.846
7 0
8 100
9 214
9
1 0
2 0
3 0
4 0
5 229.714
6 236.923
7 0
8 99.1111
9 216.364
9
1 0
2 0
3 0
4 0
5 229.333
6 235.636
7 0
8 102.4
9 216.727
9
1 0
2 0
3 0
4 0
5 226.5
6 233.667
7 0
8 98.5
9 216.923
9
1 0
2 0
3 0
4 0
5 226.667
6 234.462
7 0
8 102
9 219.333
9
1 0
2 0
3 0
4 0
5 0
6 233.333
7 0
8 104.364
9 219.385
9
1 0
2 0
3 0
4 0
5 0
6 231.077
7 0
8 105.2
9 221.333
9
1 0
2 0
3 0
4 0
5 228
6 233.231
7 0
8 105.2
9 220.727
9
1 0
2 0
3 0
4 0
5 225.778
6 233.455
7 0
8 0
9 223.692
9
1 0
2 0
3 0
4 0
5 225.714
6 232.333
7 0
8 107
9 225.231
9
1 0
2 0
3 0
4 0
5 223.5
6 232
7 0
8 110
9 225
9
1 0
2 0
3 0
4 0
5 224.889
6 231.077
7 0
8 106.222
9 226.8
9
1 0
2 0
3 0
4 0
5 224.889
6 233.818
7 0
8 107.111
9 228.615
9
1 0
2 0
3 0
4 0
5 222.286
6 228.923
7 0
8 110.8
9 228.923
9
1 0
2 0
3 0
4 0
5 225.333
6 233.538
7 0
8 109.818
9 229
9
1 0
2 0
3 0
4 0
5 221.2
6 229.231
7 0
8 0
9 231.636
9
1 0
2 0
3 0
4 0
5 224
6 228.727
7 0
8 113.818
9 233.846
9
1 0
2 0
3 0
4 0
5 221
6 228.308
7 0
8 112.889
9 233.667
9
1 0
2 0
3 0
4 0
5 222
6 230.154
7 0
8 112
9 234.545
9
1 0
2 0
3 0
4 0
5 221.5
6 227
7 0
8 112.571
9 237.2
9
1 0
2 0
3 0
4 0
5 221.5
6 227.273
7 0
8 112.8
9 237
9
1 0
2 0
3 0
4 0
5 218.5
6 228
7 0
8 111.6
9 241
9
1 0
2 0
3 0
4 0
5 217.5
6 226.462
7 0
8 114.4
9 241.091
9
1 0
2 0
3 0
4 0
5 218.545
6 227.273
7 0
8 116
9 241.846
9
1 0
2 0
3 0
4 0
5 217.714
6 224.727
7 0
8 115
9 242.667
9
1 0
2 0
3 0
4 0
5 218.286
6 225.846
7 0
8 117.455
9 243.385
9
1 0
2 0
3 0
4 0
5 216.444
6 224.615
7 0
8 115
9 241.6
9
1 0
2 0
3 0
4 0
5 216
6 222.909
7 0
8 116.889
9 243.667
9
1 0
2 0
3 0
4 0
5 214.857
6 224
7 0
8 116.333
9 245.231
9
1 0
2 0
3 0
4 0
5 212.889
6 223.692
7 0
8 119.111
9 245.667
9
1 0
2 0
3 0
4 0
5 212
6 221.846
7 0
8 116.889
9 246.909
9
1 0
2 0
3 0
4 0
5 213.714
6 224
7 0
8 119.556
9 247
9
1 0
2 0
3 0
4 0
5 212.444
6 223.692
7 0
8 114
9 249.231
9
1 0
2 0
3 0
4 0
5 209.5
6 222.769
7 0
8 120
9 248.364
9
1 0
2 0
3 0
4 0
5 212
6 219.667
7 0
8 122.286
9 251.667
9
1 0
2 0
3 0
4 0
5 210.5
6 222.182
7 0
8 119
9 249.538
9
1 0
2 0
3 0
4 0
5 209.143
6 219.692
7 0
8 120.4
9 251.077
9
1 0
2 0
3 0
4 0
5 209.5
6 220.308
7 0
8 121.778
9 253.091
9
1 0
2 0
3 0
4 0
5 0
6 219.636
7 0
8 0
9 252.615
9
1 0
2 0
3 0
4 0
5 209.143
6 218.545
7 0
8 123.2
9 256.615
9
1 0
2 0
3 0
4 0
5 209
6 219.385
7 0
8 124.444
9 257
9
1 0
2 0
3 0
4 0
5 206.857
6 219.077
7 0
8 0
9 254.182
9
1 0
2 0
3 0
4 0
5 206.857
6 217.455
7 0
8 123.556
9 259.077
9
1 0
2 0
3 0
4 0
5 0
6 217.667
7 0
8 0
9 259.385
9
1 0
2 0
3 0
4 0
5 203.429
6 218.154
7 0
8 123.5
9 257.538
9
1 0
2 0
3 0
4 0
5 206.667
6 219.692
7 0
8 122.667
9 258.667
9
1 0
2 0
3 0
4 0
5 0
6 215.385
7 0
8 126.286
9 260
9
1 0
2 0
3 0
4 0
5 0
6 216
7 0
8 126
9 261.333
9
1 0
2 0
3 0
4 0
5 0
6 213.846
7 0
8 123.2
9 264
9
1 0
2 0
3 0
4 0
5 203
6 215.385
7 0
8 123.429
9 263.273
9
1 0
2 0
3 0
4 0
5 199.5
6 214.667
7 0
8 124.444
9 265.667
9
1 0
2 0
3 0
4 0
5 0
6 213.091
7 0
8 126.545
9 266.769
9
1 0
2 0
3 0
4 0
5 200.571
6 212
7 0
8 130.4
9 267.692
9
1 0
2 0
3 0
4 0
5 196
6 211.692
7 0
8 127.556
9 268.4
9
1 0
2 0
3 0
4 0
5 198.5
6 210.545
7 0
8 129.2
9 268.667
9
1 0
2 0
3 0
4 0
5 197
6 209.667
7 0
8 128.4
9 269.231
9
1 0
2 0
3 0
4 0
5 196
6 211.385
7 0
8 127.273
9 270.769
9
1 0
2 0
3 0
4 0
5 196.8
6 209.538
7 0
8 128.5
9 272.364
9
1 0
2 0
3 0
4 0
5 196
6 211.273
7 0
8 130.222
9 272.923
9
1 0
2 0
3 0
4 0
5 0
6 212
7 0
8 130.4
9 274.154
9
1 0
2 0
3 0
4 0
5 197
6 208.308
7 0
8 132.727
9 273
9
1 0
2 0
3 0
4 0
5 196.889
6 210.154
7 0
8 133.778
9 273.091
9
1 0
2 0
3 0
4 0
5 193.143
6 210.545
7 0
8 130.667
9 276.333
9
1 0
2 0
3 0
4 0
5 192.571
6 207.077
7 0
8 129.818
9 275.077
9
1 0
2 0
3 0
4 0
5 193.714
6 208
7 0
8 131.111
9 275.273
9
1 0
2 0
3 0
4 0
5 194.5
6 207.273
7 0
8 133.5
9 274
9
1 0
2 0
3 0
4 0
5 193.714
6 207.273
7 0
8 133.818
9 275.692
9
1 0
2 0
3 0
4 0
5 197.714
6 206.462
7 0
8 133.333
9 276.923
9
1 0
2 0
3 0
4 0
5 191.5
6 204.308
7 0
8 133.714
9 278
9
1 0
2 0
3 0
4 0
5 189.143
6 203.636
7 0
8 137.143
9 277.231
9
1 0
2 0
3 0
4 0
5 0
6 203.667
7 0
8 133.6
9 280
9
1 0
2 0
3 0
4 0
5 192
6 203.385
7 0
8 135.6
9 281.538
9
1 0
2 0
3 0
4 0
5 190.667
6 204
7 0
8 137.2
9 279.273
9
1 0
2 0
3 0
4 0
5 190.5
6 202.545
7 0
8 137.333
9 279.385
9
1 0
2 0
3 0
4 0
5 0
6 204.308
7 0
8 136.444
9 279.077
9
1 0
2 0
3 0
4 0
5 193.5
6 204.923
7 0
8 136.308
9 279.667
9
1 0
2 0
3 0
4 0
5 191.111
6 204.308
7 0
8 136.889
9 278.545
9
1 0
2 0
3 0
4 0
5 0
6 202.182
7 0
8 136.4
9 279.692
9
1 0
2 0
3 0
4 0
5 194
6 201.231
7 0
8 135.111
9 280
9
1 0
2 0
3 0
4 0
5 192
6 205.846
7 0
8 135.273
9 279.273
9
1 0
2 0
3 0
4 0
5 191.556
6 204.667
7 0
8 136
9 278
9
1 0
2 0
3 0
4 0
5 193
6 202.545
7 0
8 135.6
9 264.286
9
1 0
2 0
3 0
4 0
5 192.5
6 202.769
7 0
8 137.6
9 278.769
9
1 0
2 0
3 0
4 0
5 191.5
6 203.692
7 0
8 136
9 276.364
9
1 0
2 0
3 0
4 0
5 192
6 202.545
7 0
8 135.556
9 278.769
9
1 0
2 0
3 0
4 0
5 0
6 203.667
7 0
8 135.111
9 279.077
9
1 0
2 0
3 0
4 0
5 192
6 203.077
7 0
8 137.091
9 279.077
9
1 0
2 0
3 0
4 0
5 193.143
6 202.769
7 0
8 136.5
9 279.273
9
1 0
2 0
3 0
4 0
5 192
6 203.273
7 0
8 135.556
9 278.462
9
1 0
2 0
3 0
4 0
5 0
6 204.308
7 0
8 137
9 280.308
9
1 0
2 0
3 0
4 0
5 0
6 203.077
7 0
8 137.6
9 278.667
9
1 0
2 0
3 0
4 0
5 190.857
6 204
7 0
8 136
9 277.818
9
1 0
2 0
3 0
4 0
5 0
6 201.818
7 0
8 136.444
9 279.692
9
1 0
2 0
3 0
4 0
5 193.333
6 202.154
7 0
8 137.538
9 278.154
9
1 0
2 0
3 0
4 0
5 192.5
6 202.769
7 0
8 135.111
9 281.091
9
1 0
2 0
3 0
4 0
5 0
6 204.308
7 0
8 137
9 277.455
9
1 0
2 0
3 0
4 0
5 192
6 204.364
7 0
8 138
9 279.077
9
1 0
2 0
3 0
4 0
5 190.286
6 202.769
7 0
8 139
9 278.769
9
1 0
2 0
3 0
4 0
5 191.556
6 204.923
7 0
8 137.778
9 277.091
9
1 0
2 0
3 0
4 0
5 188.571
6 203.273
7 0
8 136
9 278.182
9
1 0
2 0
3 0
4 0
5 190.286
6 202.909
7 0
8 136.8
9 277.846
9
1 0
2 0
3 0
4 0
5 190.667
6 202.769
7 0
8 0
9 278.769
9
1 0
2 0
3 0
4 0
5 192.889
6 202.154
7 0
8 137.5
9 280.727
9
1 0
2 0
3 0
4 0
5 192.889
6 205.818
7 0
8 135.5
9 279.385
9
1 0
2 0
3 0
4 0
5 192.5
6 202.333
7 0
8 137.5
9 278.769
9
1 0
2 0
3 0
4 0
5 192
6 202.909
7 0
8 137.091
9 279.385
9
1 0
2 0
3 0
4 0
5 190.857
6 201.846
7 0
8 138.4
9 280.308
9
1 0
2 0
3 0
4 0
5 0
6 201.846
7 0
8 137.333
9 280.4
9
1 0
2 0
3 0
4 0
5 190
6 203.692
7 0
8 135.5
9 278.182
9
1 0
2 0
3 0
4 0
5 193
6 201.818
7 0
8 139.556
9 279.692
9
1 0
2 0
3 0
4 0
5 190.5
6 203.692
7 0
8 137.2
9 280.615
