9
1 0
2 0
3 0
4 0
5 0
6 0
7 0
8 0
9 294.154
9
1 0
2 0
3 0
4 0
5 0
6 0
7 0
8 0
9 295.385
9
1 0
2 0
3 0
4 0
5 0
6 0
7 0
8 0
9 293.846
9
1 0
2 0
3 0
4 0
5 0
6 0
7 0
8 0
9 293.455
9
1 0
2 0
3 0
4 0
5 0
6 0
7 0
8 0
9 296
9
1 0
2 0
3 0
4 0
5 0
6 0
7 0
8 0
9 294.667
9
1 0
2 0
3 0
4 0
5 0
6 0
7 0
8 0
9 294.769
9
1 0
2 0
3 0
4 0
5 0
6 0
7 0
8 0
9 295.2
9
1 0
2 0
3 0
4 0
5 0
6 0
7 0
8 0
9 294.769
9
1 0
2 0
3 0
4 0
5 0
6 0
7 0
8 0
9 293.667
9
1 0
2 0
3 0
4 0
5 0
6 0
7 0
8 0
9 294.4
9
1 0
2 0
3 0
4 0
5 0
6 0
7 0
8 0
9 295.111
9
1 0
2 0
3 0
4 0
5 0
6 0
7 0
8 0
9 294.462
9
1 0
2 0
3 0
4 0
5 0
6 0
7 0
8 0
9 293.333
9
1 0
2 0
3 0
4 0
5 0
6 0
7 0
8 0
9 294.667
9
1 0
2 0
3 0
4 0
5 0
6 0
7 0
8 0
9 294.182
9
1 0
2 0
3 0
4 0
5 0
6 0
7 0
8 0
9 293
9
1 0
2 0
3 0
4 0
5 0
6 0
7 0
8 0
9 293.538
9
1 0
2 0
3 0
4 0
5 0
6 0
7 0
8 0
9 292.727
9
1 0
2 0
3 0
4 0
5 0
6 0
7 0
8 0
9 293.231
9
1 0
2 0
3 0
4 0
5 0
6 0
7 0
8 0
9 293.333
9
1 0
2 0
3 0
4 0
5 0
6 0
7 0
8 0
9 292.308
9
1 0
2 0
3 0
4 0
5 0
6 0
7 0
8 0
9 293.455
9
1 0
2 0
3 0
4 0
5 0
6 0
7 0
8 0
9 292.333
9
1 0
2 0
3 0
4 0
5 0
6 0
7 0
8 0
9 292
9
1 0
2 0
3 0
4 0
5 0
6 0
7 0
8 0
9 291.6
9
1 0
2 0
3 0
4 0
5 0
6 0
7 0
8 0
9 292
9
1 0
2 0
3 0
4 0
5 0
6 0
7 0
8 0
9 291.273
9
1 0
2 0
3 0
4 0
5 0
6 0
7 0
8 0
9 293.091
9
1 0
2 0
3 0
4 0
5 0
6 0
7 0
8 0
9 291.2
9
1 0
2 0
3 0
4 0
5 0
6 0
7 0
8 0
9 290.222
9
1 0
2 0
3 0
4 0
5 0
6 0
7 0
8 0
9 288
9
1 0
2 0
3 0
4 0
5 0
6 0
7 0
8 0
9 286.545
9
1 0
2 0
3 0
4 0
5 0
6 0
7 0
8 0
9 287.273
9
1 0
2 0
3 0
4 0
5 0
6 0
7 0
8 0
9 288
9
1 0
2 0
3 0
4 0
5 0
6 0
7 0
8 0
9 287.077
9
1 0
2 0
3 0
4 0
5 0
6 0
7 0
8 0
9 285.333
9
1 0
2 0
3 0
4 0
5 0
6 0
7 0
8 0
9 285.818
9
1 0
2 0
3 0
4 0
5 0
6 0
7 0
8 0
9 285.538
9
1 0
2 0
3 0
4 0
5 0
6 0
7 0
8 0
9 283.273
9
1 0
2 0
3 0
4 0
5 0
6 0
7 0
8 0
9 282.333
9
1 0
2 0
3 0
4 0
5 0
6 0
7 0
8 0
9 281.6
9
1 0
2 0
3 0
4 0
5 0
6 0
7 0
8 0
9 279.692
9
1 0
2 0
3 0
4 0
5 0
6 0
7 0
8 0
9 279.333
9
1 0
2 0
3 0
4 0
5 0
6 0
7 0
8 0
9 278.909
9
1 0
2 0
3 0
4 0
5 0
6 0
7 0
8 0
9 277.455
9
1 0
2 0
3 0
4 0
5 0
6 0
7 0
8 0
9 276.923
9
1 0
2 0
3 0
4 0
5 0
6 0
7 0
8 0
9 274.154
9
1 0
2 0
3 0
4 0
5 0
6 0
7 0
8 0
9 274.8
9
1 0
2 0
3 0
4 0
5 0
6 0
7 0
8 0
9 272.4
9
1 0
2 0
3 0
4 0
5 0
6 0
7 0
8 0
9 272.727
9
1 0
2 0
3 0
4 0
5 0
6 0
7 0
8 0
9 270.462
9
1 0
2 0
3 0
4 0
5 0
6 0
7 0
8 0
9 268
9
1 0
2 0
3 0
4 0
5 0
6 0
7 0
8 0
9 268.727
9
1 0
2 0
3 0
4 0
5 0
6 0
7 0
8 0
9 268.923
9
1 0
2 0
3 0
4 0
5 0
6 0
7 0
8 0
9 264.308
9
1 0
2 0
3 0
4 0
5 0
6 0
7 0
8 0
9 266.909
9
1 0
2 0
3 0
4 0
5 0
6 0
7 0
8 0
9 264.727
9
1 0
2 0
3 0
4 0
5 0
6 0
7 0
8 0
9 263
9
1 0
2 0
3 0
4 0
5 0
6 0
7 0
8 0
9 262
9
1 0
2 0
3 0
4 0
5 0
6 0
7 0
8 0
9 262.8
9
1 0
2 0
3 0
4 0
5 0
6 166.286
7 0
8 0
9 263.385
9
1 0
2 0
3 0
4 0
5 0
6 0
7 0
8 0
9 263.692
9
1 0
2 0
3 0
4 0
5 0
6 0
7 0
8 0
9 263.273
9
1 0
2 0
3 0
4 0
5 0
6 0
7 0
8 0
9 263.2
9
1 0
2 0
3 0
4 0
5 0
6 0
7 0
8 0
9 261.818
9
1 0
2 0
3 0
4 0
5 0
6 0
7 0
8 0
9 259.385
9
1 0
2 0
3 0
4 0
5 0
6 0
7 0
8 0
9 258.4
9
1 0
2 0
3 0
4 0
5 0
6 0
7 0
8 0
9 255.273
9
1 0
2 0
3 0
4 0
5 0
6 0
7 0
8 0
9 257.846
9
1 0
2 0
3 0
4 0
5 0
6 0
7 0
8 0
9 257
9
1 0
2 0
3 0
4 0
5 0
6 164.571
7 0
8 0
9 254.4
9
1 0
2 0
3 0
4 0
5 0
6 0
7 0
8 0
9 254.462
9
1 0
2 0
3 0
4 0
5 0
6 167.429
7 0
8 0
9 254.545
9
1 0
2 0
3 0
4 0
5 0
6 0
7 0
8 0
9 253.455
9
1 0
2 0
3 0
4 0
5 0
6 168
7 0
8 0
9 252.727
9
1 0
2 0
3 0
4 0
5 0
6 0
7 0
8 0
9 247.636
9
1 0
2 0
3 0
4 0
5 0
6 170.222
7 0
8 0
9 247.385
9
1 0
2 0
3 0
4 0
5 0
6 0
7 0
8 0
9 246.182
9
1 0
2 0
3 0
4 0
5 0
6 0
7 0
8 0
9 243.667
9
1 0
2 0
3 0
4 0
5 0
6 0
7 0
8 0
9 242.333
9
1 0
2 0
3 0
4 0
5 0
6 175.429
7 0
8 0
9 237.667
9
1 0
2 0
3 0
4 0
5 0
6 175
7 0
8 0
9 232.444
9
1 0
2 0
3 0
4 0
5 0
6 173.143
7 0
8 0
9 227.556
9
1 0
2 0
3 0
4 0
5 0
6 181
7 0
8 0
9 226.333
9
1 0
2 0
3 0
4 0
5 0
6 179.429
7 0
8 0
9 226.667
9
1 0
2 0
3 0
4 0
5 0
6 177.778
7 0
8 0
9 226.8
9
1 0
2 0
3 0
4 0
5 0
6 180
7 0
8 0
9 227.385
9
1 0
2 0
3 0
4 0
5 0
6 179.111
7 0
8 0
9 225.333
9
1 0
2 0
3 0
4 0
5 0
6 0
7 0
8 0
9 222.462
9
1 0
2 0
3 0
4 0
5 0
6 180.889
7 0
8 0
9 220.727
9
1 0
2 0
3 0
4 0
5 0
6 179
7 0
8 0
9 221.455
9
1 0
2 0
3 0
4 0
5 0
6 180.5
7 0
8 0
9 222.769
9
1 0
2 0
3 0
4 0
5 0
6 181.6
7 0
8 0
9 219.385
9
1 0
2 0
3 0
4 0
5 0
6 184.727
7 0
8 0
9 213.6
9
1 0
2 0
3 0
4 0
5 0
6 181.333
7 0
8 0
9 210
9
1 0
2 0
3 0
4 0
5 0
6 183.636
7 0
8 0
9 209.091
9
1 0
2 0
3 0
4 0
5 156
6 182.667
7 0
8 0
9 201
9
1 0
2 0
3 0
4 0
5 0
6 188
7 0
8 0
9 196.727
9
1 0
2 0
3 0
4 0
5 0
6 0
7 0
8 0
9 189
9
1 0
2 0
3 0
4 0
5 162.222
6 185.333
7 0
8 0
9 188.364
9
1 0
2 0
3 0
4 0
5 168
6 186.545
7 0
8 0
9 183.6
9
1 0
2 0
3 0
4 0
5 168.727
6 188
7 0
8 0
9 181
9
1 0
2 0
3 0
4 0
5 172.4
6 186.667
7 0
8 0
9 180.727
9
1 0
2 0
3 0
4 0
5 170.909
6 186.8
7 0
8 0
9 184.727
9
1 0
2 0
3 0
4 0
5 172.333
6 189.818
7 0
8 0
9 179.6
9
1 0
2 0
3 0
4 0
5 171
6 188
7 0
8 0
9 177.091
9
1 0
2 0
3 0
4 0
5 172.444
6 190
7 0
8 0
9 179.2
9
1 0
2 0
3 0
4 0
5 174.8
6 188
7 0
8 0
9 179.636
9
1 0
2 0
3 0
4 0
5 179.273
6 188
7 0
8 0
9 171.5
9
1 0
2 0
3 0
4 0
5 181.6
6 193.714
7 0
8 0
9 0
9
1 0
2 0
3 0
4 0
5 183.111
6 187.2
7 0
8 0
9 0
9
1 0
2 0
3 0
4 0
5 184.364
6 187.556
7 0
8 0
9 0
9
1 0
2 0
3 0
4 0
5 185.2
6 189.5
7 0
8 0
9 0
9
1 0
2 0
3 0
4 0
5 187.111
6 0
7 0
8 0
9 0
9
1 0
2 0
3 0
4 0
5 192
6 0
7 0
8 0
9 0
9
1 0
2 0
3 0
4 0
5 192.364
6 190.286
7 0
8 0
9 0
9
1 0
2 0
3 0
4 0
5 195.385
6 186.286
7 0
8 0
9 0
9
1 0
2 0
3 0
4 0
5 198.5
6 0
7 0
8 0
9 0
9
1 0
2 0
3 0
4 0
5 199.333
6 191.6
7 0
8 0
9 0
9
1 0
2 0
3 0
4 0
5 199.667
6 0
7 0
8 0
9 0
9
1 0
2 0
3 0
4 0
5 198.545
6 0
7 0
8 0
9 0
9
1 0
2 0
3 0
4 0
5 201.2
6 0
7 0
8 0
9 0
9
1 0
2 0
3 0
4 0
5 203.273
6 0
7 0
8 0
9 0
9
1 0
2 0
3 0
4 0
5 203.077
6 0
7 0
8 0
9 0
9
1 0
2 0
3 0
4 0
5 208
6 0
7 0
8 0
9 0
9
1 0
2 0
3 0
4 0
5 211.273
6 0
7 0
8 0
9 0
9
1 0
2 0
3 0
4 0
5 210.462
6 195.6
7 0
8 0
9 0
9
1 0
2 0
3 0
4 0
5 215.333
6 0
7 0
8 0
9 0
9
1 0
2 0
3 0
4 0
5 218
6 188
7 0
8 0
9 0
9
1 0
2 0
3 0
4 0
5 218.909
6 190
7 0
8 0
9 0
9
1 0
2 0
3 0
4 0
5 221.333
6 186.667
7 0
8 0
9 0
9
1 0
2 0
3 0
4 0
5 224
6 185.714
7 0
8 0
9 0
9
1 0
2 0
3 0
4 0
5 222.909
6 0
7 0
8 0
9 0
9
1 0
2 0
3 0
4 0
5 226.333
6 0
7 0
8 0
9 0
9
1 0
2 0
3 0
4 0
5 227.385
6 0
7 0
8 0
9 0
9
1 0
2 0
3 0
4 0
5 226.667
6 0
7 0
8 0
9 0
9
1 0
2 0
3 0
4 0
5 229.455
6 0
7 0
8 0
9 0
9
1 0
2 0
3 0
4 0
5 236
6 0
7 0
8 0
9 0
9
1 0
2 0
3 0
4 0
5 236.333
6 0
7 0
8 0
9 0
9
1 0
2 0
3 0
4 0
5 237.818
6 0
7 0
8 0
9 0
9
1 0
2 0
3 0
4 0
5 238.909
6 0
7 0
8 0
9 0
9
1 0
2 0
3 0
4 0
5 237
6 0
7 0
8 0
9 0
9
1 0
2 0
3 0
4 0
5 240.308
6 0
7 0
8 0
9 0
9
1 0
2 0
3 0
4 0
5 240
6 0
7 0
8 0
9 0
9
1 0
2 0
3 0
4 0
5 241.333
6 0
7 0
8 0
9 0
9
1 0
2 0
3 0
4 0
5 244
6 0
7 0
8 0
9 0
9
1 0
2 0
3 0
4 0
5 244
6 0
7 0
8 0
9 0
9
1 0
2 0
3 0
4 0
5 245.6
6 0
7 0
8 0
9 0
9
1 0
2 0
3 0
4 0
5 246.333
6 0
7 0
8 0
9 0
9
1 0
2 0
3 0
4 0
5 248
6 0
7 0
8 0
9 0
9
1 0
2 0
3 0
4 0
5 247.692
6 0
7 0
8 0
9 0
9
1 0
2 0
3 0
4 0
5 249.455
6 0
7 0
8 0
9 0
9
1 0
2 0
3 0
4 0
5 250
6 0
7 0
8 0
9 0
9
1 0
2 0
3 0
4 0
5 252.333
6 0
7 0
8 0
9 0
9
1 0
2 0
3 0
4 0
5 251.273
6 0
7 0
8 0
9 0
9
1 0
2 0
3 0
4 0
5 254
6 0
7 0
8 0
9 0
9
1 0
2 0
3 0
4 0
5 252.667
6 0
7 0
8 0
9 0
9
1 0
2 0
3 0
4 0
5 252.333
6 0
7 0
8 0
9 0
9
1 0
2 0
3 0
4 0
5 253.091
6 0
7 0
8 0
9 0
9
1 0
2 0
3 0
4 0
5 254.667
6 0
7 0
8 0
9 0
9
1 0
2 0
3 0
4 0
5 252.667
6 0
7 0
8 0
9 0
9
1 0
2 0
3 0
4 0
5 252
6 0
7 0
8 0
9 0
9
1 0
2 0
3 0
4 0
5 253.091
6 0
7 0
8 0
9 0
9
1 0
2 0
3 0
4 0
5 252
6 0
7 0
8 0
9 0
9
1 0
2 0
3 0
4 0
5 253
6 0
7 0
8 0
9 0
9
1 0
2 0
3 0
4 0
5 253.231
6 0
7 0
8 0
9 0
9
1 0
2 0
3 0
4 0
5 250.909
6 0
7 0
8 0
9 0
9
1 0
2 0
3 0
4 0
5 252.727
6 0
7 0
8 0
9 0
9
1 0
2 0
3 0
4 0
5 253.333
6 0
7 0
8 0
9 0
9
1 0
2 0
3 0
4 0
5 253
6 0
7 0
8 0
9 0
9
1 0
2 0
3 0
4 0
5 253.091
6 0
7 0
8 0
9 0
9
1 0
2 0
3 0
4 0
5 252.364
6 0
7 0
8 0
9 0
9
1 0
2 0
3 0
4 0
5 252.923
6 0
7 0
8 0
9 0
9
1 0
2 0
3 0
4 0
5 253.818
6 0
7 0
8 0
9 0
9
1 0
2 0
3 0
4 0
5 252.727
6 0
7 0
8 0
9 0
9
1 0
2 0
3 0
4 0
5 252.308
6 0
7 0
8 0
9 0
9
1 0
2 0
3 0
4 0
5 252
6 0
7 0
8 0
9 0
9
1 0
2 0
3 0
4 0
5 251.636
6 0
7 0
8 0
9 0
9
1 0
2 0
3 0
4 0
5 251.667
6 0
7 0
8 0
9 0
9
1 0
2 0
3 0
4 0
5 252
6 0
7 0
8 0
9 0
9
1 0
2 0
3 0
4 0
5 253.6
6 0
7 0
8 0
9 0
9
1 0
2 0
3 0
4 0
5 255.2
6 0
7 0
8 0
9 0
9
1 0
2 0
3 0
4 0
5 254.222
6 0
7 0
8 0
9 0
9
1 0
2 0
3 0
4 0
5 256
6 0
7 0
8 0
9 0
9
1 0
2 0
3 0
4 0
5 256.727
6 0
7 0
8 0
9 0
9
1 0
2 0
3 0
4 0
5 257.2
6 0
7 0
8 0
9 0
9
1 0
2 0
3 0
4 0
5 258.667
6 0
7 0
8 0
9 0
9
1 0
2 0
3 0
4 0
5 257.6
6 0
7 0
8 0
9 0
9
1 0
2 0
3 0
4 0
5 256.5
6 0
7 0
8 0
9 0
9
1 0
2 0
3 0
4 0
5 0
6 0
7 0
8 0
9 0
9
1 0
2 0
3 0
4 0
5 259.667
6 0
7 0
8 0
9 0
9
1 0
2 0
3 0
4 0
5 261.667
6 0
7 0
8 0
9 0
9
1 0
2 0
3 0
4 0
5 0
6 0
7 0
8 0
9 0
9
1 0
2 0
3 0
4 0
5 0
6 0
7 0
8 0
9 0
9
1 0
2 0
3 0
4 0
5 262.222
6 0
7 0
8 0
9 0
9
1 0
2 0
3 0
4 0
5 261.667
6 0
7 0
8 0
9 0
9
1 0
2 0
3 0
4 0
5 260
6 0
7 0
8 0
9 0
9
1 0
2 0
3 0
4 0
5 261
6 0
7 0
8 0
9 0
9
1 0
2 0
3 0
4 0
5 261.231
6 0
7 0
8 0
9 0
9
1 0
2 0
3 0
4 0
5 261.231
6 0
7 0
8 0
9 0
9
1 0
2 0
3 0
4 0
5 260
6 0
7 0
8 0
9 0
9
1 0
2 0
3 0
4 0
5 262
6 0
7 0
8 0
9 0
9
1 0
2 0
3 0
4 0
5 261.846
6 0
7 0
8 0
9 0
9
1 0
2 0
3 0
4 0
5 260.364
6 0
7 0
8 0
9 0
9
1 0
2 0
3 0
4 0
5 263.2
6 0
7 0
8 0
9 0
9
1 0
2 0
3 0
4 0
5 260.667
6 0
7 0
8 0
9 0
9
1 0
2 0
3 0
4 0
5 261.231
6 0
7 0
8 0
9 0
9
1 0
2 0
3 0
4 0
5 260.727
6 0
7 0
8 0
9 0
9
1 0
2 0
3 0
4 0
5 258.333
6 0
7 0
8 0
9 0
9
1 0
2 0
3 0
4 0
5 256.333
6 0
7 0
8 0
9 0
9
1 0
2 0
3 0
4 0
5 251.333
6 0
7 0
8 0
9 0
9
1 0
2 0
3 0
4 0
5 250.545
6 0
7 0
8 0
9 0
9
1 0
2 0
3 0
4 0
5 252.333
6 0
7 0
8 0
9 0
9
1 0
2 0
3 0
4 0
5 250
6 0
7 0
8 0
9 0
9
1 0
2 0
3 0
4 0
5 245.455
6 0
7 0
8 0
9 0
9
1 0
2 0
3 0
4 0
5 243.6
6 0
7 0
8 0
9 0
9
1 0
2 0
3 0
4 0
5 242
6 0
7 0
8 0
9 0
9
1 0
2 0
3 0
4 0
5 239.692
6 0
7 0
8 0
9 0
9
1 0
2 0
3 0
4 0
5 238.545
6 0
7 0
8 0
9 0
9
1 0
2 0
3 0
4 0
5 234.182
6 0
7 0
8 0
9 0
9
1 0
2 0
3 0
4 0
5 229.333
6 0
7 0
8 0
9 0
9
1 0
2 0
3 0
4 0
5 221.846
6 0
7 0
8 0
9 0
9
1 0
2 0
3 0
4 0
5 217.818
6 0
7 0
8 0
9 0
9
1 0
2 0
3 0
4 0
5 213
6 0
7 0
8 0
9 0
9
1 0
2 0
3 0
4 0
5 208.727
6 0
7 0
8 0
9 0
9
1 0
2 0
3 0
4 0
5 205.2
6 0
7 0
8 0
9 0
9
1 0
2 0
3 0
4 0
5 198.545
6 0
7 0
8 0
9 0
9
1 0
2 0
3 0
4 0
5 197.455
6 0
7 0
8 0
9 0
9
1 0
2 0
3 0
4 0
5 193.667
6 0
7 0
8 0
9 0
9
1 0
2 0
3 0
4 0
5 187.692
6 0
7 0
8 0
9 0
9
1 0
2 0
3 0
4 0
5 184.4
6 0
7 0
8 0
9 0
9
1 0
2 0
3 0
4 0
5 181.538
6 0
7 0
8 0
9 0
9
1 0
2 0
3 0
4 0
5 179
6 0
7 0
8 0
9 0
9
1 0
2 0
3 0
4 0
5 174.857
6 0
7 0
8 0
9 0
9
1 0
2 0
3 0
4 0
5 171
6 0
7 0
8 0
9 0
9
1 0
2 0
3 0
4 0
5 166.5
6 0
7 0
8 0
9 0
9
1 0
2 0
3 0
4 0
5 0
6 0
7 0
8 0
9 0
9
1 0
2 0
3 0
4 0
5 0
6 0
7 0
8 0
9 0
9
1 0
2 0
3 0
4 0
5 0
6 0
7 0
8 0
9 0
9
1 0
2 0
3 0
4 0
5 0
6 0
7 0
8 0
9 0
9
1 0
2 0
3 0
4 0
5 0
6 0
7 0
8 0
9 0
9
1 0
2 0
3 0
4 0
5 0
6 0
7 0
8 0
9 0
9
1 0
2 0
3 0
4 0
5 0
6 0
7 0
8 0
9 0
9
1 0
2 0
3 0
4 0
5 0
6 0
7 0
8 0
9 0
9
1 0
2 0
3 0
4 0
5 0
6 0
7 0
8 0
9 0
9
1 0
2 0
3 0
4 0
5 0
6 0
7 0
8 0
9 0
9
1 0
2 0
3 0
4 0
5 0
6 0
7 0
8 0
9 0
9
1 0
2 0
3 0
4 0
5 0
6 0
7 0
8 0
9 0
9
1 0
2 0
3 0
4 0
5 0
6 0
7 0
8 0
9 0
9
1 0
2 0
3 0
4 0
5 0
6 0
7 0
8 0
9 0
9
1 0
2 0
3 0
4 0
5 0
6 0
7 0
8 0
9 0
9
1 0
2 0
3 0
4 0
5 0
6 0
7 0
8 0
9 0
9
1 0
2 173
3 0
4 0
5 0
6 0
7 0
8 0
9 0
9
1 0
2 0
3 0
4 0
5 0
6 0
7 0
8 0
9 0
9
1 0
2 0
3 0
4 0
5 0
6 0
7 0
8 0
9 0
9
1 151.429
2 174
3 0
4 0
5 0
6 0
7 0
8 0
9 0
9
1 153.714
2 0
3 0
4 0
5 0
6 0
7 0
8 0
9 0
9
1 156
2 173
3 0
4 0
5 0
6 0
7 0
8 0
9 0
9
1 157.143
2 0
3 0
4 0
5 0
6 0
7 0
8 0
9 0
9
1 161.455
2 0
3 0
4 0
5 0
6 0
7 0
8 0
9 0
9
1 164
2 176
3 0
4 0
5 0
6 0
7 0
8 0
9 0
9
1 166.182
2 175.429
3 0
4 0
5 0
6 0
7 0
8 0
9 0
9
1 169
2 174
3 0
4 0
5 0
6 0
7 0
8 0
9 0
9
1 169.667
2 176.5
3 0
4 0
5 0
6 0
7 0
8 0
9 0
9
1 173.231
2 0
3 0
4 0
5 0
6 0
7 0
8 0
9 0
9
1 177.6
2 0
3 0
4 0
5 0
6 0
7 0
8 0
9 0
9
1 180
2 177
3 0
4 0
5 0
6 0
7 0
8 0
9 0
9
1 181.6
2 178
3 0
4 0
5 0
6 0
7 0
8 0
9 0
9
1 184
2 0
3 0
4 0
5 0
6 0
7 0
8 0
9 0
9
1 186.182
2 174.857
3 0
4 0
5 0
6 0
7 0
8 0
9 0
9
1 188.923
2 176.444
3 0
4 0
5 0
6 0
7 0
8 0
9 0
9
1 193.667
2 180
3 0
4 0
5 0
6 0
7 0
8 0
9 0
9
1 194.4
2 0
3 0
4 0
5 0
6 0
7 0
8 0
9 0
9
1 194
2 0
3 0
4 0
5 0
6 0
7 0
8 0
9 0
9
1 198.667
2 0
3 0
4 0
5 0
6 0
7 0
8 0
9 0
9
1 199.667
2 177.143
3 0
4 0
5 0
6 0
7 0
8 0
9 0
9
1 200.667
2 0
3 0
4 0
5 0
6 0
7 0
8 0
9 0
9
1 204.4
2 0
3 0
4 0
5 0
6 0
7 0
8 0
9 0
9
1 206.545
2 0
3 0
4 0
5 0
6 0
7 0
8 0
9 0
9
1 211.385
2 0
3 0
4 0
5 0
6 0
7 0
8 0
9 0
9
1 213.818
2 0
3 0
4 0
5 0
6 0
7 0
8 0
9 0
9
1 214
2 0
3 0
4 0
5 0
6 0
7 0
8 0
9 0
9
1 216.727
2 0
3 0
4 0
5 0
6 0
7 0
8 0
9 0
9
1 217.846
2 0
3 0
4 0
5 0
6 0
7 0
8 0
9 0
9
1 218.4
2 0
3 0
4 0
5 0
6 0
7 0
8 0
9 0
9
1 220.333
2 0
3 0
4 0
5 0
6 0
7 0
8 0
9 0
9
1 226.154
2 0
3 0
4 0
5 0
6 0
7 0
8 0
9 0
9
1 0
2 0
3 0
4 0
5 0
6 0
7 0
8 0
9 0
9
1 230.667
2 0
3 0
4 0
5 0
6 0
7 0
8 0
9 0
9
1 0
2 0
3 0
4 0
5 0
6 0
7 0
8 0
9 0
9
1 0
2 0
3 0
4 0
5 0
6 0
7 0
8 0
9 0
9
1 0
2 0
3 0
4 0
5 0
6 0
7 0
8 0
9 0
9
1 0
2 0
3 0
4 0
5 0
6 0
7 0
8 0
9 0
9
1 221.714
2 0
3 0
4 0
5 0
6 0
7 0
8 0
9 0
9
1 0
2 0
3 0
4 0
5 0
6 0
7 0
8 0
9 0
9
1 231.6
2 0
3 0
4 0
5 0
6 0
7 0
8 0
9 0
9
1 229.6
2 0
3 0
4 0
5 0
6 0
7 0
8 0
9 0
9
1 239
2 0
3 0
4 0
5 0
6 0
7 0
8 0
9 0
9
1 234.909
2 0
3 0
4 0
5 0
6 0
7 0
8 0
9 0
9
1 238.545
2 0
3 0
4 0
5 0
6 0
7 0
8 0
9 0
9
1 236.667
2 0
3 0
4 0
5 0
6 0
7 0
8 0
9 0
9
1 0
2 0
3 0
4 0
5 0
6 0
7 0
8 0
9 0
9
1 239.2
2 0
3 0
4 0
5 0
6 0
7 0
8 0
9 0
9
1 240.5
2 0
3 0
4 0
5 0
6 0
7 0
8 0
9 0
9
1 240.667
2 0
3 0
4 0
5 0
6 0
7 0
8 0
9 0
9
1 242.154
2 0
3 0
4 0
5 0
6 0
7 0
8 0
9 0
9
1 0
2 0
3 0
4 0
5 0
6 0
7 0
8 0
9 0
9
1 0
2 0
3 0
4 0
5 0
6 0
7 0
8 0
9 0
9
1 0
2 0
3 0
4 0
5 0
6 0
7 0
8 0
9 0
9
1 234.667
2 0
3 0
4 0
5 0
6 0
7 0
8 0
9 0
