9
1 0
2 0
3 0
4 0
5 0
6 170.182
7 0
8 103
9 274.769
9
1 0
2 0
3 0
4 0
5 0
6 171.667
7 0
8 104.571
9 277.846
9
1 0
2 0
3 0
4 0
5 0
6 169.846
7 0
8 103.5
9 276.923
9
1 0
2 0
3 0
4 0
5 0
6 168.615
7 0
8 102.286
9 275.273
9
1 0
2 0
3 0
4 0
5 0
6 169.091
7 0
8 105.143
9 277.667
9
1 0
2 0
3 0
4 0
5 0
6 169.667
7 0
8 104.364
9 275.636
9
1 0
2 0
3 0
4 0
5 0
6 169.818
7 0
8 104.571
9 276.667
9
1 0
2 0
3 0
4 0
5 102.667
6 169.846
7 0
8 0
9 274.545
9
1 0
2 0
3 0
4 0
5 0
6 171.273
7 0
8 103.5
9 276.923
9
1 0
2 0
3 0
4 0
5 101
6 171.077
7 0
8 103.5
9 276
9
1 0
2 0
3 0
4 0
5 102.222
6 170.462
7 0
8 102.909
9 275.273
9
1 0
2 0
3 0
4 0
5 100
6 170.333
7 0
8 104
9 278.333
9
1 0
2 0
3 0
4 0
5 0
6 172.364
7 0
8 104.727
9 273.846
9
1 0
2 0
3 0
4 0
5 0
6 170.769
7 0
8 106.4
9 274.154
9
1 0
2 0
3 0
4 0
5 0
6 174.462
7 0
8 103.5
9 273.455
9
1 0
2 0
3 0
4 0
5 106.286
6 174.182
7 0
8 105.778
9 268.615
9
1 0
2 0
3 0
4 0
5 0
6 176
7 0
8 103.429
9 267.692
9
1 0
2 0
3 0
4 0
5 111
6 175.692
7 0
8 104
9 265.231
9
1 0
2 0
3 0
4 0
5 114
6 176.615
7 0
8 0
9 264
9
1 0
2 0
3 0
4 0
5 113.143
6 180.727
7 0
8 107
9 258.462
9
1 0
2 0
3 0
4 0
5 119.5
6 180
7 0
8 106.5
9 254.769
9
1 0
2 0
3 0
4 0
5 121
6 181.538
7 0
8 108
9 250.545
9
1 0
2 0
3 0
4 0
5 123
6 184
7 0
8 106
9 246.182
9
1 0
2 0
3 0
4 0
5 0
6 184.364
7 0
8 105.5
9 242.769
9
1 0
2 0
3 0
4 0
5 130.222
6 185.846
7 0
8 105.778
9 236.923
9
1 0
2 0
3 0
4 0
5 134
6 187.077
7 0
8 108.889
9 234.909
9
1 0
2 0
3 0
4 0
5 133.5
6 189.333
7 0
8 0
9 230
9
1 0
2 0
3 0
4 0
5 0
6 188.727
7 0
8 108.727
9 226.462
9
1 0
2 0
3 0
4 0
5 142
6 192.923
7 0
8 108.727
9 218.154
9
1 0
2 0
3 0
4 0
5 146.857
6 192
7 0
8 110.857
9 211.556
9
1 0
2 0
3 0
4 0
5 150.5
6 194.545
7 0
8 107
9 208.308
9
1 0
2 0
3 0
4 0
5 0
6 195.636
7 0
8 109.333
9 203.692
9
1 0
2 0
3 0
4 0
5 0
6 195.692
7 0
8 110.667
9 199.692
9
1 0
2 0
3 0
4 0
5 161
6 197.231
7 0
8 108
9 194.182
9
1 0
2 0
3 0
4 0
5 165.714
6 195.273
7 0
8 108
9 189.846
9
1 0
2 0
3 0
4 0
5 170.286
6 197.333
7 0
8 109.818
9 184.923
9
1 0
2 0
3 0
4 0
5 175
6 196.923
7 0
8 107.2
9 180.727
9
1 0
2 0
3 0
4 0
5 177.143
6 199.385
7 0
8 105.6
9 178.8
9
1 0
2 0
3 0
4 0
5 180
6 196.364
7 0
8 104.4
9 173.333
9
1 0
2 0
3 0
4 0
5 183.5
6 198.154
7 0
8 103.667
9 171.385
9
1 0
2 0
3 0
4 0
5 188.444
6 198.769
7 0
8 105.2
9 167.273
9
1 0
2 0
3 0
4 0
5 191.556
6 197.538
7 0
8 106
9 162.909
9
1 0
2 0
3 0
4 0
5 197.143
6 200.364
7 0
8 105.6
9 160
9
1 0
2 0
3 0
4 0
5 199.556
6 199.692
7 0
8 106.286
9 156.308
9
1 0
2 0
3 0
4 0
5 200.444
6 198.769
7 0
8 104.5
9 154
9
1 0
2 0
3 0
4 0
5 206
6 200.727
7 0
8 102.5
9 149.846
9
1 0
2 0
3 0
4 0
5 209.5
6 198.909
7 0
8 105.333
9 148.667
9
1 0
2 0
3 0
4 0
5 211
6 199.077
7 0
8 103.273
9 143.333
9
1 0
2 0
3 0
4 0
5 214.222
6 198.462
7 0
8 0
9 144.4
9
1 0
2 0
3 72.5714
4 0
5 218.286
6 198.182
7 0
8 0
9 137.333
9
1 0
2 0
3 0
4 0
5 224
6 195.692
7 0
8 99.2
9 133.231
9
1 0
2 0
3 0
4 0
5 228
6 194.462
7 0
8 97.1429
9 131.636
9
1 0
2 0
3 0
4 0
5 232
6 197.538
7 0
8 96
9 125.778
9
1 0
2 0
3 75
4 0
5 235.5
6 195.273
7 0
8 96.6667
9 125.333
9
1 0
2 0
3 0
4 0
5 238
6 193.846
7 0
8 97.3333
9 119.111
9
1 0
2 0
3 0
4 0
5 241.333
6 193.231
7 0
8 95
9 116
9
1 0
2 0
3 0
4 0
5 241.2
6 191.077
7 0
8 94.2222
9 112
9
1 0
2 0
3 78.2857
4 0
5 248
6 190.545
7 0
8 0
9 108.364
9
1 0
2 0
3 0
4 0
5 250
6 188.923
7 0
8 91.2727
9 105.333
9
1 0
2 0
3 0
4 0
5 249
6 188.308
7 0
8 88.8889
9 100.333
9
1 0
2 0
3 0
4 0
5 254.545
6 184.308
7 0
8 90.5
9 98.2222
9
1 0
2 0
3 0
4 0
5 252.727
6 182.545
7 0
8 87
9 96.8
9
1 0
2 0
3 0
4 0
5 256
6 184
7 0
8 85.5
9 92
9
1 0
2 0
3 87
4 0
5 256.889
6 180.923
7 0
8 84
9 88
9
1 0
2 0
3 88
4 0
5 258.182
6 180.308
7 0
8 87.1111
9 87.5556
9
1 0
2 0
3 0
4 0
5 261
6 175.273
7 0
8 82.2222
9 84
9
1 0
2 0
3 86.6667
4 0
5 264.571
6 177.846
7 0
8 84.4
9 80.4444
9
1 0
2 0
3 90
4 0
5 262
6 175.692
7 0
8 81.3333
9 80
9
1 0
2 0
3 90.8571
4 0
5 261.818
6 171.667
7 0
8 77.1429
9 78
9
1 0
2 0
3 93
4 0
5 265.143
6 170.545
7 0
8 78.8
9 78
9
1 0
2 0
3 0
4 0
5 261.5
6 169.231
7 0
8 76.8889
9 70.2222
9
1 0
2 0
3 93.2
4 0
5 265.091
6 169.231
7 0
8 75.1111
9 70.6667
9
1 0
2 0
3 95.2727
4 0
5 265.2
6 166.154
7 0
8 77.1429
9 70.2222
9
1 0
2 0
3 97.2
4 0
5 265.5
6 166.182
7 0
8 73.7778
9 69.3333
9
1 0
2 0
3 0
4 0
5 264
6 162.462
7 0
8 0
9 64.8
9
1 0
2 0
3 0
4 0
5 264.727
6 160
7 0
8 0
9 64
9
1 0
2 0
3 100
4 0
5 265.846
6 157.455
7 0
8 0
9 72
9
1 0
2 0
3 101.333
4 0
5 267.556
6 159.273
7 0
8 0
9 0
9
1 0
2 0
3 100.889
4 0
5 265.2
6 156.615
7 0
8 80.5714
9 0
9
1 0
2 0
3 102
4 0
5 265.091
6 154.462
7 0
8 0
9 59.4286
9
1 0
2 0
3 103.636
4 0
5 266.462
6 153.091
7 0
8 0
9 56.5
9
1 0
2 0
3 102
4 0
5 264
6 154
7 0
8 68.4444
9 0
9
1 0
2 0
3 105
4 0
5 264.667
6 149.846
7 0
8 0
9 0
9
1 0
2 71.1111
3 101.778
4 0
5 263.273
6 146.769
7 0
8 0
9 0
9
1 0
2 67.4286
3 104.444
4 0
5 263.556
6 144.727
7 0
8 0
9 0
9
1 0
2 0
3 105.2
4 0
5 262.5
6 145.538
7 0
8 62.8571
9 0
9
1 0
2 0
3 106.286
4 0
5 260
6 144.308
7 0
8 63.5
9 0
9
1 0
2 0
3 106.182
4 0
5 261.667
6 143.692
7 0
8 0
9 0
9
1 0
2 0
3 106.222
4 0
5 262.909
6 139.273
7 0
8 0
9 0
9
1 0
2 72
3 105.2
4 0
5 263
6 140.308
7 0
8 0
9 0
9
1 0
2 0
3 105.818
4 0
5 258
6 138.462
7 0
8 0
9 0
9
1 0
2 76.4444
3 105.333
4 0
5 259.333
6 137.538
7 0
8 0
9 0
9
1 0
2 77.7143
3 107.636
4 0
5 257.5
6 135.273
7 0
8 0
9 0
9
1 0
2 79
3 109.2
4 0
5 258.5
6 134.154
7 0
8 0
9 0
9
1 0
2 77.7143
3 107.667
4 0
5 256.889
6 132
7 0
8 0
9 0
9
1 0
2 80
3 109
4 0
5 254.909
6 131.667
7 0
8 0
9 0
9
1 0
2 83.1111
3 110.154
4 0
5 255.556
6 130.545
7 0
8 0
9 0
9
1 0
2 0
3 109.455
4 0
5 253.818
6 127.385
7 0
8 0
9 0
9
1 0
2 88
3 109
4 0
5 248.8
6 126.462
7 0
8 0
9 0
9
1 0
2 90.5
3 109.667
4 0
5 250
6 122.333
7 0
8 0
9 0
9
1 0
2 92.5714
3 109.846
4 0
5 248.727
6 122.909
7 0
8 0
9 0
9
1 0
2 89
3 111.2
4 0
5 245.667
6 119
7 0
8 0
9 0
9
1 0
2 92
3 111
4 0
5 246
6 119.667
7 0
8 0
9 0
9
1 0
2 93.3333
3 110.154
4 0
5 242.909
6 115.667
7 0
8 0
9 0
9
1 0
2 95.6
3 111
4 0
5 242.8
6 118.222
7 0
8 0
9 0
9
1 0
2 96.4444
3 110.182
4 0
5 242
6 114.182
7 0
8 0
9 0
9
1 0
2 100.8
3 111.077
4 0
5 237.667
6 113.538
7 0
8 0
9 0
9
1 0
2 99.2
3 110
4 60
5 233.818
6 112.4
7 0
8 0
9 0
9
1 0
2 104.364
3 110.333
4 0
5 232.364
6 109.818
7 0
8 0
9 0
9
1 0
2 104.889
3 109.091
4 0
5 230.333
6 106.462
7 0
8 0
9 0
9
1 0
2 105.333
3 110.769
4 62
5 227.667
6 104.333
7 0
8 0
9 0
9
1 0
2 108.444
3 108.923
4 65
5 224.667
6 103.429
7 0
8 0
9 0
9
1 66
2 109.333
3 109.818
4 0
5 222.667
6 101.818
7 0
8 0
9 0
9
1 0
2 113
3 109.818
4 0
5 219.667
6 101.091
7 0
8 0
9 0
9
1 0
2 113.333
3 108.615
4 65.2
5 214.909
6 97
7 0
8 0
9 0
9
1 0
2 115.273
3 106.462
4 70.6667
5 212.889
6 96.5
7 0
8 0
9 0
9
1 70
2 119.692
3 106.667
4 69.2
5 210.667
6 98.1818
7 0
8 0
9 0
9
1 72
2 120.364
3 105.818
4 73.1429
5 207.692
6 0
7 0
8 0
9 0
9
1 0
2 122.333
3 106.154
4 68.7273
5 202.4
6 90.2222
7 0
8 0
9 0
9
1 74.8571
2 126.154
3 105.231
4 69.6667
5 202
6 90.8571
7 0
8 0
9 0
9
1 78
2 126.545
3 105.333
4 69.8182
5 199.556
6 86.8571
7 0
8 0
9 0
9
1 84
2 127.111
3 102.545
4 70
5 195.077
6 0
7 0
8 0
9 0
9
1 0
2 128.8
3 106.133
4 71.0769
5 193.231
6 0
7 0
8 0
9 0
9
1 82.5
2 132.727
3 104.364
4 73.4545
5 189.667
6 80.5714
7 0
8 0
9 0
9
1 0
2 134.545
3 104
4 73.5385
5 184.667
6 0
7 0
8 0
9 0
9
1 0
2 133
3 104
4 75.3846
5 183.667
6 0
7 0
8 0
9 0
9
1 88
2 134.667
3 101.667
4 75.1111
5 181.091
6 0
7 0
8 0
9 0
9
1 0
2 139.2
3 103.273
4 75.3846
5 177.538
6 0
7 0
8 0
9 0
9
1 0
2 136.923
3 101.538
4 76
5 177.667
6 0
7 0
8 0
9 0
9
1 0
2 140.923
3 100.308
4 76.9231
5 175.333
6 0
7 0
8 0
9 0
9
1 95.4286
2 140.333
3 100.364
4 77.8182
5 172.364
6 0
7 0
8 0
9 0
9
1 0
2 140.667
3 99.3333
4 79.0769
5 170.462
6 0
7 0
8 0
9 0
9
1 0
2 143.692
3 99.6923
4 80
5 167.385
6 0
7 0
8 0
9 0
9
1 103.429
2 140.667
3 96.3077
4 81.2308
5 162.545
6 0
7 0
8 0
9 0
9
1 103.429
2 141
3 97.0909
4 82.5455
5 161
6 0
7 0
8 0
9 0
9
1 104
2 139.636
3 97.6667
4 81.2308
5 158.154
6 0
7 0
8 0
9 0
9
1 107.556
2 142.667
3 96.9231
4 80.9231
5 156.615
6 0
7 0
8 0
9 0
9
1 107.429
2 141.846
3 95.3846
4 83.3333
5 154.545
6 0
7 0
8 0
9 0
9
1 110
2 145.455
3 94.9091
4 82.5455
5 154.769
6 0
7 0
8 0
9 0
9
1 0
2 142.667
3 93.5385
4 82.6667
5 154.769
6 0
7 0
8 0
9 0
9
1 109.714
2 143.077
3 94.7692
4 83.6923
5 155.077
6 0
7 0
8 0
9 0
9
1 0
2 141.333
3 94.6667
4 82.5455
5 154.182
6 0
7 0
8 0
9 0
9
1 0
2 133
3 97.0909
4 82.3333
5 153.231
6 0
7 0
8 0
9 0
9
1 0
2 140.615
3 95.3846
4 84.3077
5 152.923
6 0
7 0
8 0
9 0
9
1 109.5
2 136.923
3 94.7692
4 83.3846
5 153.667
6 0
7 0
8 0
9 0
9
1 111.5
2 134.462
3 91.6667
4 86
5 151.273
6 0
7 0
8 0
9 0
9
1 0
2 131.667
3 90.5455
4 86.4615
5 147.333
6 0
7 0
8 0
9 0
9
1 0
2 136
3 76
4 84.3077
5 147.385
6 0
7 0
8 0
9 0
9
1 117.143
2 124
3 0
4 87.6364
5 144.727
6 0
7 0
8 0
9 0
9
1 123
2 109.714
3 0
4 87
5 140.364
6 0
7 0
8 0
9 0
9
1 126.5
2 101.818
3 0
4 0
5 136.615
6 0
7 0
8 0
9 0
9
1 130.857
2 91.6923
3 0
4 89
5 133.231
6 0
7 0
8 0
9 0
9
1 132
2 88
3 0
4 0
5 132
6 0
7 0
8 0
9 0
9
1 134
2 92.7273
3 0
4 0
5 131.385
6 0
7 0
8 0
9 0
9
1 132.571
2 86
3 0
4 0
5 128
6 0
7 0
8 0
9 0
9
1 134.5
2 82.4615
3 0
4 0
5 129.846
6 0
7 0
8 0
9 0
9
1 135.556
2 75.3846
3 0
4 0
5 126.909
6 0
7 0
8 0
9 0
9
1 141.143
2 75.1111
3 0
4 0
5 124.308
6 0
7 0
8 0
9 0
9
1 143.429
2 69.6
3 0
4 0
5 121.846
6 0
7 0
8 0
9 0
9
1 142.5
2 78.7692
3 0
4 0
5 121
6 0
7 0
8 0
9 0
9
1 144.5
2 88.3077
3 0
4 95.4286
5 121.818
6 0
7 0
8 0
9 0
9
1 0
2 71.4286
3 0
4 0
5 121.538
6 0
7 0
8 0
9 0
9
1 0
2 69.4545
3 0
4 0
5 117.231
6 0
7 0
8 0
9 0
9
1 148.571
2 68.5714
3 0
4 0
5 117.091
6 0
7 0
8 0
9 0
9
1 147.5
2 66.8571
3 0
4 0
5 116
6 0
7 0
8 0
9 0
9
1 153.143
2 75
3 0
4 0
5 111.667
6 0
7 0
8 0
9 0
9
1 156.5
2 66.6667
3 0
4 0
5 109.538
6 0
7 0
8 0
9 0
9
1 159.556
2 0
3 0
4 0
5 109.2
6 0
7 0
8 0
9 0
9
1 159.429
2 0
3 0
4 0
5 107.333
6 0
7 0
8 0
9 0
9
1 164.571
2 0
3 0
4 97.7143
5 103.077
6 0
7 0
8 0
9 0
9
1 167.429
2 0
3 0
4 0
5 103.077
6 0
7 0
8 0
9 0
9
1 166.667
2 0
3 0
4 0
5 104.364
6 0
7 0
8 0
9 0
9
1 0
2 0
3 0
4 93.7143
5 100.308
6 0
7 0
8 0
9 0
9
1 175
2 0
3 0
4 86.8571
5 96.3077
6 0
7 0
8 0
9 0
9
1 180.5
2 0
3 0
4 0
5 92.3077
6 0
7 0
8 0
9 0
9
1 184
2 0
3 0
4 0
5 90.5455
6 0
7 0
8 0
9 0
9
1 188
2 0
3 0
4 0
5 88.6154
6 0
7 0
8 0
9 0
9
1 192
2 0
3 0
4 0
5 84.3333
6 0
7 0
8 0
9 0
9
1 195.429
2 92.8889
3 0
4 0
5 82.6667
6 0
7 0
8 0
9 0
9
1 197.714
2 114.462
3 0
4 0
5 81.4545
6 0
7 0
8 0
9 0
9
1 200.444
2 140.364
3 0
4 95.4286
5 78
6 0
7 0
8 0
9 0
9
1 184
2 171.692
3 0
4 0
5 76
6 0
7 0
8 0
9 0
9
1 204.444
2 184.615
3 0
4 0
5 75.6667
6 0
7 0
8 0
9 0
9
1 204.571
2 183.077
3 0
4 0
5 73.0909
6 0
7 0
8 0
9 0
9
1 191
2 182.909
3 0
4 0
5 73.4545
6 0
7 0
8 0
9 0
9
1 210.857
2 183.692
3 0
4 95.5
5 74.4615
6 0
7 0
8 0
9 0
9
1 194
2 183.077
3 0
4 0
5 70.6667
6 0
7 0
8 0
9 0
9
1 214.667
2 179.636
3 0
4 0
5 69.6
6 0
7 0
8 0
9 0
9
1 0
2 178.182
3 0
4 94.2222
5 70.6667
6 0
7 0
8 0
9 0
9
1 218
2 177.846
3 0
4 0
5 69.6
6 0
7 0
8 0
9 0
9
1 214.222
2 173.846
3 0
4 97.7143
5 71.1111
6 0
7 0
8 0
9 0
9
1 217.5
2 155.636
3 0
4 0
5 66.6667
6 0
7 0
8 0
9 0
9
1 214.667
2 149.667
3 0
4 0
5 69.0909
6 0
7 0
8 0
9 0
9
1 0
2 143.692
3 0
4 0
5 62.1538
6 0
7 0
8 0
9 0
9
1 197.333
2 142.154
3 0
4 0
5 0
6 0
7 0
8 0
9 0
9
1 0
2 136.364
3 0
4 0
5 0
6 0
7 0
8 0
9 0
9
1 0
2 139.077
3 0
4 94.6667
5 0
6 0
7 0
8 0
9 0
9
1 0
2 146.154
3 0
4 95
5 0
6 0
7 0
8 0
9 0
9
1 217.143
2 163.385
3 0
4 0
5 0
6 0
7 0
8 0
9 0
9
1 0
2 164.727
3 0
4 95.4286
5 0
6 0
7 0
8 0
9 0
9
1 0
2 182.769
3 0
4 94
5 68.7273
6 0
7 0
8 0
9 0
9
1 215
2 183.692
3 0
4 96
5 69.8182
6 0
7 0
8 0
9 0
9
1 217.5
2 184
3 0
4 0
5 67.5556
6 0
7 0
8 0
9 0
9
1 0
2 0
3 0
4 0
5 70
6 0
7 0
8 0
9 0
9
1 214.545
2 184.889
3 0
4 95.2
5 70.1818
6 0
7 0
8 0
9 0
9
1 216.571
2 184
3 0
4 93.5385
5 68.9231
6 0
7 0
8 0
9 0
9
1 215.429
2 181.538
3 0
4 95.6364
5 69.7778
6 0
7 0
8 0
9 0
9
1 0
2 169.667
3 0
4 95.3333
5 68.6667
6 0
7 0
8 0
9 0
9
1 212
2 182
3 0
4 96
5 69.6667
6 0
7 0
8 0
9 0
9
1 0
2 181.231
3 0
4 95.6667
5 69.2308
6 0
7 0
8 0
9 0
9
1 214
2 180.615
3 0
4 94.9091
5 66.9091
6 0
7 0
8 0
9 0
9
1 0
2 180
3 0
4 93.5385
5 66.1818
6 0
7 0
8 0
9 0
9
1 0
2 181.846
3 0
4 95.6667
5 69.0909
6 0
7 0
8 0
9 0
9
1 214.857
2 182.769
3 0
4 95.0769
5 68.3636
6 0
7 0
8 0
9 0
9
1 214.5
2 182.462
3 0
4 94.4
5 68.4444
6 0
7 0
8 0
9 0
9
1 0
2 182.545
3 0
4 94.7692
5 67.6667
6 0
7 0
8 0
9 0
9
1 213.5
2 172.857
3 0
4 94.7692
5 67.3333
6 0
7 0
8 0
9 0
9
1 214.667
2 180
3 0
4 91.0769
5 68
6 0
7 0
8 0
9 0
9
1 213.143
2 179.636
3 0
4 94.8
5 68.6154
6 0
7 0
8 0
9 0
9
1 0
2 182.545
3 0
4 93.6667
5 71.0769
6 0
7 0
8 0
9 0
9
1 213.714
2 181.846
3 0
4 95
5 69.5385
6 0
7 0
8 0
9 0
9
1 0
2 182.154
3 0
4 94
5 69.2
6 0
7 0
8 0
9 0
9
1 214.286
2 181.091
3 0
4 93.6
5 69.2308
6 0
7 0
8 0
9 0
9
1 213.714
2 181.091
3 0
4 94.6667
5 69.8462
6 0
7 0
8 0
9 0
