9
1 0
2 0
3 0
4 0
5 101.75
6 169.44
7 0
8 102.8
9 275.2
9
1 0
2 0
3 0
4 0
5 102.286
6 169.44
7 0
8 102.667
9 276.32
9
1 0
2 0
3 0
4 0
5 101.6
6 171.333
7 0
8 101.538
9 275.84
9
1 0
2 0
3 0
4 0
5 103.75
6 171.852
7 0
8 105.714
9 272.48
9
1 0
2 0
3 0
4 0
5 108.5
6 177.28
7 0
8 105.412
9 266.222
9
1 0
2 0
3 0
4 0
5 115
6 177.692
7 0
8 106.667
9 258.435
9
1 0
2 0
3 0
4 0
5 122.286
6 182.88
7 0
8 106.727
9 249.846
9
1 0
2 0
3 0
4 0
5 132
6 188.64
7 0
8 109.143
9 236.5
9
1 0
2 0
3 0
4 0
5 143.5
6 191.259
7 0
8 108.909
9 220
9
1 0
2 0
3 0
4 0
5 152.706
6 194.56
7 0
8 110.737
9 206.815
9
1 0
2 0
3 0
4 0
5 162
6 197.926
7 0
8 108.571
9 195.36
9
1 0
2 0
3 0
4 0
5 174.2
6 199.36
7 0
8 107.81
9 182.222
9
1 0
2 0
3 0
4 0
5 187.556
6 198.56
7 0
8 106.727
9 168.16
9
1 0
2 0
3 0
4 0
5 198.5
6 198.667
7 0
8 104.571
9 156.696
9
1 0
2 0
3 64.4
4 0
5 212
6 199.2
7 0
8 104
9 143.385
9
1 0
2 0
3 69.3333
4 0
5 221.4
6 196.889
7 0
8 100.421
9 136
9
1 0
2 0
3 72
4 0
5 231.714
6 195.36
7 0
8 97.9048
9 129.12
9
1 0
2 0
3 75.6667
4 0
5 238.222
6 194.24
7 0
8 97.4118
9 117.565
9
1 0
2 0
3 78.2857
4 0
5 247.368
6 190.154
7 0
8 93
9 107.077
9
1 0
2 0
3 82.1538
4 0
5 252.235
6 185.6
7 0
8 87.4667
9 98.2609
9
1 0
2 0
3 86
4 0
5 258.222
6 182.963
7 0
8 86.1176
9 91.1579
9
1 0
2 0
3 89.2
4 0
5 260
6 178.56
7 0
8 82.7368
9 85.2174
9
1 0
2 0
3 92.2222
4 0
5 262.105
6 173.76
7 0
8 78.9474
9 80.3636
9
1 0
2 0
3 94.6
4 0
5 265.143
6 170.72
7 0
8 79.5
9 72.6
9
1 0
2 0
3 94.4
4 0
5 266.095
6 165.926
7 0
8 75.2941
9 69.1429
9
1 0
2 57.5
3 96.7059
4 0
5 266.316
6 163.84
7 0
8 72.9412
9 64.9091
9
1 0
2 63.4286
3 98
4 0
5 268.211
6 160
7 0
8 73.25
9 62.5263
9
1 0
2 58.4
3 100.889
4 0
5 266.476
6 157.481
7 0
8 69.8667
9 59.4667
9
1 0
2 62.2857
3 104.381
4 0
5 266.095
6 155.36
7 0
8 68.5333
9 60.4
9
1 0
2 63.7143
3 103.789
4 0
5 265.636
6 151.556
7 0
8 67.3333
9 65.0909
9
1 0
2 65.4286
3 102.727
4 0
5 266
6 149.44
7 0
8 64
9 58.8
9
1 0
2 76.3333
3 101.818
4 0
5 262.727
6 144.48
7 0
8 63.4667
9 52.3636
9
1 0
2 72.9231
3 105.739
4 0
5 262.4
6 143.231
7 0
8 60.5333
9 50.8571
9
1 0
2 72
3 106.667
4 0
5 262.105
6 143.2
7 0
8 61.2632
9 0
9
1 0
2 74.4615
3 107.13
4 0
5 250.957
6 140.148
7 0
8 59.4286
9 56.5714
9
1 0
2 76.6316
3 107.826
4 0
5 260.2
6 137.44
7 0
8 58.7692
9 0
9
1 0
2 79.1579
3 108.16
4 0
5 258.286
6 136
7 0
8 61.0909
9 49
9
1 0
2 81.4
3 108.762
4 0
5 257.684
6 133.76
7 0
8 61
9 0
9
1 0
2 83
3 108.462
4 53.7143
5 255.4
6 131.2
7 0
8 0
9 0
9
1 0
2 85.2308
3 109.167
4 65
5 253.217
6 128.444
7 0
8 58
9 0
9
1 50
2 87.7647
3 109.455
4 55.1111
5 252.909
6 126.88
7 0
8 54.5
9 0
9
1 50.6667
2 88.6
3 110.957
4 55.5
5 248.6
6 123.538
7 0
8 51.5
9 55.5
9
1 51.5556
2 90.8889
3 110.435
4 54.8571
5 248.545
6 123.36
7 0
8 51
9 0
9
1 50
2 90.1176
3 110.56
4 0
5 248.696
6 123.36
7 0
8 58.8571
9 0
9
1 0
2 92.5
3 110.72
4 0
5 248.6
6 122
7 0
8 51.2
9 0
9
1 55.6
2 94.2
3 110.667
4 57.7778
5 245.091
6 118.56
7 0
8 49.3333
9 0
9
1 61.7143
2 100.19
3 110.08
4 58.9091
5 239.826
6 114.37
7 0
8 48.5714
9 0
9
1 64.8
2 106.2
3 107.5
4 62.4
5 229.76
6 106.833
7 0
8 0
9 0
9
1 66.2222
2 113.714
3 103.68
4 67.2381
5 216.923
6 99.5294
7 0
8 0
9 0
9
1 69.8462
2 120.667
3 102.88
4 69.0909
5 206.364
6 93.4
7 0
8 0
9 0
9
1 85.7143
2 130.667
3 85.8333
4 73.8462
5 191.36
6 83.0769
7 0
8 0
9 0
9
1 88.25
2 134.833
3 75.2727
4 76.1667
5 183.5
6 78.4
7 0
8 0
9 0
9
1 92.5714
2 138.222
3 0
4 78
5 178.88
6 77.3333
7 0
8 0
9 0
9
1 96.2353
2 144.96
3 0
4 79.25
5 170.308
6 72.2857
7 0
8 0
9 0
9
1 104.8
2 148.64
3 0
4 83.3846
5 161.043
6 70.1818
7 0
8 0
9 0
9
1 106.133
2 152
3 0
4 81.1765
5 156.462
6 64.3636
7 0
8 0
9 0
9
1 112.235
2 155.36
3 0
4 84.9231
5 151.167
6 62.9091
7 0
8 0
9 0
9
1 116.706
2 156.444
3 0
4 87.6667
5 146.167
6 58.2857
7 0
8 0
9 0
9
1 122.857
2 157.28
3 0
4 89.3333
5 142.56
6 65.5
7 0
8 0
9 0
9
1 120.5
2 155.111
3 0
4 88.6667
5 144.696
6 58
7 0
8 0
9 0
9
1 119.714
2 160.16
3 0
4 85.1429
5 143.556
6 59.2727
7 0
8 0
9 0
9
1 127.2
2 164.8
3 0
4 89.6
5 138.333
6 54.5455
7 0
8 0
9 0
9
1 134.769
2 168.741
3 0
4 92.3333
5 129.6
6 0
7 0
8 0
9 0
9
1 144.667
2 170.72
3 0
4 94.6667
5 118.615
6 0
7 0
8 0
9 0
9
1 149.429
2 170.667
3 0
4 97.6
5 116.96
6 0
7 0
8 0
9 0
9
1 149.846
2 171.52
3 0
4 96.2667
5 114.519
6 0
7 0
8 0
9 0
9
1 152
2 168.308
3 0
4 97.75
5 113.6
6 0
7 0
8 0
9 0
9
1 152
2 172.462
3 0
4 97.5
5 111.385
6 0
7 0
8 0
9 0
9
1 154.25
2 172.48
3 0
4 97.1111
5 110.72
6 0
7 0
8 0
9 0
9
1 156.571
2 173.185
3 0
4 98.1333
5 110.5
6 0
7 0
8 0
9 0
9
1 155.733
2 173.12
3 0
4 97.1429
5 108.593
6 0
7 0
8 0
9 0
9
1 157.333
2 174.72
3 0
4 98.1333
5 108.48
6 0
7 0
8 0
9 0
9
1 158
2 177.6
3 0
4 95.5294
5 108
6 0
7 0
8 0
9 0
9
1 156.615
2 180.96
3 0
4 89.8667
5 108
6 0
7 0
8 0
9 0
9
1 158.133
2 179.556
3 0
4 94
5 107.68
6 0
7 0
8 0
9 0
9
1 156
2 179.04
3 0
4 93.1429
5 108.296
6 0
7 0
8 0
9 0
9
1 158.25
2 178.769
3 0
4 92.5333
5 108
6 0
7 0
8 0
9 0
9
1 158.154
2 179.52
3 0
4 94
5 106.667
6 0
7 0
8 0
9 0
9
1 157.412
2 179.52
3 0
4 93.7143
5 108.696
6 0
7 0
8 0
9 0
9
1 158.588
2 175.571
3 0
4 93.5556
5 107
6 0
7 0
8 0
9 0
9
1 156.5
2 178.88
3 0
4 89.1667
5 108.154
6 0
7 0
8 0
9 0
9
1 156.889
2 178.519
3 0
4 93
5 107.68
6 0
7 0
8 0
9 0
9
1 156.667
2 178.24
3 0
4 94.1053
5 106.462
6 0
7 0
8 0
9 0
9
1 157.6
2 179.2
3 0
4 92.5714
5 106.72
6 0
7 0
8 0
9 0
9
1 156.533
2 178.462
3 0
4 92.3333
5 106.615
6 0
7 0
8 0
9 0
