9
1 0
2 0
3 0
4 0
5 0
6 98
7 0
8 76.4
9 299.273
9
1 0
2 0
3 0
4 0
5 0
6 94.6667
7 0
8 76
9 300.952
9
1 0
2 0
3 0
4 0
5 0
6 96.6
7 0
8 77.3333
9 301.273
9
1 0
2 0
3 0
4 0
5 0
6 103.429
7 0
8 78.8571
9 300.5
9
1 0
2 0
3 0
4 0
5 0
6 109.111
7 0
8 82.4
9 300.381
9
1 0
2 0
3 0
4 0
5 54.2857
6 116.2
7 0
8 84.6667
9 301
9
1 0
2 0
3 0
4 0
5 0
6 117.176
7 0
8 86.6667
9 298.833
9
1 0
2 0
3 0
4 0
5 0
6 122
7 0
8 89.75
9 298.167
9
1 0
2 0
3 0
4 0
5 0
6 128.952
7 0
8 92
9 299.692
9
1 0
2 0
3 0
4 0
5 64
6 131.455
7 0
8 89.8462
9 297.043
9
1 0
2 0
3 0
4 0
5 66.2222
6 135.619
7 0
8 93.6667
9 297.926
9
1 0
2 0
3 0
4 0
5 0
6 140.727
7 0
8 96.2353
9 296.667
9
1 0
2 0
3 0
4 0
5 77.4545
6 146
7 0
8 96
9 296
9
1 0
2 0
3 0
4 0
5 80.7273
6 150.857
7 0
8 100.667
9 292.167
9
1 0
2 0
3 0
4 0
5 85.7778
6 155.667
7 0
8 101.714
9 290.5
9
1 0
2 0
3 0
4 0
5 0
6 160.333
7 0
8 104
9 285.44
9
1 0
2 0
3 0
4 0
5 97
6 164.333
7 0
8 104
9 283.455
9
1 0
2 0
3 0
4 0
5 101
6 169.481
7 0
8 105.882
9 275.833
9
1 0
2 0
3 0
4 0
5 109.333
6 171.667
7 0
8 108.706
9 267.84
9
1 0
2 0
3 0
4 0
5 111.733
6 174.923
7 0
8 107.529
9 264.667
9
1 0
2 0
3 0
4 0
5 117.75
6 177.6
7 0
8 109.2
9 260.462
9
1 0
2 0
3 0
4 0
5 120.923
6 179.68
7 0
8 107.579
9 252.64
9
1 0
2 0
3 0
4 0
5 126.824
6 183.385
7 0
8 110.222
9 243.68
9
1 0
2 0
3 0
4 0
5 135.529
6 186.72
7 0
8 110.737
9 233.12
9
1 0
2 0
3 0
4 0
5 142.25
6 189.333
7 0
8 111.619
9 221.28
9
1 0
2 0
3 0
4 0
5 150.118
6 192.64
7 0
8 112.4
9 213.538
9
1 0
2 0
3 0
4 0
5 154.889
6 193.385
7 0
8 109.6
9 203.36
9
1 0
2 0
3 0
4 0
5 162.353
6 195.04
7 0
8 109.8
9 196.741
9
1 0
2 0
3 0
4 0
5 169.111
6 195.04
7 0
8 108.941
9 189.833
9
1 0
2 0
3 0
4 0
5 174.444
6 197.926
7 0
8 109.895
9 182.08
9
1 0
2 0
3 0
4 0
5 182.933
6 196.48
7 0
8 110
9 174.308
9
1 0
2 0
3 57.7143
4 0
5 190.222
6 196.593
7 0
8 106.824
9 164.96
9
1 0
2 0
3 61.7143
4 0
5 196.667
6 199.52
7 0
8 107.455
9 157.926
9
1 0
2 0
3 0
4 0
5 200.941
6 198.08
7 0
8 104.632
9 152.5
9
1 0
2 0
3 67.6364
4 0
5 214.133
6 197.692
7 0
8 105.143
9 144.16
9
1 0
2 0
3 66.3333
4 0
5 217.053
6 196.64
7 0
8 101.684
9 139.833
9
1 0
2 0
3 70.5
4 0
5 222.476
6 195.111
7 0
8 101.412
9 134
9
1 0
2 0
3 72.3636
4 0
5 231.529
6 193.6
7 0
8 98.6
9 126.963
9
1 0
2 0
3 74.25
4 0
5 239.2
6 192.769
7 0
8 96.5714
9 119.636
9
1 0
2 0
3 77.4545
4 0
5 242.8
6 189.44
7 0
8 94
9 113.391
9
1 0
2 0
3 79
4 0
5 248
6 188.96
7 0
8 93.8667
9 105.455
9
1 0
2 0
3 82.8571
4 0
5 251.789
6 185.333
7 0
8 89.1765
9 99.0909
9
1 0
2 0
3 87
4 0
5 255.4
6 180.32
7 0
8 85.5
9 90.963
9
1 0
2 0
3 89.3333
4 0
5 257.882
6 178.074
7 0
8 84.8421
9 83.7895
9
1 0
2 0
3 90.3529
4 0
5 260.762
6 176.48
7 0
8 82.8889
9 80.3636
9
1 0
2 57.7143
3 95.75
4 0
5 263.333
6 168.615
7 0
8 78.8
9 72.5333
9
1 0
2 60.5
3 98.75
4 0
5 265
6 162.72
7 0
8 74.9474
9 64.9412
9
1 0
2 68.7273
3 100.941
4 0
5 265.714
6 156.16
7 0
8 71.7143
9 61.1429
9
1 0
2 65.8182
3 103.294
4 0
5 263.833
6 150.222
7 0
8 64.8421
9 57.3333
9
1 0
2 73.1765
3 106.222
4 0
5 260.952
6 143.04
7 0
8 60.7059
9 63.4286
9
1 0
2 77.8182
3 109.455
4 0
5 255.5
6 134.37
7 0
8 56.5333
9 47.4286
9
1 57.5
2 84.8
3 111.304
4 0
5 251.4
6 127.84
7 0
8 52.2857
9 0
9
1 52
2 90.4444
3 111.231
4 54.8571
5 245.455
6 122.08
7 0
8 53.7778
9 0
9
1 55
2 95.1111
3 111.667
4 57.7778
5 241.053
6 115.84
7 0
8 0
9 0
9
1 59.1111
2 101.636
3 111.407
4 64.6154
5 233.818
6 112.522
7 0
8 0
9 0
9
1 62.4
2 107.238
3 113.043
4 62.5455
5 226.783
6 108.32
7 0
8 0
9 0
9
1 66
2 112.348
3 110.88
4 64
5 216.667
6 101.333
7 0
8 0
9 0
9
1 72
2 119.826
3 109.44
4 67.3043
5 206.72
6 95.4
7 0
8 0
9 0
9
1 77.2
2 123.478
3 107.84
4 72.6957
5 200
6 90
7 0
8 0
9 0
9
1 79.6923
2 128.32
3 106.667
4 72.64
5 192.8
6 83.75
7 0
8 0
9 0
9
1 88.8
2 133.565
3 104.8
4 77.0769
5 181.5
6 78.9333
7 0
8 0
9 0
9
1 94.2857
2 142.074
3 102.222
4 77.76
5 170.56
6 73
7 0
8 0
9 0
9
1 100.25
2 145.333
3 102.4
4 79.5385
5 162.667
6 73.5385
7 0
8 0
9 0
9
1 109.176
2 150.24
3 98.56
4 80.8
5 154.24
6 64.4
7 0
8 0
9 0
9
1 113.333
2 157.6
3 95.7037
4 85.8571
5 144.923
6 61.3333
7 0
8 0
9 0
9
1 119.765
2 157.231
3 95.3333
4 86.24
5 137.28
6 60.8
7 0
8 0
9 0
9
1 131.294
2 159.034
3 90.4
4 87.84
5 128.16
6 0
7 0
8 0
9 0
9
1 144
2 174.08
3 86.2222
4 89.0769
5 117.778
6 0
7 0
8 0
9 0
9
1 154.857
2 174
3 83.4286
4 90.56
5 106.08
6 0
7 0
8 0
9 0
9
1 164.25
2 181.077
3 84.2857
4 92.5926
5 98.3704
6 0
7 0
8 0
9 0
9
1 179
2 184.16
3 75.6364
4 92.6667
5 90.5
6 0
7 0
8 0
9 0
9
1 186.4
2 184
3 72
4 91.5385
5 83.68
6 0
7 0
8 0
9 0
9
1 194.667
2 184.48
3 69.3333
4 92.16
5 78.4
6 0
7 0
8 0
9 0
9
1 190.5
2 183.111
3 67.5
4 94.4348
5 77.8333
6 0
7 0
8 0
9 0
9
1 205.846
2 183.36
3 66.6667
4 93.1852
5 72.64
6 0
7 0
8 0
9 0
9
1 200.857
2 181.92
3 65.1429
4 93.76
5 69.6
6 0
7 0
8 0
9 0
9
1 215.143
2 180.462
3 0
4 94.08
5 67.6667
6 0
7 0
8 0
9 0
9
1 220
2 179.68
3 0
4 90.4
5 62.6
6 0
7 0
8 0
9 0
9
1 225.895
2 178.37
3 0
4 92.7273
5 59.4286
6 0
7 0
8 0
9 0
9
1 232
2 175.68
3 0
4 90.1818
5 57.75
6 0
7 0
8 0
9 0
9
1 222.75
2 174.308
3 0
4 90.7273
5 56.3636
6 0
7 0
8 0
9 0
9
1 239.429
2 172.8
3 0
4 88.8333
5 53.3333
6 0
7 0
8 0
9 0
9
1 214
2 170.56
3 0
4 86.1538
5 0
6 0
7 0
8 0
9 0
9
1 210.824
2 167.259
3 0
4 87
5 0
6 0
7 0
8 0
9 0
