9
1 0
2 0
3 0
4 0
5 143
6 185.538
7 0
8 120.889
9 324.727
9
1 0
2 0
3 0
4 0
5 0
6 187.273
7 0
8 118.286
9 328
9
1 0
2 0
3 0
4 0
5 140.571
6 186.154
7 0
8 120
9 327.385
9
1 0
2 0
3 0
4 0
5 139.556
6 185.538
7 0
8 120.444
9 327.667
9
1 0
2 0
3 0
4 0
5 142.5
6 187.077
7 0
8 120.571
9 326.909
9
1 0
2 0
3 0
4 0
5 141.143
6 186.8
7 0
8 119.111
9 327.692
9
1 0
2 0
3 0
4 0
5 0
6 184.308
7 0
8 122.286
9 325.846
9
1 0
2 0
3 0
4 0
5 139.429
6 187.385
7 0
8 122
9 327
9
1 0
2 0
3 0
4 0
5 0
6 185.846
7 0
8 127.2
9 324.364
9
1 0
2 0
3 0
4 0
5 144.5
6 187.636
7 0
8 125.455
9 323.385
9
1 0
2 0
3 0
4 0
5 144
6 185.333
7 0
8 126.769
9 325.231
9
1 0
2 0
3 0
4 0
5 0
6 185.846
7 0
8 127.556
9 323.273
9
1 0
2 0
3 0
4 0
5 0
6 188.308
7 0
8 129.714
9 321.091
9
1 0
2 0
3 0
4 0
5 0
6 186.909
7 0
8 131.556
9 322.462
9
1 0
2 0
3 0
4 0
5 0
6 186.769
7 0
8 129.6
9 322.769
9
1 0
2 0
3 0
4 0
5 0
6 188
7 0
8 130.857
9 321.818
9
1 0
2 0
3 0
4 0
5 150.857
6 186.333
7 0
8 132
9 320
9
1 0
2 0
3 0
4 0
5 152
6 188.364
7 0
8 134.8
9 317.667
9
1 0
2 0
3 0
4 0
5 150.286
6 188.308
7 0
8 133.6
9 320.308
9
1 0
2 0
3 0
4 0
5 0
6 186.769
7 0
8 137
9 319.636
9
1 0
2 0
3 0
4 0
5 156
6 188
7 0
8 0
9 317.231
9
1 0
2 0
3 0
4 0
5 0
6 187.667
7 0
8 137
9 318.462
9
1 0
2 0
3 0
4 0
5 160
6 187.692
7 0
8 138
9 318.154
9
1 0
2 0
3 0
4 0
5 158.222
6 188
7 0
8 138.286
9 314.909
9
1 0
2 0
3 0
4 0
5 160
6 187.636
7 0
8 139.556
9 312.615
9
1 0
2 0
3 0
4 0
5 0
6 189.846
7 0
8 141.143
9 315.692
9
1 0
2 0
3 0
4 0
5 161.778
6 187.385
7 0
8 142.667
9 314.667
9
1 0
2 0
3 0
4 0
5 162.222
6 187.077
7 0
8 142
9 315.636
9
1 0
2 0
3 0
4 0
5 0
6 188.364
7 0
8 143.2
9 313.538
9
1 0
2 0
3 0
4 0
5 165.143
6 188.923
7 0
8 146.5
9 312.615
9
1 0
2 0
3 0
4 0
5 164
6 188
7 0
8 144.333
9 312
9
1 0
2 0
3 0
4 0
5 0
6 185.846
7 0
8 144.889
9 309.818
9
1 0
2 0
3 0
4 0
5 0
6 186.182
7 0
8 146.909
9 310.769
9
1 0
2 0
3 0
4 0
5 0
6 185.714
7 0
8 0
9 0
9
1 0
2 0
3 0
4 0
5 0
6 0
7 0
8 0
9 0
9
1 0
2 0
3 0
4 0
5 0
6 0
7 0
8 0
9 0
9
1 0
2 0
3 0
4 0
5 0
6 0
7 0
8 0
9 0
9
1 0
2 0
3 0
4 0
5 167.556
6 182.545
7 0
8 149.778
9 301.455
9
1 0
2 0
3 0
4 0
5 171.2
6 184.615
7 0
8 153.6
9 305.818
9
1 0
2 0
3 0
4 0
5 172.889
6 185.455
7 0
8 153.818
9 304.308
9
1 0
2 0
3 0
4 0
5 0
6 186.667
7 0
8 155.273
9 303.385
9
1 0
2 0
3 0
4 0
5 173.778
6 184.308
7 0
8 156.444
9 301.231
9
1 0
2 0
3 0
4 0
5 176.444
6 185.846
7 0
8 156.889
9 301.455
9
1 0
2 0
3 0
4 0
5 174.5
6 185.455
7 0
8 156.5
9 298.769
9
1 0
2 0
3 0
4 0
5 0
6 0
7 0
8 0
9 0
9
1 0
2 0
3 0
4 0
5 0
6 0
7 0
8 0
9 0
9
1 0
2 0
3 0
4 0
5 0
6 0
7 0
8 0
9 0
9
1 0
2 0
3 0
4 0
5 0
6 0
7 0
8 0
9 0
9
1 0
2 0
3 0
4 0
5 0
6 0
7 0
8 0
9 0
9
1 0
2 0
3 0
4 0
5 0
6 0
7 0
8 0
9 0
9
1 0
2 0
3 0
4 0
5 0
6 0
7 0
8 0
9 0
9
1 0
2 0
3 0
4 0
5 0
6 0
7 0
8 0
9 0
9
1 0
2 0
3 0
4 0
5 0
6 0
7 0
8 0
9 0
9
1 0
2 0
3 0
4 0
5 0
6 0
7 0
8 0
9 0
9
1 0
2 0
3 0
4 0
5 0
6 0
7 0
8 0
9 0
9
1 0
2 0
3 0
4 0
5 0
6 0
7 0
8 0
9 0
9
1 0
2 0
3 0
4 0
5 0
6 0
7 0
8 0
9 0
9
1 0
2 0
3 0
4 0
5 0
6 0
7 0
8 0
9 0
9
1 0
2 0
3 0
4 0
5 0
6 0
7 0
8 0
9 0
9
1 0
2 0
3 0
4 0
5 0
6 0
7 0
8 0
9 0
9
1 0
2 0
3 0
4 0
5 0
6 0
7 0
8 0
9 0
9
1 0
2 0
3 0
4 0
5 0
6 0
7 0
8 0
9 0
9
1 0
2 0
3 0
4 0
5 0
6 0
7 0
8 0
9 0
9
1 0
2 0
3 0
4 0
5 0
6 0
7 0
8 0
9 0
9
1 0
2 0
3 0
4 0
5 0
6 0
7 0
8 0
9 0
9
1 0
2 0
3 0
4 0
5 0
6 0
7 0
8 0
9 0
9
1 0
2 0
3 0
4 0
5 0
6 0
7 0
8 0
9 0
9
1 0
2 0
3 0
4 0
5 0
6 0
7 0
8 0
9 0
9
1 0
2 0
3 0
4 0
5 0
6 0
7 0
8 0
9 0
9
1 0
2 0
3 0
4 0
5 0
6 0
7 0
8 0
9 0
9
1 0
2 0
3 0
4 0
5 0
6 0
7 0
8 0
9 0
9
1 0
2 0
3 0
4 0
5 0
6 0
7 0
8 0
9 0
9
1 0
2 0
3 0
4 0
5 0
6 0
7 0
8 0
9 0
9
1 0
2 0
3 0
4 0
5 0
6 0
7 0
8 0
9 0
9
1 0
2 0
3 0
4 0
5 0
6 0
7 0
8 0
9 0
9
1 0
2 0
3 0
4 0
5 0
6 0
7 0
8 0
9 0
9
1 0
2 0
3 0
4 0
5 0
6 0
7 0
8 0
9 0
9
1 0
2 0
3 0
4 0
5 0
6 0
7 0
8 0
9 0
9
1 0
2 0
3 0
4 0
5 0
6 0
7 0
8 0
9 0
9
1 0
2 0
3 0
4 0
5 0
6 0
7 0
8 0
9 0
9
1 0
2 0
3 0
4 0
5 0
6 0
7 0
8 0
9 0
9
1 0
2 0
3 0
4 0
5 0
6 0
7 0
8 0
9 0
9
1 0
2 0
3 0
4 0
5 193.143
6 165.5
7 0
8 0
9 241.333
9
1 0
2 0
3 0
4 0
5 0
6 165.714
7 0
8 178.667
9 233.714
9
1 0
2 0
3 0
4 0
5 0
6 0
7 0
8 0
9 0
9
1 0
2 0
3 0
4 0
5 0
6 0
7 0
8 0
9 0
9
1 0
2 0
3 0
4 0
5 0
6 0
7 0
8 0
9 0
9
1 0
2 0
3 0
4 0
5 0
6 164
7 0
8 0
9 243.429
9
1 0
2 0
3 0
4 0
5 0
6 0
7 0
8 0
9 0
9
1 0
2 0
3 0
4 0
5 0
6 0
7 0
8 0
9 0
9
1 0
2 0
3 0
4 0
5 0
6 0
7 0
8 0
9 0
9
1 0
2 0
3 0
4 0
5 0
6 0
7 0
8 0
9 0
9
1 0
2 0
3 0
4 0
5 0
6 0
7 0
8 0
9 0
9
1 0
2 0
3 0
4 0
5 0
6 0
7 0
8 0
9 0
9
1 0
2 0
3 0
4 0
5 0
6 0
7 0
8 0
9 0
9
1 0
2 0
3 0
4 0
5 0
6 0
7 0
8 0
9 0
9
1 0
2 0
3 0
4 0
5 0
6 0
7 0
8 0
9 0
9
1 0
2 0
3 0
4 0
5 0
6 166.286
7 0
8 196.571
9 234.8
9
1 0
2 0
3 0
4 0
5 0
6 161.778
7 0
8 202.286
9 229.333
9
1 0
2 0
3 0
4 0
5 0
6 0
7 0
8 0
9 0
9
1 0
2 0
3 0
4 0
5 208
6 159.556
7 0
8 0
9 0
9
1 0
2 0
3 0
4 0
5 0
6 0
7 0
8 0
9 0
9
1 0
2 0
3 0
4 0
5 0
6 0
7 0
8 0
9 0
9
1 0
2 0
3 0
4 0
5 0
6 0
7 0
8 0
9 0
9
1 0
2 0
3 0
4 0
5 0
6 0
7 0
8 0
9 0
9
1 0
2 0
3 0
4 0
5 0
6 0
7 0
8 0
9 0
9
1 0
2 0
3 0
4 0
5 0
6 0
7 0
8 0
9 0
9
1 0
2 0
3 0
4 0
5 0
6 0
7 0
8 0
9 0
9
1 0
2 0
3 0
4 0
5 0
6 0
7 0
8 0
9 0
9
1 0
2 0
3 0
4 0
5 0
6 0
7 0
8 0
9 0
9
1 0
2 0
3 0
4 0
5 0
6 0
7 0
8 0
9 0
9
1 0
2 0
3 0
4 0
5 0
6 0
7 0
8 0
9 0
9
1 0
2 0
3 0
4 0
5 0
6 0
7 0
8 0
9 0
9
1 0
2 0
3 0
4 0
5 0
6 0
7 0
8 0
9 0
9
1 0
2 0
3 0
4 0
5 0
6 0
7 0
8 0
9 0
9
1 0
2 0
3 0
4 0
5 0
6 0
7 0
8 0
9 0
9
1 0
2 0
3 0
4 0
5 0
6 0
7 0
8 0
9 0
9
1 0
2 0
3 0
4 0
5 0
6 0
7 0
8 0
9 0
9
1 0
2 0
3 0
4 0
5 0
6 0
7 0
8 0
9 0
9
1 0
2 0
3 0
4 0
5 0
6 0
7 0
8 0
9 0
9
1 0
2 0
3 0
4 0
5 0
6 0
7 0
8 0
9 0
9
1 0
2 0
3 0
4 0
5 0
6 0
7 0
8 0
9 0
9
1 0
2 0
3 0
4 0
5 0
6 0
7 0
8 0
9 0
9
1 0
2 0
3 0
4 0
5 0
6 0
7 0
8 0
9 0
9
1 0
2 0
3 0
4 0
5 0
6 0
7 0
8 0
9 0
9
1 0
2 0
3 0
4 0
5 0
6 0
7 0
8 0
9 0
9
1 0
2 0
3 0
4 0
5 0
6 0
7 0
8 0
9 0
9
1 0
2 0
3 0
4 0
5 0
6 0
7 0
8 0
9 0
9
1 0
2 0
3 0
4 0
5 0
6 0
7 0
8 0
9 0
9
1 0
2 0
3 0
4 0
5 0
6 0
7 0
8 0
9 0
9
1 0
2 0
3 0
4 0
5 0
6 0
7 0
8 0
9 0
9
1 0
2 0
3 0
4 0
5 0
6 0
7 0
8 0
9 0
9
1 0
2 0
3 0
4 0
5 0
6 0
7 0
8 0
9 0
9
1 0
2 0
3 0
4 0
5 0
6 0
7 0
8 0
9 0
9
1 0
2 0
3 0
4 0
5 0
6 0
7 0
8 0
9 0
9
1 0
2 0
3 0
4 0
5 0
6 0
7 0
8 0
9 0
9
1 0
2 0
3 0
4 0
5 228
6 159.111
7 0
8 226
9 212.727
9
1 0
2 0
3 0
4 0
5 230.5
6 158.462
7 0
8 229.333
9 210.154
9
1 0
2 0
3 0
4 0
5 232
6 157.538
7 0
8 227
9 205.455
9
1 0
2 0
3 0
4 0
5 230.857
6 158
7 0
8 228
9 205
9
1 0
2 0
3 0
4 0
5 231.429
6 156.727
7 0
8 229.818
9 208.308
9
1 0
2 0
3 0
4 0
5 231.5
6 157.231
7 0
8 230.667
9 204.308
9
1 0
2 0
3 0
4 0
5 0
6 154.769
7 0
8 229.333
9 204.727
9
1 0
2 0
3 0
4 0
5 0
6 158.909
7 0
8 234.667
9 201.846
9
1 0
2 0
3 0
4 0
5 230.286
6 155.333
7 0
8 232.667
9 202.769
9
1 0
2 0
3 0
4 0
5 231.556
6 156
7 0
8 233.455
9 198.462
9
1 0
2 0
3 0
4 0
5 231.5
6 154.154
7 0
8 233
9 196.364
9
1 0
2 0
3 0
4 0
5 234.286
6 153.818
7 0
8 236
9 196
9
1 0
2 0
3 0
4 0
5 0
6 154.154
7 0
8 235.273
9 198.462
9
1 0
2 0
3 0
4 0
5 234.4
6 151.692
7 0
8 236
9 195.692
9
1 0
2 0
3 0
4 0
5 234.857
6 152
7 0
8 237.6
9 194.182
9
1 0
2 0
3 0
4 0
5 236
6 152
7 0
8 235.385
9 193.846
9
1 0
2 0
3 0
4 0
5 234
6 151.077
7 0
8 236.8
9 193.846
9
1 0
2 0
3 0
4 0
5 234.222
6 150.154
7 0
8 237.6
9 193
9
1 0
2 0
3 0
4 0
5 233.455
6 150.769
7 0
8 236
9 193.091
9
1 0
2 0
3 0
4 0
5 235.5
6 151.273
7 0
8 239.667
9 192.308
9
1 0
2 0
3 0
4 0
5 233.143
6 152.308
7 0
8 237.333
9 191.077
9
1 0
2 0
3 0
4 0
5 235.111
6 150.154
7 0
8 238
9 190.182
9
1 0
2 0
3 0
4 0
5 236
6 149.231
7 0
8 242.5
9 189.667
9
1 0
2 0
3 0
4 0
5 237.714
6 149.091
7 0
8 240.4
9 187.692
9
1 0
2 0
3 0
4 0
5 234.667
6 148.615
7 0
8 242.4
9 187.385
9
1 0
2 0
3 0
4 0
5 235.556
6 148
7 0
8 240.889
9 187.636
9
1 0
2 0
3 0
4 0
5 239.556
6 148.333
7 0
8 242
9 186.333
9
1 0
2 0
3 0
4 0
5 235
6 149.455
7 0
8 242.4
9 185.846
9
1 0
2 0
3 0
4 0
5 239.6
6 145.846
7 0
8 244.4
9 183.385
9
1 0
2 0
3 0
4 0
5 238.857
6 148
7 0
8 244
9 183.273
9
1 0
2 0
3 0
4 0
5 0
6 147.273
7 0
8 244
9 183.333
9
1 0
2 0
3 0
4 0
5 237.714
6 145.455
7 0
8 245.333
9 180.308
9
1 0
2 0
3 0
4 0
5 239.5
6 146.462
7 0
8 245.091
9 180.923
9
1 0
2 0
3 0
4 0
5 240.444
6 146.154
7 0
8 244
9 178.909
9
1 0
2 0
3 0
4 0
5 238
6 144.727
7 0
8 245.333
9 179.077
9
1 0
2 0
3 0
4 0
5 237.778
6 144
7 0
8 244.333
9 177.231
9
1 0
2 0
3 0
4 0
5 241.5
6 144
7 0
8 246.333
9 176.308
9
1 0
2 0
3 0
4 0
5 240
6 142.462
7 0
8 245.846
9 178.154
9
1 0
2 0
3 0
4 0
5 240.4
6 142.769
7 0
8 249.143
9 173.818
9
1 0
2 0
3 0
4 0
5 242
6 141.091
7 0
8 248
9 175.692
9
1 0
2 0
3 0
4 0
5 239.111
6 143.077
7 0
8 251
9 173.231
9
1 0
2 0
3 0
4 0
5 238.4
6 140.308
7 0
8 248.923
9 173.818
9
1 0
2 0
3 0
4 0
5 242.857
6 139.385
7 0
8 248
9 173.455
9
1 0
2 0
3 0
4 0
5 240.889
6 139.273
7 0
8 250
9 170.769
9
1 0
2 0
3 0
4 0
5 239.429
6 138.769
7 0
8 249.778
9 169.231
9
1 0
2 0
3 0
4 0
5 239.556
6 137.846
7 0
8 248.4
9 169.818
9
1 0
2 0
3 0
4 0
5 241.5
6 139
7 0
8 251.5
9 168.333
9
1 0
2 0
3 0
4 0
5 240
6 138.909
7 0
8 249.6
9 167.077
9
1 0
2 0
3 0
4 0
5 241.778
6 138.769
7 0
8 252.364
9 166.769
9
1 0
2 0
3 0
4 0
5 241.6
6 138.769
7 0
8 254.222
9 168
9
1 0
2 0
3 0
4 0
5 242.222
6 138.909
7 0
8 251.6
9 166.462
9
1 0
2 0
3 0
4 0
5 0
6 137
7 0
8 252
9 164.923
9
1 0
2 0
3 0
4 0
5 242.8
6 136.923
7 0
8 253.2
9 164
9
1 0
2 0
3 0
4 0
5 0
6 135.692
7 0
8 253.778
9 163.636
9
1 0
2 0
3 0
4 0
5 0
6 134.182
7 0
8 254.182
9 162.154
9
1 0
2 0
3 0
4 0
5 0
6 134.333
7 0
8 253.5
9 159.692
9
1 0
2 0
3 0
4 0
5 238.8
6 133.333
7 0
8 253.2
9 160.615
9
1 0
2 0
3 0
4 0
5 241.6
6 136.308
7 0
8 257.091
9 160
9
1 0
2 0
3 0
4 0
5 0
6 133.818
7 0
8 254.545
9 159.692
9
1 0
2 0
3 0
4 0
5 0
6 133.231
7 0
8 255.333
9 160
9
1 0
2 0
3 0
4 0
5 238.667
6 133.231
7 0
8 255.667
9 156.333
9
1 0
2 0
3 0
4 0
5 241
6 132.615
7 0
8 256.727
9 157.091
9
1 0
2 0
3 0
4 0
5 243.111
6 130.545
7 0
8 257.333
9 156.923
9
1 0
2 0
3 0
4 0
5 224.8
6 130.154
7 0
8 260
9 152
9
1 0
2 0
3 0
4 0
5 240.889
6 132.923
7 0
8 258.8
9 153.091
9
1 0
2 0
3 0
4 0
5 240.4
6 129.667
7 0
8 259.273
9 156
9
1 0
2 0
3 0
4 0
5 243
6 129.455
7 0
8 259
9 150.769
9
1 0
2 0
3 0
4 0
5 242.667
6 129.538
7 0
8 258.909
9 148.923
9
1 0
2 0
3 0
4 0
5 241.778
6 128.615
7 0
8 260.4
9 151.273
9
1 0
2 0
3 0
4 0
5 237.6
6 128.667
7 0
8 261.333
9 149.667
9
1 0
2 0
3 0
4 0
5 241.5
6 121.818
7 0
8 258.667
9 151.385
9
1 0
2 0
3 0
4 0
5 241.6
6 128
7 0
8 262
9 148.308
9
1 0
2 0
3 0
4 0
5 240.444
6 126.462
7 0
8 262.5
9 148.727
9
1 0
2 0
3 0
4 0
5 238.222
6 126
7 0
8 261.455
9 147.333
9
1 0
2 0
3 0
4 0
5 239
6 126
7 0
8 261.455
9 146.154
9
1 0
2 0
3 0
4 0
5 241.818
6 124.615
7 0
8 261.091
9 142.769
9
1 0
2 0
3 0
4 0
5 241.5
6 124.308
7 0
8 260
9 145.818
9
1 0
2 0
3 0
4 0
5 244
6 124
7 0
8 261.714
9 143.273
9
1 0
2 0
3 0
4 0
5 238.5
6 124.4
7 0
8 261.6
9 143.692
9
1 0
2 0
3 0
4 0
5 240.4
6 121.818
7 0
8 260
9 142.154
9
1 0
2 0
3 0
4 0
5 224.8
6 124.8
7 0
8 262
9 140
9
1 0
2 0
3 0
4 0
5 219.556
6 120.8
7 0
8 262.667
9 140.333
9
1 0
2 0
3 0
4 0
5 0
6 121.818
7 0
8 260.727
9 140.333
9
1 0
2 0
3 0
4 0
5 238.5
6 120
7 0
8 257.778
9 140.308
9
1 0
2 0
3 0
4 0
5 237.5
6 121.667
7 0
8 264.889
9 139.273
9
1 0
2 0
3 0
4 0
5 239.5
6 122.182
7 0
8 262
9 140.615
9
1 0
2 0
3 0
4 0
5 238.286
6 121.091
7 0
8 263.636
9 137.846
9
1 0
2 0
3 0
4 0
5 239.111
6 117
7 0
8 261.6
9 136
9
1 0
2 0
3 0
4 0
5 234.222
6 119
7 0
8 262.222
9 137.091
9
1 0
2 0
3 0
4 0
5 239.273
6 117.778
7 0
8 260.8
9 134.462
9
1 0
2 0
3 0
4 0
5 236.444
6 118.333
7 0
8 263.667
9 136.615
9
1 0
2 0
3 0
4 0
5 239.111
6 116.333
7 0
8 262.333
9 135.692
9
1 0
2 0
3 0
4 0
5 236
6 119.333
7 0
8 261.333
9 134.182
9
1 0
2 0
3 0
4 0
5 238.4
6 116
7 0
8 266
9 134.769
9
1 0
2 0
3 0
4 0
5 216.4
6 115.667
7 0
8 264.8
9 133.231
9
1 0
2 0
3 0
4 0
5 239.2
6 116.333
7 0
8 265.091
9 129.667
9
1 0
2 0
3 0
4 0
5 236.8
6 112.727
7 0
8 265.778
9 133.818
9
1 0
2 0
3 0
4 0
5 238.286
6 118.182
7 0
8 266
9 129.846
9
1 0
2 0
3 0
4 0
5 236.889
6 114
7 0
8 264.727
9 131.692
9
1 0
2 0
3 0
4 0
5 236.889
6 115
7 0
8 265.455
9 130.4
9
1 0
2 0
3 0
4 0
5 233.778
6 113.846
7 0
8 264.727
9 128
9
1 0
2 0
3 0
4 0
5 234.667
6 112.727
7 0
8 266.4
9 127.667
9
1 0
2 0
3 0
4 0
5 233.333
6 111.273
7 0
8 267.636
9 129.231
9
1 0
2 0
3 0
4 0
5 233.6
6 110.909
7 0
8 265.091
9 127.2
9
1 0
2 0
3 0
4 0
5 234.222
6 110.5
7 0
8 266.222
9 127.556
9
1 0
2 0
3 0
4 0
5 232
6 111
7 0
8 264.727
9 124.923
9
1 0
2 0
3 0
4 0
5 233.2
6 109.455
7 0
8 267.2
9 123.273
9
1 0
2 0
3 0
4 0
5 230.667
6 109.2
7 0
8 266.222
9 122
9
1 0
2 0
3 0
4 0
5 229.2
6 109.6
7 0
8 265.333
9 123.6
9
1 0
2 0
3 0
4 0
5 0
6 108.5
7 0
8 267.5
9 120.333
9
1 0
2 0
3 0
4 0
5 231.5
6 107.6
7 0
8 255.692
9 126
9
1 0
2 0
3 0
4 0
5 227.111
6 108.5
7 0
8 268.4
9 118.5
9
1 0
2 0
3 0
4 0
5 230.4
6 107.2
7 0
8 264
9 120
9
1 0
2 0
3 0
4 0
5 227.111
6 107.111
7 0
8 269.091
9 118.667
9
1 0
2 0
3 0
4 0
5 229
6 107.5
7 0
8 265.818
9 117.2
9
1 0
2 0
3 0
4 0
5 227.5
6 103.6
7 0
8 268.889
9 120.571
9
1 0
2 0
3 0
4 0
5 225
6 105.333
7 0
8 265.2
9 117.778
9
1 0
2 0
3 0
4 0
5 225.778
6 104.889
7 0
8 266
9 116
9
1 0
2 0
3 0
4 0
5 229.333
6 102.4
7 0
8 267.6
9 118.667
9
1 0
2 0
3 0
4 0
5 224.667
6 104.5
7 0
8 269.2
9 124.889
9
1 0
2 0
3 0
4 0
5 226.8
6 0
7 0
8 266
9 116.8
9
1 0
2 0
3 0
4 0
5 194.545
6 99.6364
7 0
8 266.545
9 114.5
9
1 0
2 0
3 0
4 0
5 224.727
6 103.2
7 0
8 266.545
9 114.8
9
1 0
2 0
3 0
4 0
5 225.6
6 101.455
7 0
8 268
9 112
9
1 0
2 0
3 0
4 0
5 203.5
6 102.667
7 0
8 270.4
9 112.4
9
1 0
2 0
3 0
4 0
5 226
6 100.4
7 0
8 266.667
9 114.8
9
1 0
2 0
3 0
4 0
5 222.333
6 102
7 0
8 267.385
9 111.429
9
1 0
2 0
3 0
4 0
5 223.636
6 100
7 0
8 267.2
9 110.286
9
1 0
2 0
3 0
4 0
5 221.5
6 102
7 0
8 267
9 109.143
9
1 0
2 0
3 0
4 0
5 222.667
6 96
7 0
8 268
9 0
9
1 0
2 0
3 0
4 0
5 220
6 98.6667
7 0
8 267
9 108.5
9
1 0
2 0
3 0
4 0
5 220.8
6 98.2222
7 0
8 267.556
9 0
9
1 0
2 0
3 0
4 0
5 222.5
6 97.7778
7 0
8 265.778
9 108.571
9
1 0
2 0
3 0
4 0
5 220
6 100.571
7 0
8 266.909
9 106.5
9
1 0
2 0
3 0
4 0
5 219.6
6 97.7143
7 0
8 268
9 0
9
1 0
2 0
3 0
4 0
5 218.222
6 96.5
7 0
8 268
9 105.143
9
1 0
2 0
3 0
4 0
5 219
6 93.1429
7 0
8 266.182
9 0
9
1 0
2 0
3 0
4 0
5 198.5
6 0
7 0
8 268.333
9 104.571
9
1 0
2 0
3 0
4 0
5 218.182
6 91
7 0
8 265.333
9 0
9
1 0
2 0
3 0
4 0
5 218
6 98
7 0
8 267
9 105.143
9
1 0
2 0
3 0
4 0
5 220
6 0
7 0
8 268
9 0
9
1 0
2 0
3 0
4 0
5 196.333
6 94.6667
7 0
8 265.455
9 104.5
9
1 0
2 0
3 0
4 0
5 0
6 92
7 0
8 266
9 0
9
1 0
2 0
3 0
4 0
5 206.909
6 94.2857
7 0
8 268.571
9 0
9
1 0
2 0
3 0
4 0
5 215.429
6 94.2857
7 0
8 264.727
9 0
9
1 0
2 0
3 0
4 0
5 215
6 92.4444
7 0
8 266.667
9 0
9
1 0
2 0
3 0
4 0
5 216.889
6 87.5556
7 0
8 267.636
9 0
9
1 0
2 0
3 0
4 0
5 214.857
6 90.2222
7 0
8 266.4
9 0
9
1 0
2 0
3 0
4 0
5 0
6 0
7 63.4286
8 265.667
9 0
9
1 0
2 0
3 0
4 0
5 210.222
6 91.5556
7 0
8 262.667
9 0
9
1 0
2 0
3 0
4 0
5 212.444
6 90.6667
7 0
8 264.4
9 0
9
1 0
2 0
3 0
4 0
5 197.818
6 0
7 0
8 264.4
9 0
9
1 0
2 0
3 0
4 0
5 213.714
6 0
7 73
8 263.273
9 0
9
1 0
2 0
3 0
4 0
5 207
6 87.1111
7 65.5
8 261.818
9 0
9
1 0
2 0
3 0
4 0
5 209.2
6 0
7 67
8 248.615
9 0
9
1 0
2 0
3 0
4 0
5 204.667
6 0
7 0
8 262.182
9 0
9
1 0
2 0
3 0
4 0
5 205.778
6 88.5714
7 70
8 261.2
9 0
9
1 0
2 0
3 0
4 0
5 194.333
6 0
7 72
8 261.455
9 0
9
1 0
2 0
3 0
4 0
5 205.333
6 0
7 70
8 261.091
9 0
9
1 0
2 0
3 0
4 0
5 191.636
6 0
7 0
8 262.222
9 0
9
1 0
2 0
3 0
4 0
5 208.444
6 0
7 73.1429
8 260.4
9 0
9
1 0
2 0
3 0
4 0
5 204.8
6 0
7 0
8 259.273
9 0
9
1 0
2 0
3 0
4 0
5 190.545
6 0
7 69.1429
8 263.273
9 0
9
1 0
2 0
3 0
4 0
5 199.5
6 0
7 0
8 259.111
9 0
9
1 0
2 0
3 0
4 0
5 204.444
6 0
7 74
8 259.077
9 0
9
1 0
2 0
3 0
4 0
5 200.444
6 0
7 69.3333
8 261.091
9 0
9
1 0
2 0
3 0
4 0
5 200.8
6 0
7 80
8 257.778
9 0
9
1 0
2 0
3 0
4 0
5 188
6 0
7 74.5
8 258.5
9 0
9
1 0
2 0
3 0
4 0
5 198.5
6 0
7 71.2
8 261.2
9 0
9
1 0
2 0
3 0
4 0
5 198.4
6 0
7 70.6667
8 260.8
9 0
9
1 0
2 0
3 0
4 0
5 184.8
6 0
7 0
8 256.8
9 0
9
1 0
2 0
3 0
4 0
5 196.889
6 0
7 72.5714
8 257.091
9 0
9
1 0
2 0
3 0
4 0
5 195.556
6 0
7 74.5455
8 256
9 0
9
1 0
2 0
3 0
4 0
5 199
6 0
7 74.2222
8 254.909
9 0
9
1 0
2 0
3 0
4 65.1429
5 197.6
6 0
7 74.3333
8 251.6
9 0
9
1 0
2 0
3 0
4 0
5 194.5
6 0
7 78
8 255.273
9 0
9
1 0
2 0
3 0
4 0
5 194
6 0
7 77.0909
8 254.182
9 0
9
1 0
2 0
3 0
4 0
5 194
6 0
7 76.9231
8 254.333
9 0
9
1 0
2 0
3 0
4 0
5 193.2
6 0
7 79.2727
8 250.8
9 0
9
1 0
2 0
3 0
4 0
5 194
6 0
7 77.0909
8 252.364
9 0
9
1 0
2 0
3 0
4 0
5 191.667
6 0
7 76.3077
8 249
9 0
9
1 0
2 0
3 0
4 0
5 189.818
6 0
7 81.5385
8 252.8
9 0
9
1 0
2 0
3 0
4 0
5 191
6 0
7 82.4
8 253.818
9 0
9
1 0
2 0
3 0
4 0
5 192.364
6 0
7 80
8 251
9 0
9
1 0
2 0
3 0
4 0
5 190
6 0
7 81.6667
8 248.333
9 0
9
1 0
2 0
3 0
4 0
5 187.667
6 0
7 80.6667
8 250.545
9 0
9
1 0
2 0
3 0
4 0
5 187
6 0
7 81.8182
8 247.2
9 0
9
1 0
2 0
3 0
4 0
5 187.556
6 0
7 81.3333
8 248
9 0
9
1 0
2 0
3 0
4 0
5 185.455
6 0
7 84
8 248.727
9 0
9
1 0
2 0
3 0
4 0
5 185.455
6 74.8571
7 83.6923
8 248.727
9 0
9
1 0
2 0
3 0
4 0
5 182.8
6 0
7 84.8889
8 246.545
9 0
9
1 0
2 0
3 0
4 0
5 184.889
6 0
7 86
8 243.667
9 0
9
1 0
2 0
3 0
4 0
5 184.5
6 77
7 80.6154
8 229.455
9 0
9
1 0
2 0
3 0
4 0
5 182.909
6 0
7 84.7273
8 244.889
9 0
9
1 0
2 0
3 0
4 0
5 180.444
6 0
7 86.4
8 243.273
9 0
9
1 0
2 0
3 0
4 0
5 184.571
6 0
7 87.6667
8 243.636
9 0
9
1 0
2 0
3 0
4 0
5 177.6
6 0
7 87
8 244.333
9 0
9
1 0
2 0
3 0
4 72.5
5 177
6 0
7 87.6364
8 240.727
9 0
9
1 0
2 0
3 0
4 0
5 176.889
6 0
7 89.2
8 239.667
9 0
9
1 0
2 0
3 0
4 0
5 178.5
6 0
7 88.3636
8 227.143
9 0
9
1 0
2 0
3 0
4 0
5 174.222
6 0
7 89.3333
8 238.333
9 0
9
1 0
2 0
3 0
4 0
5 175.2
6 0
7 90.5455
8 237.818
9 0
9
1 0
2 0
3 0
4 0
5 175.556
6 0
7 88.5
8 238.154
9 0
9
1 0
2 0
3 0
4 0
5 176.4
6 0
7 91.6
8 237.538
9 0
9
1 0
2 0
3 0
4 0
5 173.846
6 0
7 91.1111
8 235.385
9 0
9
1 0
2 0
3 0
4 72
5 173.2
6 0
7 90.8
8 237.091
9 0
9
1 0
2 0
3 0
4 0
5 168.571
6 0
7 94.5
8 234.333
9 0
9
1 0
2 0
3 0
4 0
5 173.667
6 0
7 95.3333
8 233.231
9 0
9
1 0
2 0
3 0
4 75
5 171.667
6 0
7 95
8 233.455
9 0
9
1 0
2 0
3 0
4 0
5 171.2
6 0
7 93.6
8 233.6
9 0
9
1 0
2 0
3 0
4 0
5 170.667
6 0
7 96.6667
8 232
9 0
9
1 0
2 0
3 0
4 0
5 171
6 0
7 94.4
8 231.385
9 0
9
1 0
2 0
3 0
4 0
5 168.364
6 0
7 97
8 230.545
9 0
9
1 0
2 0
3 0
4 0
5 169.6
6 0
7 97.7778
8 217
9 0
9
1 0
2 0
3 0
4 0
5 168
6 0
7 97.2308
8 228
9 0
9
1 0
2 0
3 0
4 0
5 167.667
6 0
7 96.6154
8 228.923
9 0
9
1 0
2 0
3 0
4 0
5 163.6
6 0
7 100.5
8 226.909
9 0
9
1 0
2 0
3 0
4 0
5 164.667
6 0
7 100.889
8 228.333
9 0
9
1 0
2 0
3 0
4 0
5 164
6 0
7 98.5455
8 227.077
9 0
9
1 0
2 0
3 0
4 0
5 162.909
6 0
7 102.182
8 224.308
9 0
9
1 0
2 0
3 0
4 0
5 165.667
6 0
7 102
8 225.455
9 0
9
1 0
2 0
3 0
4 78.8571
5 162.182
6 0
7 103.636
8 223.385
9 0
9
1 0
2 0
3 0
4 0
5 164
6 0
7 102.8
8 225.231
9 0
9
1 0
2 0
3 0
4 0
5 162.222
6 0
7 100.364
8 224
9 0
9
1 0
2 0
3 0
4 0
5 163.273
6 0
7 0
8 223.273
9 0
9
1 0
2 0
3 0
4 0
5 165.333
6 0
7 101.2
8 224.615
9 0
9
1 0
2 0
3 0
4 0
5 162
6 0
7 102.545
8 223
9 0
9
1 0
2 0
3 0
4 0
5 165
6 0
7 103.273
8 222.545
9 0
9
1 0
2 0
3 0
4 0
5 161.667
6 0
7 102.5
8 220.8
9 0
9
1 0
2 0
3 0
4 0
5 164.727
6 0
7 104.4
8 220.615
9 0
9
1 0
2 0
3 0
4 0
5 163.667
6 0
7 102.545
8 221.667
9 0
9
1 0
2 0
3 0
4 80.5714
5 161.455
6 0
7 100
8 217.091
9 0
9
1 0
2 0
3 0
4 81.7143
5 165.818
6 0
7 102
8 222.4
9 0
9
1 0
2 0
3 0
4 0
5 161.778
6 0
7 101.538
8 216
9 0
9
1 0
2 0
3 0
4 0
5 167.556
6 0
7 103.636
8 216.364
9 0
9
1 0
2 0
3 0
4 0
5 166.462
6 0
7 102.333
8 213.333
9 0
9
1 0
2 0
3 0
4 0
5 167.2
6 0
7 102.182
8 213.818
9 0
9
1 0
2 0
3 0
4 0
5 167.2
6 0
7 100
8 213.231
9 0
9
1 0
2 0
3 0
4 83.4286
5 168.364
6 0
7 101.333
8 213
9 0
9
1 0
2 0
3 0
4 84.8
5 167.667
6 0
7 101.846
8 208.727
9 0
9
1 0
2 0
3 0
4 86.6667
5 168.923
6 0
7 102.182
8 208
9 0
9
1 0
2 0
3 0
4 0
5 170.182
6 0
7 101
8 208.667
9 0
9
1 0
2 0
3 0
4 85.3333
5 168.308
6 0
7 98.7692
8 207.077
9 0
9
1 0
2 0
3 0
4 85.7778
5 171.333
6 0
7 100.8
8 207.2
9 0
9
1 0
2 0
3 0
4 88
5 172
6 0
7 99.6364
8 202.545
9 0
9
1 0
2 0
3 0
4 0
5 169.2
6 0
7 99.3333
8 200.923
9 0
9
1 0
2 0
3 0
4 88
5 172
6 0
7 100.4
8 200.308
9 0
9
1 0
2 0
3 0
4 0
5 170.667
6 0
7 101.231
8 202.182
9 0
9
1 0
2 0
3 0
4 89.7778
5 172
6 0
7 101.818
8 202
9 0
9
1 0
2 0
3 0
4 87.4286
5 173.091
6 0
7 100.333
8 202.769
9 0
9
1 0
2 0
3 0
4 87.4286
5 173.091
6 0
7 100.923
8 202.769
9 0
9
1 0
2 0
3 0
4 90.2222
5 171.333
6 0
7 101.333
8 199.667
9 0
9
1 0
2 0
3 0
4 90.8571
5 173.818
6 0
7 101.6
8 200.364
9 0
9
1 0
2 0
3 0
4 0
5 172
6 0
7 99.3333
8 198.462
9 0
9
1 0
2 0
3 0
4 0
5 172.923
6 0
7 99.6923
8 197.538
9 0
9
1 0
2 0
3 0
4 0
5 174.462
6 0
7 100.727
8 199.273
9 0
9
1 0
2 0
3 0
4 91.6667
5 174.154
6 0
7 100.4
8 197.091
9 0
9
1 0
2 0
3 0
4 0
5 173.455
6 0
7 98.9091
8 195.385
9 0
9
1 0
2 0
3 0
4 0
5 174.667
6 0
7 100.667
8 196.308
9 0
9
1 0
2 0
3 0
4 92
5 176.333
6 0
7 99.0769
8 193.455
9 0
9
1 0
2 0
3 0
4 93.1429
5 179
6 0
7 100.444
8 191.667
9 0
9
1 0
2 0
3 0
4 94.8571
5 177.6
6 0
7 98.7692
8 189.231
9 0
9
1 0
2 0
3 0
4 93.6
5 179
6 0
7 97.2
8 191.692
9 0
9
1 0
2 0
3 0
4 98.8571
5 178.154
6 0
7 96.3636
8 187.636
9 0
9
1 0
2 0
3 0
4 95.4286
5 182.333
6 0
7 95.5556
8 184.333
9 0
9
1 0
2 0
3 0
4 96
5 183.2
6 0
7 95.6364
8 182.769
9 0
9
1 0
2 0
3 0
4 94.6667
5 184.333
6 0
7 97.0909
8 182.462
9 0
9
1 0
2 0
3 0
4 98.2222
5 182.462
6 0
7 96
8 184
9 0
9
1 0
2 0
3 0
4 101.5
5 183.636
6 0
7 96
8 181.231
9 0
9
1 0
2 0
3 0
4 0
5 184
6 0
7 95.6923
8 178.462
9 0
9
1 0
2 0
3 0
4 98.4
5 187
6 0
7 95.6923
8 180
9 0
9
1 0
2 0
3 0
4 0
5 185.538
6 0
7 94
8 176.444
9 0
9
1 0
2 0
3 0
4 0
5 186.545
6 0
7 92
8 178.154
9 0
9
1 0
2 0
3 0
4 99.5
5 186.667
6 0
7 93.0909
8 178.154
9 0
9
1 0
2 0
3 0
4 102
5 187.077
6 0
7 94.9091
8 176.923
9 0
9
1 0
2 0
3 0
4 103.556
5 187.385
6 0
7 93.0909
8 159.667
9 0
9
1 0
2 0
3 0
4 97.2
5 186.8
6 0
7 92
8 175.077
9 0
9
1 0
2 0
3 0
4 0
5 183.385
6 0
7 92
8 174.769
9 0
9
1 0
2 0
3 0
4 102.5
5 187.077
6 0
7 93.5385
8 174
9 0
9
1 0
2 0
3 0
4 100.5
5 189.846
6 0
7 92.7273
8 171.636
9 0
9
1 0
2 0
3 0
4 103.556
5 192.4
6 0
7 90.6667
8 170.769
9 0
9
1 0
2 0
3 0
4 106.286
5 192.667
6 0
7 91.6364
8 167.636
9 0
9
1 0
2 0
3 0
4 0
5 192.333
6 0
7 91.0769
8 170
9 0
9
1 0
2 0
3 0
4 102.8
5 191.692
6 0
7 91.6
8 168
9 0
9
1 0
2 0
3 0
4 104
5 192.8
6 0
7 89.2
8 151.733
9 0
9
1 0
2 0
3 0
4 104.889
5 192
6 0
7 90.9091
8 167.333
9 0
9
1 0
2 0
3 0
4 0
5 194.154
6 0
7 91.6667
8 170
9 0
9
1 0
2 0
3 0
4 0
5 191.667
6 0
7 88
8 165.2
9 0
9
1 0
2 0
3 0
4 0
5 193.2
6 0
7 89.6667
8 167.636
9 0
9
1 0
2 0
3 0
4 0
5 194.769
6 0
7 89.8462
8 165.091
9 0
9
1 0
2 0
3 0
4 108
5 194.333
6 0
7 89.6
8 164
9 0
9
1 0
2 0
3 0
4 108.444
5 192.923
6 0
7 87.5556
8 161.091
9 0
9
1 0
2 0
3 0
4 106.286
5 195.636
6 0
7 88.9231
8 162.182
9 0
9
1 0
2 0
3 0
4 107.273
5 195.077
6 0
7 89.2308
8 159.077
9 0
9
1 0
2 0
3 0
4 108
5 197.846
6 0
7 86.7692
8 158
9 0
9
1 0
2 0
3 0
4 105.5
5 196.308
6 0
7 85.6
8 160.727
9 0
9
1 0
2 0
3 0
4 108
5 195.636
6 0
7 84.6667
8 159.667
9 0
9
1 0
2 0
3 0
4 108.4
5 199.077
6 0
7 87.3846
8 157.455
9 0
9
1 0
2 0
3 0
4 108.889
5 198.154
6 0
7 86.5455
8 157.2
9 0
9
1 0
2 0
3 0
4 107.5
5 198.667
6 0
7 86.9091
8 158.182
9 0
9
1 0
2 0
3 0
4 0
5 198.182
6 0
7 85.8462
8 155.077
9 0
9
1 0
2 0
3 0
4 111
5 198.154
6 0
7 85.4545
8 156.333
9 0
9
1 0
2 0
3 0
4 109.333
5 199.692
6 0
7 94.3333
8 154.4
9 0
9
1 0
2 0
3 0
4 112.444
5 203.667
6 0
7 82
8 156.667
9 0
9
1 0
2 0
3 0
4 112.5
5 202.182
6 0
7 84.6154
8 151.385
9 0
9
1 0
2 0
3 0
4 0
5 200.615
6 0
7 82.4615
8 153.667
9 0
9
1 0
2 0
3 0
4 113.333
5 200.308
6 0
7 82.6667
8 150.8
9 0
9
1 0
2 0
3 0
4 116.5
5 207.2
6 0
7 82.8
8 146.8
9 0
9
1 0
2 0
3 0
4 0
5 203.636
6 0
7 82.9091
8 149
9 0
9
1 0
2 0
3 0
4 114.545
5 204.923
6 0
7 84
8 147.077
9 0
9
1 0
2 0
3 0
4 110
5 206.462
6 0
7 82.2222
8 146.909
9 0
9
1 0
2 0
3 0
4 112.889
5 204.333
6 0
7 83.6
8 147
9 0
9
1 0
2 0
3 0
4 114.857
5 203.273
6 0
7 81.8182
8 149.091
9 0
9
1 0
2 0
3 0
4 108.889
5 205.538
6 0
7 83
8 145.818
9 0
9
1 0
2 0
3 0
4 116
5 206.462
6 0
7 84.8
8 145.333
9 0
9
1 0
2 0
3 0
4 115.636
5 203.636
6 0
7 81.2
8 144.923
9 0
9
1 0
2 0
3 0
4 116.5
5 205.333
6 0
7 81.4545
8 144.308
9 0
9
1 0
2 0
3 0
4 115.5
5 205.846
6 0
7 80.7273
8 143.667
9 0
9
1 0
2 0
3 0
4 116.889
5 206.154
6 0
7 80.4444
8 142.182
9 0
9
1 0
2 0
3 0
4 116.5
5 210.4
6 0
7 81.2
8 136
9 0
9
1 0
2 0
3 0
4 0
5 206.667
6 0
7 81.8182
8 142.462
9 0
9
1 0
2 0
3 0
4 116.8
5 206.462
6 0
7 80.8
8 134.333
9 0
9
1 0
2 0
3 0
4 117.333
5 209.846
6 0
7 78.8571
8 140.444
9 0
9
1 0
2 0
3 0
4 111.2
5 207.636
6 0
7 80.8889
8 140.727
9 0
9
1 0
2 0
3 0
4 116.444
5 210.182
6 0
7 80.6667
8 139.333
9 0
9
1 0
2 0
3 0
4 114.4
5 208
6 0
7 78.4615
8 138.667
9 0
9
1 0
2 0
3 0
4 119.2
5 210.462
6 0
7 79.1111
8 137.455
9 0
9
1 0
2 0
3 0
4 116.444
5 210.182
6 0
7 76.8
8 138.182
9 0
9
1 0
2 0
3 0
4 0
5 208.727
6 0
7 77.4545
8 134.769
9 0
9
1 0
2 0
3 0
4 118.667
5 210.462
6 0
7 76
8 135.333
9 0
9
1 0
2 0
3 0
4 120
5 211.385
6 0
7 76.8889
8 135.636
9 0
9
1 0
2 0
3 0
4 119
5 206
6 0
7 78.5
8 133.667
9 0
9
1 0
2 0
3 0
4 118
5 200
6 0
7 76.8889
8 132.615
9 0
9
1 0
2 0
3 0
4 120
5 211.385
6 0
7 77.3333
8 132
9 0
9
1 0
2 0
3 0
4 115.636
5 211.077
6 0
7 78
8 131.273
9 0
9
1 0
2 0
3 0
4 119.556
5 213.455
6 0
7 77.0909
8 134
9 0
9
1 0
2 0
3 0
4 117.2
5 212
6 0
7 76
8 133.2
9 0
9
1 0
2 0
3 0
4 124
5 214.154
6 0
7 75.6
8 124.8
9 0
9
1 0
2 0
3 0
4 120.889
5 212.364
6 0
7 78
8 127.333
9 0
9
1 0
2 0
3 0
4 121.143
5 213.333
6 0
7 76
8 131.6
9 0
9
1 0
2 0
3 0
4 118.857
5 212.615
6 0
7 77.0909
8 133
9 0
9
1 0
2 0
3 0
4 121.333
5 212.308
6 0
7 76
8 130.667
9 0
9
1 0
2 0
3 0
4 121.091
5 212.364
6 0
7 80.4444
8 132
9 0
9
1 0
2 0
3 0
4 118
5 201.429
6 0
7 77.6
8 133
9 0
9
1 0
2 0
3 0
4 0
5 212
6 0
7 77
8 125
9 0
9
1 0
2 0
3 0
4 122.222
5 212.308
6 0
7 75.2727
8 130.182
9 0
9
1 0
2 0
3 0
4 120.571
5 214.8
6 0
7 75.2727
8 129.2
9 0
9
1 0
2 0
3 0
4 120.8
5 213
6 0
7 74.9091
8 126.333
9 0
9
1 0
2 0
3 0
4 122
5 206
6 0
7 76
8 128
9 0
9
1 0
2 0
3 0
4 120.667
5 204.571
6 0
7 73.2
8 124.889
9 0
9
1 0
2 0
3 0
4 121.778
5 211.636
6 0
7 75.6364
8 127
9 0
9
1 0
2 0
3 0
4 115.5
5 213.846
6 0
7 73.6
8 127.692
9 0
9
1 0
2 0
3 0
4 118.182
5 213.231
6 0
7 75.3333
8 126.8
9 0
9
1 0
2 0
3 0
4 123.273
5 216.923
6 0
7 73.2
8 126.4
9 0
9
1 0
2 0
3 0
4 122.286
5 215.636
6 0
7 73.6667
8 125.455
9 0
9
1 0
2 0
3 0
4 122.333
5 216.308
6 0
7 75
8 125.538
9 0
9
1 0
2 0
3 0
4 120.889
5 215.692
6 0
7 72.7273
8 122.8
9 0
9
1 0
2 0
3 0
4 123.2
5 216.308
6 0
7 70.5455
8 122
9 0
9
1 0
2 0
3 0
4 122.857
5 218.182
6 0
7 73.3333
8 114.769
9 0
9
1 0
2 0
3 0
4 122
5 208.286
6 0
7 71.6364
8 122.333
9 0
9
1 0
2 0
3 0
4 126.4
5 216
6 0
7 73.3333
8 119.6
9 0
9
1 0
2 0
3 0
4 121.5
5 217.846
6 0
7 72.5
8 118.909
9 0
9
1 0
2 0
3 0
4 123.111
5 218.909
6 0
7 72.6667
8 115.556
9 0
9
1 0
2 0
3 0
4 126.4
5 220.308
6 0
7 70
8 117.538
9 0
9
1 0
2 0
3 0
4 127.111
5 220
6 0
7 74
8 118.222
9 0
9
1 0
2 0
3 0
4 122
5 217.333
6 0
7 72
8 117.2
9 0
9
1 0
2 0
3 0
4 0
5 216.364
6 0
7 70.8571
8 116
9 0
9
1 0
2 0
3 0
4 123.556
5 219.077
6 0
7 72
8 117.333
9 0
9
1 0
2 0
3 0
4 126.545
5 219.077
6 0
7 70.8
8 113.5
9 0
9
1 0
2 0
3 0
4 130.667
5 218.909
6 0
7 70.2222
8 114.667
9 0
9
1 0
2 0
3 0
4 124
5 221.091
6 0
7 70.4
8 113.2
9 0
9
1 0
2 0
3 0
4 126.8
5 218.769
6 0
7 0
8 114.8
9 0
9
1 0
2 0
3 0
4 122.333
5 210
6 0
7 70
8 113.333
9 0
9
1 0
2 0
3 0
4 125.5
5 216.727
6 0
7 68.5714
8 111.6
9 0
9
1 0
2 0
3 0
4 127.5
5 220
6 0
7 68.8
8 109.6
9 0
9
1 0
2 0
3 0
4 0
5 221.538
6 0
7 0
8 109.667
9 0
9
1 0
2 0
3 0
4 127
5 220.923
6 0
7 0
8 108.4
9 0
9
1 0
2 0
3 0
4 126.667
5 220
6 0
7 0
8 110.8
9 0
9
1 0
2 0
3 0
4 126.5
5 221.667
6 0
7 65.7143
8 107.667
9 0
9
1 0
2 0
3 0
4 124.8
5 218.462
6 0
7 69
8 107
9 0
9
1 0
2 57.1429
3 0
4 129.5
5 222.154
6 0
7 66.8571
8 109.333
9 0
9
1 0
2 0
3 0
4 127.2
5 221.818
6 0
7 67
8 106.909
9 0
9
1 0
2 0
3 0
4 128.444
5 222
6 0
7 0
8 107.2
9 0
9
1 0
2 0
3 0
4 129.2
5 221.538
6 0
7 61.7143
8 104.8
9 0
9
1 0
2 0
3 0
4 129.818
5 222.462
6 0
7 0
8 105.2
9 0
9
1 0
2 0
3 0
4 128
5 209.231
6 0
7 0
8 102.182
9 0
9
1 0
2 0
3 0
4 129.778
5 221.667
6 0
7 0
8 103.667
9 0
9
1 0
2 0
3 0
4 129.6
5 220.923
6 0
7 62
8 103.667
9 0
9
1 0
2 0
3 0
4 128.364
5 219.692
6 0
7 0
8 101.778
9 0
9
1 0
2 0
3 0
4 129.5
5 223.273
6 0
7 0
8 103.273
9 0
9
1 0
2 0
3 0
4 128.571
5 222.154
6 0
7 67
8 103.556
9 0
9
1 0
2 0
3 0
4 130.333
5 223.692
6 0
7 0
8 102.4
9 0
9
1 0
2 0
3 0
4 129.6
5 221.846
6 74.8571
7 0
8 98.6667
9 0
9
1 0
2 0
3 0
4 132
5 224.727
6 0
7 0
8 101.091
9 0
9
1 0
2 0
3 0
4 129.778
5 222.769
6 0
7 0
8 99.6364
9 0
9
1 0
2 0
3 0
4 129.455
5 221.231
6 0
7 0
8 93.0909
9 0
9
1 0
2 0
3 0
4 128.889
5 221.667
6 0
7 0
8 96.8
9 0
9
1 0
2 0
3 0
4 132.8
5 221.818
6 0
7 61.7143
8 99.4286
9 0
9
1 0
2 0
3 0
4 130.222
5 223.385
6 0
7 63.1111
8 97.8182
9 0
9
1 0
2 0
3 0
4 129
5 223.077
6 78.2857
7 0
8 95.2
9 0
9
1 0
2 0
3 0
4 130.4
5 208.923
6 0
7 0
8 98.4
9 0
9
1 0
2 0
3 0
4 131.6
5 222.182
6 0
7 61
8 95.5
9 0
9
1 0
2 0
3 0
4 132.444
5 224.615
6 0
7 0
8 95.6364
9 0
9
1 0
2 0
3 0
4 129.846
5 223.385
6 0
7 0
8 88.5
9 0
9
1 0
2 0
3 60.5714
4 133.667
5 224.727
6 0
7 0
8 94
9 0
9
1 0
2 0
3 0
4 131.5
5 223.667
6 0
7 0
8 92
9 0
9
1 0
2 0
3 60
4 130.909
5 225.538
6 0
7 0
8 92.4
9 0
9
1 0
2 0
3 0
4 134
5 225.538
6 0
7 0
8 90.8
9 0
9
1 0
2 0
3 0
4 130.5
5 224
6 0
7 0
8 89.0909
9 0
9
1 0
2 0
3 0
4 133.091
5 224.667
6 0
7 0
8 90.2222
9 0
9
1 0
2 0
3 0
4 130.4
5 225.846
6 0
7 0
8 83.6364
9 0
9
1 0
2 0
3 0
4 131.556
5 222.769
6 0
7 0
8 87.4286
9 0
9
1 0
2 0
3 0
4 133.333
5 223.636
6 0
7 0
8 88
9 0
9
1 0
2 60
3 0
4 132
5 224.615
6 0
7 57.5
8 91
9 0
9
1 0
2 0
3 64
4 130.545
5 226.769
6 0
7 0
8 89
9 0
9
1 60.5
2 0
3 0
4 131.636
5 224
6 0
7 0
8 85.1429
9 0
9
1 0
2 0
3 0
4 130.667
5 222.182
6 0
7 0
8 82.6667
9 0
9
1 0
2 0
3 0
4 132
5 211.429
6 0
7 0
8 84.5714
9 0
9
1 60
2 0
3 0
4 131.2
5 227.077
6 0
7 0
8 85.7143
9 0
9
1 0
2 0
3 62.8571
4 134.545
5 228.923
6 0
7 0
8 86.5
9 0
9
1 59.5
2 62.5
3 61.2
4 126.545
5 225.818
6 0
7 0
8 84
9 0
9
1 61.7143
2 0
3 0
4 132.727
5 224.923
6 0
7 0
8 84.8
9 0
9
1 61.5
2 0
3 68
4 131.333
5 223.692
6 0
7 0
8 82.8571
9 0
9
1 55.5
2 70
3 65.1429
4 130.333
5 225.333
6 0
7 0
8 0
9 0
9
1 0
2 0
3 0
4 126
5 226.909
6 0
7 0
8 83.1111
9 0
9
1 0
2 69.7778
3 67.5
4 128.364
5 226.154
6 0
7 0
8 79.5
9 0
9
1 0
2 0
3 69.1429
4 131.6
5 227.385
6 0
7 0
8 0
9 0
9
1 56.5714
2 68.5
3 68
4 130.154
5 225.667
6 0
7 0
8 75.4286
9 0
9
1 0
2 0
3 66.5
4 128.889
5 224
6 0
7 0
8 75
9 0
9
1 0
2 72.5
3 69
4 128.667
5 224.615
6 0
7 0
8 76.5
9 0
9
1 0
2 73.7143
3 69.7143
4 121.091
5 224.615
6 0
7 0
8 77.2
9 0
9
1 0
2 75.5
3 69.7143
4 128.667
5 226.667
6 0
7 0
8 74.6667
9 0
9
1 0
2 76.5
3 70
4 128.364
5 210
6 0
7 0
8 72
9 0
9
1 0
2 72.5714
3 71.4286
4 128.333
5 221.846
6 0
7 0
8 73
9 0
9
1 62.8
2 0
3 67.6
4 129.846
5 224.923
6 0
7 0
8 84.8889
9 0
9
1 65.5
2 75
3 66.8
4 128.333
5 225.538
6 0
7 0
8 72
9 0
9
1 62.8571
2 74.2222
3 69.7778
4 129.6
5 223.636
6 0
7 0
8 74.8571
9 0
9
1 0
2 76.5
3 71.2727
4 130.333
5 224.308
6 0
7 0
8 0
9 0
9
1 0
2 75.5556
3 71
4 129.333
5 223.667
6 0
7 0
8 84
9 0
9
1 0
2 75.5556
3 72.4444
4 130.8
5 226.545
6 0
7 0
8 75.5556
9 0
9
1 0
2 75.1111
3 70.1818
4 129
5 224
6 0
7 0
8 73.0909
9 0
9
1 0
2 77.7778
3 71.5556
4 130.667
5 224
6 84.5714
7 0
8 0
9 0
9
1 0
2 77.0909
3 69.5
4 128
5 224
6 0
7 0
8 0
9 0
9
1 69.1429
2 79.6
3 71.1111
4 128
5 222.667
6 0
7 0
8 70.5455
9 0
9
1 0
2 82.8
3 73.5
4 127
5 221.846
6 0
7 0
8 0
9 0
9
1 65
2 82.8
3 73.6667
4 129
5 222.154
6 0
7 0
8 0
9 0
9
1 0
2 82.4
3 74.4
4 129.2
5 222.182
6 0
7 0
8 68
9 0
9
1 75.4286
2 83.5556
3 76.8
4 128
5 223.667
6 0
7 0
8 0
9 0
9
1 0
2 78.6667
3 73.0909
4 130.182
5 222.462
6 0
7 0
8 68
9 0
9
1 0
2 81.0909
3 73.4545
4 128.615
5 222.154
6 0
7 0
8 0
9 0
9
1 0
2 84
3 73.6
4 129.5
5 223.636
6 0
7 0
8 68.5714
9 0
9
1 0
2 83.5
3 75.2
4 129.6
5 223.077
6 0
7 0
8 67.6
9 0
9
1 0
2 83
3 75.3846
4 128.727
5 219.692
6 0
7 0
8 0
9 0
9
1 0
2 84.4
3 75.6364
4 130.333
5 220.615
6 0
7 0
8 66.2857
9 0
9
1 66.2857
2 85.5
3 77
4 126.222
5 221.818
6 0
7 0
8 0
9 0
9
1 69.5
2 86.2857
3 78
4 128.364
5 222.462
6 0
7 0
8 0
9 0
9
1 0
2 83.6667
3 77.5385
4 128
5 221.846
6 0
7 0
8 0
9 0
9
1 0
2 85
3 75.0769
4 126.462
5 221.231
6 0
7 0
8 67.4286
9 0
9
1 0
2 86
3 74.5455
4 127.2
5 221.818
6 0
7 0
8 66.5
9 0
9
1 0
2 85.1429
3 74.5
4 126
5 221.231
6 0
7 0
8 0
9 0
9
1 0
2 86.8571
3 76
4 126
5 208.286
6 0
7 0
8 71.5
9 0
9
1 69.7143
2 88
3 75.5
4 126.154
5 220.333
6 0
7 0
8 0
9 0
9
1 0
2 87.2727
3 78.8
4 127.636
5 222.182
6 0
7 0
8 68
9 0
9
1 0
2 88
3 77.2
4 125.231
5 219.077
6 0
7 0
8 0
9 0
9
1 0
2 89.4545
3 77
4 128.333
5 220.308
6 0
7 0
8 0
9 0
9
1 72.8
2 90
3 77.6
4 125
5 218.909
6 0
7 0
8 0
9 0
9
1 0
2 91.6
3 75.6667
4 129.2
5 217.818
6 0
7 0
8 0
9 0
9
1 0
2 91.5
3 78.6667
4 128.333
5 218.462
6 0
7 0
8 0
9 0
9
1 0
2 92.8889
3 80.6154
4 127.667
5 218.769
6 0
7 0
8 0
9 0
9
1 0
2 90.6667
3 79.6364
4 128
5 218.182
6 0
7 0
8 0
9 0
9
1 76.4
2 92.5
3 79.6
4 128.4
5 217.333
6 0
7 0
8 0
9 0
9
1 0
2 93.1429
3 81.2
4 128
5 216.923
6 0
7 0
8 0
9 0
9
1 0
2 95.6
3 80
4 128.923
5 215.692
6 0
7 0
8 0
9 0
9
1 74.8
2 96.4
3 80
4 127.6
5 215.273
6 0
7 0
8 0
9 0
9
1 73.7778
2 97.8182
3 81.2
4 128.727
5 213.538
6 0
7 0
8 0
9 0
9
1 0
2 95.2
3 83.3846
4 127.333
5 213.538
6 0
7 0
8 0
9 0
9
1 77.6
2 97.0909
3 85.2
4 126.286
5 211.385
6 0
7 0
8 0
9 0
9
1 76.8889
2 96.6667
3 82.6667
4 126.545
5 212.727
6 0
7 0
8 0
9 0
9
1 77.7778
2 100
3 83.6364
4 126.909
5 213.538
6 0
7 0
8 0
9 0
9
1 0
2 95.6667
3 83.6667
4 129
5 213.231
6 0
7 0
8 0
9 0
9
1 0
2 100
3 84.3333
4 127.667
5 209.231
6 0
7 0
8 0
9 0
9
1 83.5
2 103.6
3 84.3636
4 127.556
5 208
6 0
7 0
8 0
9 0
9
1 0
2 104
3 85.0909
4 125.2
5 206.462
6 0
7 0
8 0
9 0
9
1 81.5
2 103.667
3 86.7692
4 126.333
5 207.692
6 0
7 0
8 0
9 0
9
1 0
2 104.308
3 87.0769
4 127.273
5 206.769
6 0
7 0
8 0
9 0
9
1 81.7143
2 108
3 85.5385
4 125.818
5 205.818
6 0
7 0
8 56
9 0
9
1 0
2 106
3 89.6
4 127.333
5 204.308
6 0
7 0
8 0
9 0
9
1 0
2 107.667
3 86.7692
4 128
5 203.385
6 0
7 0
8 0
9 0
9
1 0
2 106.4
3 86
4 129.538
5 203.667
6 0
7 0
8 0
9 0
9
1 86.2222
2 111.385
3 87
4 128
5 200.364
6 0
7 0
8 0
9 0
9
1 0
2 112.4
3 87.6364
4 129
5 201.231
6 0
7 0
8 57.1429
9 0
9
1 0
2 111.333
3 87.6923
4 128.727
5 198.769
6 78.8571
7 0
8 0
9 0
9
1 88.4444
2 112
3 89.2308
4 127.692
5 200.667
6 0
7 0
8 0
9 0
9
1 0
2 112.667
3 88.7273
4 126.909
5 200
6 0
7 0
8 0
9 0
9
1 0
2 113.2
3 89.6667
4 127.692
5 197.846
6 0
7 0
8 0
9 0
9
1 0
2 113.231
3 90.6667
4 127.385
5 197.538
6 0
7 0
8 0
9 0
9
1 91
2 114.769
3 87.6667
4 127.077
5 196
6 0
7 0
8 0
9 0
9
1 91.1111
2 115.636
3 90.5455
4 126.545
5 196
6 0
7 0
8 0
9 0
9
1 0
2 117.2
3 92
4 127
5 195.385
6 0
7 0
8 0
9 0
9
1 0
2 119
3 92
4 128.308
5 194.154
6 0
7 0
8 0
9 0
9
1 0
2 121.538
3 92.6154
4 124.923
5 195.273
6 0
7 0
8 0
9 0
9
1 0
2 123.2
3 93.4545
4 126.545
5 194
6 0
7 0
8 0
9 0
9
1 0
2 124
3 93
4 124.923
5 190.462
6 0
7 0
8 0
9 0
9
1 98
2 125.538
3 94.7692
4 123.692
5 190.462
6 0
7 0
8 0
9 0
9
1 99
2 121.143
3 94.6667
4 124
5 189.091
6 0
7 0
8 0
9 0
9
1 0
2 125.455
3 94
4 124
5 190.667
6 0
7 0
8 0
9 0
9
1 0
2 125.2
3 93.2308
4 124.615
5 192.333
6 0
7 0
8 0
9 0
9
1 95.5
2 126.154
3 96.3077
4 122.462
5 190.462
6 0
7 0
8 0
9 0
9
1 0
2 127.333
3 97.5385
4 124.667
5 187.273
6 0
7 0
8 0
9 0
9
1 100.8
2 128
3 95.2727
4 124
5 188.615
6 0
7 0
8 0
9 0
9
1 0
2 130.909
3 94
4 122.769
5 184.923
6 0
7 0
8 0
9 0
9
1 0
2 132.308
3 95.6923
4 122.154
5 184
6 0
7 0
8 0
9 0
9
1 0
2 135.333
3 96.6154
4 123.077
5 180.727
6 0
7 0
8 0
9 0
9
1 0
2 137
3 98.1818
4 122.545
5 181.455
6 0
7 0
8 0
9 0
9
1 0
2 137.455
3 99
4 120.923
5 181.231
6 0
7 0
8 0
9 0
9
1 106.286
2 136.923
3 98.4615
4 123.385
5 179.692
6 0
7 0
8 0
9 0
9
1 108.571
2 139.692
3 96.9231
4 121.538
5 178.182
6 0
7 0
8 0
9 0
9
1 109.333
2 143.333
3 97.6
4 121.455
5 176.333
6 74.8571
7 0
8 0
9 0
9
1 0
2 142.909
3 100.923
4 121.538
5 175.077
6 0
7 0
8 0
9 0
9
1 110.222
2 143.385
3 98.7692
4 121.667
5 170.769
6 0
7 0
8 0
9 0
9
1 113.778
2 144.923
3 102.462
4 121.333
5 171.636
6 0
7 0
8 0
9 0
9
1 115.556
2 149.091
3 102.545
4 119.636
5 171.385
6 0
7 0
8 0
9 0
9
1 117.714
2 149.818
3 102.182
4 118.769
5 170.769
6 0
7 0
8 0
9 0
9
1 119.111
2 153.231
3 103.385
4 118.769
5 167.385
6 0
7 0
8 0
9 0
9
1 122.222
2 155.077
3 104
4 118
5 165.091
6 0
7 0
8 0
9 0
9
1 119.111
2 154.909
3 102.909
4 117.818
5 163.385
6 0
7 0
8 0
9 0
9
1 0
2 158
3 104.667
4 118.462
5 163.385
6 0
7 0
8 0
9 0
9
1 120
2 156
3 100.857
4 118.154
5 162.462
6 0
7 0
8 0
9 0
9
1 124.333
2 156.923
3 103.385
4 115.333
5 163.273
6 0
7 0
8 0
9 0
9
1 122.857
2 158.667
3 105.2
4 116.667
5 160.615
6 0
7 0
8 0
9 0
9
1 0
2 161.091
3 104.667
4 115.077
5 160.615
6 0
7 0
8 0
9 0
9
1 123
2 161.538
3 107
4 114.462
5 160.308
6 0
7 0
8 0
9 0
9
1 124.5
2 162.154
3 106.154
4 115.333
5 158.545
6 0
7 0
8 0
9 0
9
1 128.571
2 164.727
3 104.364
4 113.091
5 157.231
6 0
7 0
8 0
9 0
9
1 128.571
2 166
3 105.538
4 114.462
5 154.769
6 0
7 0
8 0
9 0
9
1 128
2 166
3 106.769
4 114.769
5 156.615
6 0
7 0
8 0
9 0
9
1 130
2 165.846
3 105.846
4 112.364
5 156
6 0
7 0
8 0
9 0
9
1 130.857
2 169.818
3 109.091
4 112.308
5 153.846
6 0
7 0
8 0
9 0
9
1 131
2 169.538
3 108.615
4 112.308
5 152.615
6 0
7 0
8 0
9 0
9
1 130.222
2 172
3 109.846
4 110.769
5 150.462
6 0
7 0
8 0
9 0
9
1 134.8
2 173
3 111.667
4 110.545
5 150.182
6 0
7 0
8 0
9 0
9
1 134
2 173.091
3 109.091
4 110
5 150.769
6 0
7 0
8 0
9 0
9
1 136.889
2 173
3 108.923
4 112
5 150.462
6 0
7 0
8 0
9 0
9
1 137.091
2 177.231
3 110.154
4 110.462
5 149.667
6 0
7 0
8 0
9 0
9
1 138.667
2 177.231
3 109.231
4 108.727
5 149.091
6 0
7 0
8 0
9 0
9
1 138.8
2 177.818
3 109.455
4 109.091
5 146.154
6 0
7 0
8 0
9 0
9
1 137.778
2 178.333
3 109.538
4 108.615
5 147.077
6 0
7 0
8 0
9 0
9
1 140
2 181.231
3 109.846
4 103.143
5 143.385
6 0
7 0
8 0
9 0
9
1 140.889
2 181.538
3 111
4 109.455
5 142.545
6 0
7 0
8 0
9 0
9
1 0
2 184
3 110.182
4 110
5 142.462
6 0
7 0
8 0
9 0
9
1 140
2 183.077
3 109.846
4 107.692
5 143.077
6 0
7 0
8 0
9 0
9
1 140.889
2 183.077
3 110.769
4 107.385
5 143.667
6 0
7 0
8 0
9 0
9
1 0
2 184
3 108
4 107.273
5 142.545
6 0
7 0
8 0
9 0
9
1 142
2 184
3 109.818
4 106.769
5 140.308
6 0
7 0
8 0
9 0
9
1 0
2 184.308
3 108.667
4 106.769
5 141.846
6 0
7 0
8 0
9 0
9
1 0
2 186.154
3 109.846
4 104.923
5 139
6 0
7 0
8 0
9 0
9
1 145.5
2 190.769
3 110.909
4 106.545
5 138.545
6 0
7 0
8 0
9 0
9
1 148.444
2 190.909
3 111
4 104.667
5 136.923
6 0
7 0
8 0
9 0
9
1 0
2 189.846
3 111.385
4 105.231
5 137.846
6 0
7 0
8 0
9 0
9
1 150.222
2 181.714
3 110.769
4 104.615
5 136.727
6 0
7 0
8 0
9 0
9
1 152
2 195.333
3 111.273
4 103.636
5 134.333
6 0
7 0
8 0
9 0
9
1 153.143
2 194.909
3 112
4 104.308
5 134.462
6 0
7 0
8 0
9 0
9
1 154
2 197.231
3 113.231
4 102.462
5 132.615
6 0
7 0
8 0
9 0
9
1 153
2 199.077
3 114.154
4 102.154
5 131.273
6 0
7 0
8 0
9 0
9
1 157
2 199.667
3 112.727
4 102.545
5 129.333
6 0
7 0
8 0
9 0
9
1 151.429
2 200.727
3 112.667
4 101.538
5 129.231
6 0
7 0
8 0
9 0
9
1 159.5
2 203.692
3 112.615
4 97.8462
5 127.692
6 0
7 0
8 0
9 0
9
1 157.2
2 201.231
3 112.923
4 100.333
5 128.364
6 0
7 0
8 0
9 0
9
1 158
2 203.273
3 111.636
4 99.6364
5 128.308
6 0
7 0
8 0
9 0
9
1 0
2 204.333
3 112.308
4 99.3846
5 127.692
6 0
7 0
8 0
9 0
9
1 157.714
2 192.857
3 114.182
4 103.077
5 127.385
6 0
7 0
8 0
9 0
9
1 157.714
2 203.077
3 112.923
4 101.455
5 126.909
6 0
7 0
8 0
9 0
9
1 0
2 200.364
3 112
4 102
5 128.923
6 0
7 0
8 0
9 0
9
1 160
2 192
3 112.923
4 101.231
5 127.385
6 0
7 0
8 0
9 0
9
1 159
2 202.154
3 114.769
4 100.615
5 128
6 0
7 0
8 0
9 0
9
1 156.889
2 201.846
3 112.667
4 102.545
5 128.727
6 0
7 0
8 0
9 0
9
1 0
2 202.545
3 116
4 100.615
5 129.231
6 0
7 0
8 0
9 0
9
1 157
2 199.143
3 113.846
4 100.923
5 126.769
6 0
7 0
8 0
9 0
9
1 156.889
2 203.385
3 114.769
4 97.5385
5 131.273
6 0
7 0
8 0
9 0
9
1 157
2 204
3 115.273
4 99.6364
5 131.273
6 0
7 0
8 0
9 0
9
1 158.8
2 203.273
3 116.333
4 98.1538
5 129.231
6 0
7 0
8 0
9 0
9
1 158.286
2 206.462
3 117.538
4 97.8462
5 131.077
6 0
7 0
8 0
9 0
9
1 155.6
2 207.077
3 118.154
4 95.4286
5 129.455
6 0
7 0
8 0
9 0
9
1 154.8
2 195.692
3 118.182
4 97.0909
5 131.667
6 0
7 0
8 0
9 0
9
1 0
2 204.727
3 123
4 93.2308
5 133.538
6 0
7 0
8 0
9 0
9
1 154.857
2 204.615
3 121.846
4 95.6923
5 133.538
6 0
7 0
8 0
9 0
9
1 152
2 207.077
3 120.615
4 95.2727
5 132.727
6 0
7 0
8 0
9 0
9
1 151.556
2 207
3 122.545
4 93.0909
5 134.333
6 0
7 0
8 0
9 0
9
1 152.571
2 208.727
3 123.692
4 92.9231
5 132.667
6 0
7 0
8 0
9 0
9
1 146.857
2 207.077
3 124.615
4 91.0769
5 133.538
6 0
7 0
8 0
9 0
9
1 0
2 209.538
3 125.846
4 90.3333
5 134.909
6 0
7 0
8 0
9 0
9
1 150.5
2 209.091
3 126.182
4 91.2
5 137.538
6 0
7 0
8 0
9 0
9
1 0
2 209.091
3 125.846
4 89.8462
5 137.333
6 0
7 0
8 0
9 0
9
1 147.5
2 209.231
3 128.308
4 87.2727
5 138.667
6 0
7 0
8 0
9 0
9
1 0
2 209.538
3 131.692
4 83
5 138.909
6 0
7 0
8 0
9 0
9
1 144
2 210.909
3 133.091
4 87.5556
5 140.615
6 0
7 0
8 0
9 0
9
1 0
2 210
3 134.154
4 85.5
5 141.538
6 0
7 0
8 0
9 0
9
1 144
2 210.154
3 132.923
4 85.0909
5 140
6 0
7 0
8 0
9 0
9
1 143.429
2 210.462
3 135.333
4 81.3333
5 141.6
6 0
7 0
8 0
9 0
9
1 142.667
2 209.455
3 134.909
4 83.1111
5 142.769
6 0
7 0
8 0
9 0
9
1 141.714
2 209.846
3 135.385
4 84.5714
5 144
6 0
7 0
8 0
9 0
9
1 143
2 211.385
3 136.615
4 82.5
5 144
6 0
7 0
8 0
9 0
9
1 139
2 208.923
3 137.667
4 84
5 144
6 73.1429
7 0
8 0
9 0
9
1 142.857
2 210.182
3 137.091
4 79.1111
5 142.333
6 70
7 0
8 0
9 0
9
1 0
2 206.769
3 140.308
4 81.5
5 147
6 71.4286
7 0
8 0
9 0
9
1 138.5
2 209.846
3 141.846
4 79
5 145.818
6 0
7 0
8 0
9 0
9
1 139.5
2 207.385
3 142.182
4 0
5 146.182
6 76
7 0
8 0
9 0
9
1 0
2 210.545
3 142.545
4 77.7143
5 147.077
6 73.1429
7 0
8 0
9 0
9
1 138.5
2 210.154
3 144.923
4 78.2857
5 144.667
6 74.2222
7 0
8 0
9 0
9
1 135.5
2 208.923
3 146.462
4 81.1429
5 143.273
6 0
7 0
8 0
9 0
9
1 134.5
2 211.667
3 143.273
4 0
5 148.333
6 75.5
7 0
8 0
9 0
9
1 136
2 208.727
3 145.667
4 77.1429
5 148
6 0
7 0
8 0
9 0
9
1 135.5
2 208.615
3 144.923
4 75
5 148.615
6 0
7 0
8 0
9 0
9
1 133.778
2 210.769
3 146.462
4 0
5 151.636
6 76
7 0
8 0
9 0
9
1 135
2 208.727
3 148
4 77.1429
5 149.455
6 78.5
7 0
8 0
9 0
9
1 0
2 210.182
3 149.538
4 75.4286
5 150
6 79
7 0
8 0
9 0
9
1 131.2
2 208.923
3 151.692
4 73.5
5 152
6 81.7143
7 0
8 0
9 0
9
1 129.143
2 207.385
3 151.692
4 0
5 152.364
6 0
7 0
8 0
9 0
9
1 131.5
2 206.545
3 152.727
4 0
5 153.667
6 82.6667
7 0
8 0
9 0
9
1 0
2 197.667
3 153.231
4 0
5 153.455
6 80
7 0
8 0
9 0
9
1 127.429
2 207.692
3 154.154
4 0
5 155.077
6 82.5455
7 0
8 0
9 0
9
1 127.5
2 207.385
3 157.846
4 0
5 153.818
6 83.6
7 0
8 0
9 0
9
1 124
2 206.909
3 158.545
4 0
5 157.333
6 84
7 0
8 0
9 0
9
1 0
2 206
3 157.231
4 0
5 155.667
6 85.4545
7 0
8 0
9 0
9
1 128.444
2 205.231
3 158.154
4 0
5 156
6 86.6667
7 0
8 0
9 0
9
1 124.5
2 207.077
3 158.333
4 0
5 157.455
6 86.3333
7 0
8 0
9 0
9
1 0
2 205.091
3 161.091
4 0
5 160.667
6 84.7273
7 0
8 0
9 0
9
1 122.286
2 204.615
3 160.923
4 0
5 158.182
6 87.2727
7 0
8 0
9 0
9
1 0
2 205
3 161.231
4 0
5 156.667
6 85
7 0
8 0
9 0
9
1 122.667
2 207.077
3 165
4 0
5 158.667
6 89.3333
7 0
8 0
9 0
9
1 0
2 203.636
3 168
4 0
5 161.6
6 88.7273
7 0
8 0
9 0
9
1 0
2 204.923
3 166.462
4 0
5 160.667
6 91.6
7 0
8 0
9 0
9
1 0
2 206.462
3 164.923
4 0
5 160
6 90.5455
7 0
8 0
9 0
9
1 120
2 204.923
3 168.364
4 0
5 161.6
6 89.2
7 0
8 0
9 0
9
1 121.143
2 206.182
3 169.818
4 0
5 159.333
6 90.4615
7 0
8 0
9 0
9
1 0
2 205.846
3 172
4 0
5 161.667
6 90.5455
7 0
8 0
9 0
9
1 0
2 206.462
3 172.615
4 0
5 161.6
6 92
7 0
8 0
9 0
9
1 116.889
2 203.385
3 173.091
4 0
5 165.455
6 91.6923
7 0
8 0
9 0
9
1 115.556
2 205.818
3 172
4 0
5 163.333
6 93.5385
7 0
8 0
9 0
9
1 115.429
2 204.923
3 173.846
4 0
5 164
6 92.7273
7 0
8 0
9 0
9
1 0
2 204.923
3 173.846
4 0
5 163.273
6 95.2727
7 0
8 0
9 0
9
1 112.444
2 204.923
3 177.818
4 0
5 162.4
6 95.3846
7 0
8 0
9 0
9
1 0
2 202.182
3 179.333
4 0
5 165.231
6 96.3636
7 0
8 0
9 0
9
1 110.286
2 203.077
3 180.615
4 0
5 166
6 97.2308
7 0
8 0
9 0
9
1 111.111
2 201.538
3 180.615
4 0
5 163.556
6 96
7 0
8 0
9 0
9
1 114.857
2 201.333
3 182.182
4 0
5 164.727
6 96.9231
7 0
8 0
9 0
9
1 0
2 202.909
3 183.667
4 0
5 166
6 97.0909
7 0
8 0
9 0
9
1 0
2 202.667
3 188
4 0
5 167.636
6 99.6364
7 0
8 0
9 0
9
1 106
2 201.667
3 189.231
4 0
5 168.364
6 101.455
7 0
8 0
9 0
9
1 0
2 199
3 189.091
4 0
5 168.364
6 101.846
7 0
8 0
9 0
9
1 102.857
2 200.364
3 189.538
4 0
5 170
6 102.154
7 0
8 0
9 0
9
1 103.556
2 200
3 192
4 0
5 171.6
6 103.077
7 0
8 0
9 0
9
1 107
2 198.769
3 191.692
4 0
5 170.182
6 102.909
7 0
8 0
9 0
9
1 0
2 198.333
3 193.818
4 0
5 170.333
6 101.333
7 0
8 0
9 0
9
1 0
2 199.6
3 197.231
4 0
5 169.091
6 104.333
7 0
8 0
9 0
9
1 101.714
2 198.333
3 198.462
4 0
5 172.727
6 104.667
7 0
8 0
9 0
9
1 105
2 198.769
3 199.692
4 0
5 170.8
6 106.545
7 0
8 0
9 0
9
1 0
2 196.444
3 198.545
4 0
5 172
6 106.462
7 0
8 0
9 0
9
1 0
2 197.091
3 201.231
4 0
5 173
6 106
7 0
8 0
9 0
9
1 101.143
2 197.846
3 200.308
4 0
5 171.273
6 106.667
7 0
8 0
9 0
9
1 101.714
2 195.692
3 202.154
4 0
5 174.5
6 105.455
7 0
8 0
9 0
9
1 101.5
2 194.909
3 202.182
4 0
5 172.923
6 109.538
7 0
8 0
9 0
9
1 0
2 193.667
3 204
4 0
5 172.333
6 108
7 0
8 0
9 0
9
1 0
2 195.667
3 206.462
4 0
5 172
6 110.4
7 0
8 0
9 0
9
1 0
2 193.091
3 205.538
4 0
5 173.778
6 109.818
7 0
8 0
9 0
9
1 0
2 190.545
3 206.182
4 0
5 174
6 110.154
7 0
8 0
9 0
9
1 0
2 192
3 208.923
4 0
5 173.6
6 110.154
7 0
8 0
9 0
9
1 0
2 193.818
3 210.154
4 0
5 177.6
6 110.182
7 0
8 0
9 0
9
1 92
2 191.333
3 213.333
4 0
5 175.6
6 113
7 0
8 0
9 0
9
1 0
2 193.455
3 214.909
4 0
5 176.4
6 111.385
7 0
8 0
9 0
9
1 0
2 190.462
3 215.692
4 0
5 174.182
6 113.846
7 0
8 0
9 0
9
1 92.8
2 190
3 214.462
4 0
5 175.556
6 114.909
7 0
8 0
9 0
9
1 0
2 189
3 218.667
4 0
5 174.8
6 114.667
7 0
8 0
9 0
9
1 0
2 189.6
3 218.909
4 0
5 176
6 115.077
7 0
8 0
9 0
9
1 0
2 188.4
3 219.077
4 0
5 175
6 116.308
7 0
8 0
9 0
9
1 91
2 186.769
3 223.077
4 0
5 173.333
6 119.273
7 0
8 0
9 0
9
1 94.5
2 185.538
3 224.333
4 0
5 176.4
6 118.333
7 0
8 0
9 0
9
1 0
2 186.182
3 226.545
4 0
5 175.333
6 120.923
7 0
8 0
9 0
9
1 0
2 184.667
3 225.231
4 0
5 176
6 120.923
7 0
8 0
9 0
9
1 89.7143
2 186.333
3 227.692
4 0
5 179
6 122.545
7 0
8 0
9 0
9
1 89.1429
2 187
3 227.636
4 0
5 174.909
6 119.385
7 0
8 0
9 0
9
1 0
2 184.8
3 229.091
4 0
5 174.769
6 119.692
7 0
8 0
9 0
9
1 98.6667
2 184
3 226.769
4 0
5 175.636
6 122.154
7 0
8 0
9 0
9
1 88.5714
2 184.615
3 227.385
4 0
5 176.889
6 122.909
7 0
8 0
9 0
9
1 86.2857
2 185.333
3 230.182
4 0
5 179.5
6 123.077
7 0
8 0
9 0
9
1 0
2 184.4
3 231
4 0
5 178.462
6 123.692
7 0
8 0
9 0
9
1 87.4286
2 182.909
3 232.923
4 0
5 175.077
6 124.615
7 0
8 0
9 0
9
1 0
2 181.667
3 234.769
4 0
5 176.8
6 124.727
7 0
8 0
9 0
9
1 0
2 180
3 237.091
4 0
5 177.455
6 125.846
7 0
8 0
9 0
9
1 0
2 180.444
3 238.769
4 0
5 178.462
6 126.769
7 0
8 0
9 0
9
1 0
2 178.909
3 239.692
4 0
5 176
6 129.333
7 0
8 0
9 0
9
1 76
2 180
3 242.154
4 0
5 178.857
6 127.273
7 0
8 0
9 0
9
1 80
2 178.545
3 242.182
4 0
5 177
6 127.692
7 0
8 0
9 0
9
1 81.7143
2 175.6
3 243.077
4 0
5 177.667
6 128.923
7 0
8 0
9 0
9
1 0
2 175.333
3 242.154
4 0
5 177.455
6 127.333
7 0
8 0
9 0
9
1 78.2857
2 177
3 241.231
4 0
5 179
6 129.091
7 0
8 0
9 0
9
1 0
2 177.6
3 244.364
4 0
5 177.091
6 129.231
7 0
8 0
9 0
9
1 0
2 176.4
3 244.923
4 0
5 176.364
6 130.154
7 0
8 0
9 0
9
1 81.5
2 175.077
3 242.462
4 0
5 178.667
6 130.667
7 0
8 0
9 0
9
1 0
2 175.6
3 244.923
4 0
5 176.364
6 131.636
7 0
8 0
9 0
9
1 0
2 174.182
3 247.273
4 0
5 177.455
6 130.154
7 0
8 0
9 0
9
1 0
2 174.909
3 246.462
4 0
5 177.667
6 132.615
7 0
8 0
9 0
9
1 0
2 174
3 248
4 0
5 174.182
6 133.818
7 0
8 0
9 0
9
1 0
2 172.333
3 249.667
4 0
5 177.5
6 133.333
7 0
8 0
9 0
9
1 0
2 171.6
3 251.636
4 0
5 177.667
6 134.769
7 0
8 0
9 0
9
1 77.1429
2 170.8
3 251.692
4 0
5 179.333
6 135.077
7 0
8 0
9 0
9
1 74.8571
2 172
3 249.846
4 0
5 176.8
6 135.636
7 0
8 0
9 0
9
1 0
2 171
3 253.818
4 0
5 178.667
6 134.769
7 0
8 0
9 0
9
1 0
2 172.571
3 255.273
4 0
5 177.818
6 135.385
7 0
8 0
9 0
9
1 0
2 169.455
3 254.462
4 0
5 179
6 137.538
7 0
8 0
9 0
9
1 72
2 168.5
3 255.385
4 0
5 178.4
6 137.818
7 0
8 0
9 0
9
1 0
2 168
3 257.091
4 0
5 177.818
6 138.462
7 0
8 0
9 0
9
1 72
2 166
3 257.333
4 0
5 179.385
6 139.385
7 0
8 0
9 0
9
1 0
2 165.714
3 258.769
4 0
5 179.385
6 140
7 0
8 0
9 0
9
1 0
2 163.6
3 259.692
4 0
5 180
6 140
7 0
8 0
9 0
9
1 0
2 166
3 259.636
4 0
5 180.8
6 144
7 0
8 0
9 0
9
1 0
2 164.4
3 260.333
4 0
5 177.846
6 144
7 0
8 0
9 0
9
1 0
2 161.455
3 263.077
4 0
5 180.364
6 142.333
7 0
8 0
9 0
9
1 0
2 0
3 0
4 0
5 0
6 0
7 0
8 0
9 0
9
1 0
2 0
3 0
4 0
5 0
6 0
7 0
8 0
9 0
9
1 0
2 159.6
3 265.231
4 0
5 180.8
6 144.923
7 0
8 0
9 0
9
1 67
2 156.727
3 264.923
4 0
5 177.818
6 145.091
7 0
8 0
9 0
9
1 0
2 0
3 0
4 0
5 0
6 0
7 0
8 0
9 0
9
1 0
2 0
3 0
4 0
5 0
6 0
7 0
8 0
9 0
9
1 0
2 0
3 0
4 0
5 0
6 0
7 0
8 0
9 0
9
1 0
2 0
3 0
4 0
5 0
6 0
7 0
8 0
9 0
9
1 0
2 0
3 0
4 0
5 0
6 0
7 0
8 0
9 0
9
1 0
2 0
3 0
4 0
5 0
6 0
7 0
8 0
9 0
9
1 0
2 0
3 0
4 0
5 0
6 0
7 0
8 0
9 0
9
1 0
2 0
3 264.889
4 0
5 0
6 0
7 0
8 0
9 0
9
1 0
2 154.909
3 270.154
4 0
5 179.6
6 147.636
7 0
8 0
9 0
9
1 0
2 155.5
3 273.455
4 0
5 179.667
6 149.231
7 0
8 0
9 0
9
1 0
2 155
3 273.538
4 0
5 178.333
6 151.077
7 0
8 0
9 0
9
1 0
2 155.2
3 272.923
4 0
5 179.2
6 150.545
7 0
8 0
9 0
9
1 0
2 152.667
3 273.538
4 0
5 177.2
6 152
7 0
8 0
9 0
9
1 0
2 155.6
3 274.909
4 0
5 179.667
6 151.077
7 0
8 0
9 0
9
1 0
2 150
3 272.615
4 0
5 178.545
6 152.923
7 0
8 0
9 0
9
1 0
2 148.667
3 273.846
4 0
5 177.6
6 152.364
7 0
8 0
9 0
9
1 0
2 152
3 274.909
4 0
5 178
6 152.615
7 0
8 0
9 0
9
1 0
2 150.5
3 275.692
4 0
5 176.615
6 151.692
7 0
8 0
9 0
9
1 0
2 150.8
3 275.077
4 0
5 176.923
6 153.091
7 0
8 0
9 0
9
1 0
2 148
3 276.333
4 0
5 175.111
6 154.545
7 0
8 0
9 0
9
1 0
2 149.778
3 277.818
4 0
5 175.6
6 155.692
7 0
8 0
9 0
9
1 0
2 149.091
3 277.231
4 0
5 174.4
6 155.692
7 0
8 0
9 0
9
1 0
2 149.333
3 278.154
4 0
5 174.182
6 153.818
7 0
8 0
9 0
9
1 0
2 147.273
3 278.545
4 0
5 173.818
6 156.615
7 0
8 0
9 0
9
1 0
2 147.6
3 279.636
4 0
5 175.273
6 157.231
7 0
8 0
9 0
9
1 0
2 144.889
3 280.615
4 0
5 174.333
6 156.308
7 0
8 0
9 0
9
1 0
2 149.091
3 280.923
4 0
5 175.636
6 157.818
7 0
8 0
9 0
9
1 0
2 146.909
3 280.364
4 0
5 174.667
6 156.308
7 0
8 0
9 0
9
1 0
2 146.222
3 279.333
4 0
5 175.667
6 157.538
7 0
8 0
9 0
9
1 0
2 146.4
3 281.538
4 0
5 174.182
6 157.846
7 0
8 0
9 0
9
1 0
2 146.333
3 282.769
4 0
5 173.333
6 157.455
7 0
8 0
9 0
9
1 0
2 144.889
3 282.545
4 0
5 170.8
6 160
7 0
8 0
9 0
9
1 0
2 145.143
3 280
4 0
5 172
6 159.077
7 0
8 0
9 0
9
1 0
2 143.429
3 283.077
4 0
5 174.154
6 158.462
7 0
8 0
9 0
9
1 0
2 144
3 283.385
4 0
5 172
6 160.364
7 0
8 0
9 0
9
1 0
2 142.857
3 281.091
4 0
5 173.818
6 159.385
7 0
8 0
9 0
9
1 0
2 141.143
3 282.667
4 0
5 173.667
6 160
7 0
8 0
9 0
9
1 0
2 140.4
3 281.538
4 0
5 173.818
6 162.333
7 0
8 0
9 0
9
1 0
2 141.778
3 284.923
4 0
5 172.4
6 162.909
7 0
8 0
9 0
9
1 0
2 143.429
3 284
4 0
5 172.333
6 162.462
7 0
8 0
9 0
9
1 0
2 141.143
3 281.846
4 0
5 172
6 163.077
7 0
8 0
9 0
9
1 0
2 141.2
3 284.308
4 0
5 173.091
6 162.182
7 0
8 0
9 0
9
1 0
2 138.8
3 283.692
4 0
5 173.2
6 160.364
7 0
8 0
9 0
9
1 0
2 135.429
3 285.455
4 0
5 170.333
6 165.231
7 0
8 0
9 0
9
1 0
2 138.667
3 285.846
4 0
5 172.727
6 165.231
7 0
8 0
9 0
9
1 0
2 138.5
3 284.923
4 0
5 173.091
6 164
7 0
8 0
9 0
9
1 0
2 136
3 285.667
4 0
5 172
6 167
7 0
8 0
9 0
9
1 0
2 133.143
3 287.273
4 0
5 173.091
6 164.923
7 0
8 0
9 0
9
1 0
2 136.444
3 286.769
4 0
5 171.077
6 165.538
7 0
8 0
9 0
9
1 0
2 136.364
3 288.308
4 0
5 172.4
6 165.818
7 0
8 0
9 0
9
1 0
2 136.889
3 287.333
4 0
5 170.667
6 167
7 0
8 0
9 0
9
1 0
2 133.714
3 286.182
4 0
5 172
6 166.462
7 0
8 0
9 0
9
1 0
2 134.8
3 286.154
4 0
5 173.5
6 166.769
7 0
8 0
9 0
9
1 0
2 134.667
3 286.462
4 0
5 171.667
6 165.091
7 0
8 0
9 0
9
1 0
2 135
3 286.182
4 0
5 170.222
6 168.667
7 0
8 0
9 0
9
1 0
2 133
3 287.273
4 0
5 172.364
6 167.077
7 0
8 0
9 0
9
1 0
2 131.556
3 287.692
4 0
5 170.154
6 168.923
7 0
8 0
9 0
9
1 0
2 131.6
3 290.154
4 0
5 169.6
6 169.455
7 0
8 0
9 0
9
1 0
2 129.2
3 290.545
4 0
5 170
6 169.846
7 0
8 0
9 0
9
1 0
2 130
3 290.333
4 0
5 170
6 172.923
7 0
8 0
9 0
9
1 0
2 129.333
3 290.769
4 0
5 169.778
6 171.385
7 0
8 0
9 0
9
1 0
2 129.2
3 291.385
4 0
5 170.182
6 173.091
7 0
8 0
9 0
9
1 0
2 130.222
3 290.545
4 0
5 170.4
6 170.462
7 0
8 0
9 0
9
1 0
2 0
3 290
4 0
5 166.4
6 173.846
7 0
8 0
9 0
9
1 0
2 129.455
3 289.846
4 0
5 168
6 172.923
7 0
8 0
9 0
9
1 0
2 130.769
3 292.333
4 0
5 166.8
6 172
7 0
8 0
9 0
9
1 0
2 128
3 290.909
4 0
5 168.4
6 170.462
7 0
8 0
9 0
9
1 0
2 129.333
3 290
4 0
5 166.667
6 174.462
7 0
8 0
9 0
9
1 0
2 124.571
3 292
4 0
5 164.333
6 174.154
7 0
8 0
9 0
9
1 0
2 126
3 291.385
4 0
5 164
6 173.818
7 0
8 0
9 0
9
1 0
2 124.5
3 292.364
4 0
5 168
6 173.538
7 0
8 0
9 0
9
1 0
2 124
3 292.667
4 0
5 165.538
6 177.846
7 0
8 0
9 0
9
1 0
2 124
3 292.615
4 0
5 167.385
6 176.923
7 0
8 0
9 0
9
1 0
2 125.714
3 293.091
4 0
5 165.455
6 177.091
7 0
8 0
9 0
9
1 0
2 124
3 293.6
4 0
5 166.909
6 173.455
7 0
8 0
9 0
9
1 0
2 125.818
3 291.636
4 0
5 163.556
6 176.615
7 0
8 0
9 0
9
1 0
2 124
3 291.333
4 0
5 162.333
6 177.231
7 0
8 0
9 0
9
1 0
2 122.667
3 295.385
4 0
5 163
6 175.385
7 0
8 0
9 0
9
1 0
2 123.2
3 292
4 0
5 161.778
6 178.182
7 0
8 0
9 0
9
1 0
2 124.5
3 293.818
4 0
5 163
6 177.538
7 0
8 0
9 0
9
1 0
2 123.429
3 291.667
4 0
5 161.667
6 177.538
7 0
8 0
9 0
9
1 0
2 120
3 293.846
4 0
5 162.462
6 177.538
7 0
8 0
9 0
9
1 0
2 122.222
3 296
4 0
5 164
6 177.818
7 0
8 0
9 0
9
1 0
2 120.889
3 294.545
4 0
5 161.333
6 178.769
7 0
8 0
9 0
9
1 0
2 0
3 292
4 0
5 161.231
6 177.846
7 0
8 0
9 0
9
1 0
2 122.286
3 292.308
4 0
5 160.727
6 177.846
7 0
8 0
9 0
9
1 0
2 122.222
3 291.385
4 0
5 159.5
6 178.909
7 0
8 0
9 0
9
1 0
2 118.5
3 292
4 0
5 161.818
6 178.462
7 0
8 0
9 0
9
1 0
2 0
3 293.091
4 0
5 158
6 178.769
7 0
8 0
9 0
9
1 0
2 0
3 293.667
4 0
5 162
6 180.923
7 0
8 0
9 0
9
1 0
2 120.5
3 293.846
4 0
5 159.2
6 180
7 0
8 0
9 0
9
1 0
2 119.556
3 295.636
4 0
5 158.545
6 180
7 0
8 0
9 0
9
1 0
2 118
3 293.231
4 0
5 157.667
6 179.385
7 0
8 0
9 0
9
1 0
2 116
3 292.615
4 0
5 160.364
6 180.923
7 0
8 0
9 0
9
1 0
2 118.8
3 295.385
4 0
5 156
6 182.545
7 0
8 0
9 0
9
1 0
2 117.5
3 295.273
4 0
5 155.6
6 180.923
7 0
8 0
9 0
9
1 0
2 117.714
3 295
4 0
5 155.667
6 181.231
7 0
8 0
9 0
9
1 0
2 117.2
3 296
4 0
5 155.273
6 183.077
7 0
8 0
9 0
9
1 0
2 116.5
3 292
4 0
5 155.111
6 182.909
7 0
8 0
9 0
9
1 0
2 115.429
3 295.273
4 0
5 157.6
6 181.538
7 0
8 0
9 0
9
1 0
2 116
3 297
4 0
5 154
6 180.923
7 0
8 0
9 0
9
1 0
2 112.571
3 294.154
4 0
5 156
6 183.692
7 0
8 0
9 0
9
1 0
2 114.222
3 294.462
4 0
5 153.778
6 182.545
7 0
8 0
9 0
9
1 0
2 0
3 294.909
4 0
5 155.2
6 183.077
7 0
8 0
9 0
9
1 0
2 113.5
3 296
4 0
5 157.333
6 181.846
7 0
8 0
9 0
9
1 0
2 115.111
3 294.462
4 0
5 155
6 184.923
7 0
8 0
9 0
9
1 0
2 112
3 295.077
4 0
5 156.444
6 182.545
7 0
8 0
9 0
9
1 0
2 112.571
3 295.636
4 0
5 153.5
6 183.385
7 0
8 0
9 0
9
1 0
2 0
3 295.385
4 0
5 153.667
6 185.846
7 0
8 0
9 0
9
1 0
2 113.778
3 293.333
4 0
5 153.538
6 185
7 0
8 0
9 0
9
1 0
2 112.889
3 292.667
4 0
5 154.667
6 186.909
7 0
8 0
9 0
9
1 0
2 113.143
3 292.364
4 0
5 152.364
6 185.231
7 0
8 0
9 0
9
1 0
2 110.5
3 294.769
4 0
5 150.909
6 185.231
7 0
8 0
9 0
9
1 0
2 109.2
3 293.846
4 0
5 153.818
6 185.667
7 0
8 0
9 0
9
1 0
2 112
3 293.333
4 0
5 152.727
6 186.182
7 0
8 0
9 0
9
1 0
2 111.2
3 292.923
4 0
5 153.778
6 186.182
7 0
8 0
9 0
9
1 0
2 110.5
3 292.333
4 0
5 153.5
6 185.455
7 0
8 0
9 0
9
1 0
2 106.857
3 292
4 0
5 152
6 187.077
7 0
8 0
9 0
9
1 0
2 0
3 290.769
4 0
5 152.364
6 189.538
7 0
8 0
9 0
9
1 0
2 109.143
3 293.538
4 0
5 152.333
6 189.091
7 0
8 0
9 0
9
1 0
2 108.4
3 293.333
4 0
5 150.222
6 188
7 0
8 0
9 0
9
1 0
2 107.111
3 292.364
4 0
5 149.455
6 186.769
7 0
8 0
9 0
9
1 0
2 105.6
3 292.308
4 0
5 150.333
6 189.231
7 0
8 0
9 0
9
1 0
2 105.818
3 291.077
4 0
5 149.846
6 191.636
7 0
8 0
9 0
9
1 0
2 106
3 292.333
4 0
5 147.5
6 190.333
7 0
8 0
9 0
9
1 0
2 104
3 293.455
4 0
5 147.636
6 190.154
7 0
8 0
9 0
9
1 0
2 105.143
3 292.615
4 0
5 147.667
6 189.231
7 0
8 0
9 0
9
1 0
2 105.2
3 290.769
4 0
5 147.2
6 191.273
7 0
8 0
9 0
9
1 0
2 104
3 293.2
4 0
5 148.727
6 187.692
7 0
8 0
9 0
9
1 0
2 104.571
3 294.4
4 0
5 146.667
6 190.154
7 0
8 0
9 0
9
1 0
2 104.364
3 292.615
4 0
5 145.333
6 190.462
7 0
8 0
9 0
9
1 0
2 103.111
3 292.923
4 0
5 146.667
6 190.182
7 0
8 0
9 0
9
1 0
2 102.857
3 290.909
4 0
5 145
6 190.154
7 0
8 0
9 0
9
1 0
2 0
3 290.333
4 0
5 144
6 192
7 0
8 0
9 0
9
1 0
2 100.889
3 290.462
4 0
5 144.727
6 193.231
7 0
8 0
9 0
9
1 0
2 99.4286
3 289.846
4 0
5 145.5
6 192
7 0
8 0
9 0
9
1 0
2 98.8
3 292.4
4 0
5 142.909
6 193.846
7 0
8 0
9 0
9
1 0
2 97.5
3 290
4 0
5 140.308
6 194.462
7 0
8 0
9 0
9
1 0
2 97
3 291.077
4 0
5 142.154
6 196.333
7 0
8 0
9 0
9
1 0
2 97.0909
3 291.273
4 0
5 139.556
6 194.545
7 0
8 0
9 0
9
1 0
2 0
3 290.545
4 0
5 138.333
6 196
7 0
8 0
9 0
9
1 0
2 0
3 290.909
4 0
5 135.636
6 195.385
7 0
8 0
9 0
9
1 0
2 0
3 289
4 0
5 137.2
6 196
7 0
8 0
9 0
9
1 0
2 95
3 288.308
4 0
5 136
6 196.727
7 0
8 0
9 0
9
1 0
2 93.7143
3 288.727
4 0
5 134.667
6 196.615
7 0
8 0
9 0
9
1 0
2 93.7778
3 288.333
4 0
5 132.5
6 196.308
7 0
8 0
9 0
9
1 0
2 93.1429
3 287.333
4 0
5 131.692
6 196.667
7 0
8 0
9 0
9
1 0
2 95
3 286.462
4 0
5 131.5
6 196.727
7 0
8 0
9 0
9
1 0
2 0
3 287.2
4 0
5 129.2
6 197.846
7 0
8 0
9 0
9
1 0
2 91.4286
3 285.667
4 0
5 131.636
6 197.846
7 0
8 0
9 0
9
1 0
2 0
3 285.538
4 0
5 130.857
6 199.273
7 0
8 0
9 0
9
1 0
2 89.7143
3 281.6
4 0
5 130.667
6 198.909
7 0
8 0
9 0
9
1 0
2 89.5
3 284
4 0
5 132
6 199.692
7 0
8 0
9 0
9
1 0
2 0
3 283.077
4 0
5 129.2
6 201.538
7 0
8 0
9 0
9
1 0
2 0
3 282.909
4 0
5 130
6 201.091
7 0
8 0
9 0
9
1 0
2 88.5714
3 279.556
4 0
5 128
6 201.538
7 0
8 0
9 0
9
1 0
2 0
3 282
4 0
5 125.6
6 198.462
7 0
8 0
9 0
9
1 0
2 85.2
3 281.538
4 0
5 128
6 200.923
7 0
8 0
9 0
9
1 0
2 0
3 282.333
4 0
5 124
6 200
7 0
8 0
9 0
9
1 0
2 0
3 281.5
4 0
5 125.143
6 200.923
7 0
8 0
9 0
9
1 0
2 0
3 280.667
4 0
5 124.364
6 200.923
7 0
8 0
9 0
9
1 0
2 0
3 277.538
4 0
5 122.182
6 202.154
7 0
8 0
9 0
9
1 0
2 0
3 275.333
4 0
5 122.5
6 203.636
7 0
8 0
9 0
9
1 0
2 0
3 276.889
4 0
5 122
6 203.077
7 0
8 0
9 0
9
1 0
2 0
3 275
4 0
5 119.667
6 204
7 0
8 0
9 0
9
1 0
2 0
3 275
4 0
5 120.364
6 201.846
7 0
8 0
9 0
9
1 0
2 0
3 272.333
4 0
5 118.667
6 204.364
7 0
8 0
9 0
9
1 0
2 0
3 271.273
4 0
5 117.818
6 202.154
7 0
8 0
9 0
9
1 0
2 0
3 274
4 0
5 117.455
6 202.462
7 0
8 0
9 0
9
1 0
2 0
3 272
4 0
5 116.667
6 201.333
7 0
8 0
9 0
9
1 0
2 0
3 270.909
4 0
5 117.778
6 203.636
7 0
8 0
9 0
9
1 0
2 0
3 272.727
4 0
5 118.4
6 203.077
7 0
8 0
9 0
9
1 0
2 0
3 270.333
4 0
5 118.545
6 202.462
7 0
8 0
9 0
9
1 0
2 0
3 270.4
4 0
5 117.818
6 204.727
7 0
8 0
9 0
9
1 0
2 0
3 270.667
4 0
5 116
6 205.818
7 0
8 0
9 0
9
1 0
2 0
3 270.667
4 0
5 115.667
6 203.385
7 0
8 0
9 0
9
1 0
2 0
3 267.6
4 0
5 116.364
6 203.692
7 0
8 0
9 0
9
1 0
2 0
3 267.273
4 0
5 118
6 205.455
7 0
8 0
9 0
9
1 0
2 76
3 267
4 0
5 117.5
6 207.273
7 0
8 0
9 0
9
1 0
2 0
3 267.6
4 0
5 116.667
6 207.692
7 0
8 0
9 0
9
1 0
2 0
3 267.692
4 0
5 117
6 205.846
7 0
8 0
9 0
9
1 0
2 76.8889
3 267.273
4 0
5 117.091
6 205.818
7 0
8 0
9 0
9
1 0
2 0
3 265.2
4 0
5 116.5
6 206
7 0
8 0
9 0
9
1 0
2 0
3 265.091
4 0
5 119.077
6 208.308
7 0
8 0
9 0
9
1 0
2 73
3 265.6
4 0
5 119.6
6 207.692
7 0
8 0
9 0
9
1 0
2 0
3 261.667
4 0
5 119.385
6 212.308
7 0
8 0
9 0
9
1 0
2 0
3 261.818
4 0
5 120.364
6 211.273
7 0
8 0
9 0
9
1 0
2 72
3 262.545
4 0
5 119.636
6 210.545
7 0
8 0
9 0
9
1 0
2 0
3 261.778
4 0
5 122.4
6 211.385
7 0
8 0
9 0
9
1 0
2 0
3 262.667
4 0
5 121.6
6 212
7 0
8 0
9 0
9
1 0
2 76.5714
3 260.4
4 0
5 122.909
6 211.636
7 0
8 0
9 0
9
1 0
2 0
3 260
4 0
5 120.8
6 214
7 0
8 0
9 0
9
1 0
2 0
3 260.727
4 0
5 122.667
6 213.231
7 0
8 0
9 0
9
1 0
2 73
3 260
4 0
5 120.889
6 213.846
7 0
8 0
9 0
9
1 0
2 0
3 258.4
4 0
5 125.091
6 214.909
7 0
8 0
9 0
9
1 0
2 0
3 257.538
4 0
5 122.667
6 214.909
7 0
8 0
9 0
9
1 0
2 0
3 257.778
4 0
5 123.556
6 218.769
7 0
8 0
9 0
9
1 0
2 0
3 257.6
4 0
5 127.111
6 216
7 0
8 0
9 0
9
1 0
2 0
3 256.4
4 0
5 123.5
6 216.4
7 0
8 0
9 0
9
1 0
2 0
3 257.818
4 0
5 126
6 217.333
7 0
8 0
9 0
9
1 0
2 0
3 257.091
4 0
5 124.727
6 215.692
7 0
8 0
9 0
9
1 0
2 0
3 256
4 0
5 128
6 217.846
7 0
8 0
9 0
9
1 0
2 0
3 254.667
4 0
5 126.667
6 220.727
7 0
8 0
9 0
9
1 0
2 0
3 255.429
4 0
5 126.667
6 221.538
7 0
8 0
9 0
9
1 0
2 0
3 255.2
4 0
5 127.273
6 221.538
7 0
8 0
9 0
9
1 0
2 0
3 253.091
4 0
5 128
6 219.692
7 0
8 0
9 0
9
1 0
2 0
3 250.4
4 0
5 128.4
6 222.545
7 0
8 0
9 0
9
1 0
2 0
3 249.2
4 0
5 127.273
6 223.077
7 0
8 0
9 0
9
1 0
2 0
3 249.778
4 0
5 129.2
6 224.615
7 0
8 0
9 0
9
1 0
2 68.5714
3 250.222
4 0
5 128
6 224.308
7 0
8 0
9 0
9
1 0
2 0
3 249.333
4 0
5 129.2
6 224.364
7 0
8 0
9 0
9
1 0
2 0
3 247.111
4 0
5 131.2
6 224.923
7 0
8 0
9 0
9
1 0
2 0
3 246.909
4 0
5 131.636
6 226.462
7 0
8 0
9 0
9
1 0
2 73.5
3 245.778
4 0
5 134
6 227.333
7 0
8 0
9 0
9
1 0
2 0
3 246.545
4 0
5 132.889
6 228.727
7 0
8 0
9 0
9
1 0
2 0
3 244.667
4 0
5 132
6 229.538
7 0
8 0
9 0
9
1 0
2 0
3 246.667
4 0
5 131.5
6 228.727
7 0
8 0
9 0
9
1 0
2 0
3 242.909
4 0
5 132.5
6 229.231
7 0
8 0
9 0
9
1 0
2 0
3 245.818
4 0
5 134.8
6 229.846
7 0
8 0
9 0
9
1 0
2 0
3 241.333
4 0
5 136
6 230.769
7 0
8 0
9 0
9
1 0
2 67.4286
3 242.909
4 0
5 133.778
6 231.273
7 0
8 0
9 0
9
1 0
2 0
3 241.333
4 0
5 0
6 231.077
7 0
8 0
9 0
9
1 0
2 0
3 240.889
4 0
5 136
6 228.923
7 0
8 0
9 0
9
1 0
2 0
3 239.667
4 0
5 137.6
6 232
7 0
8 0
9 0
9
1 0
2 0
3 241.091
4 0
5 135.636
6 231.636
7 0
8 0
9 0
9
1 0
2 0
3 238.909
4 0
5 138
6 232.923
7 0
8 0
9 0
9
1 0
2 0
3 240.4
4 0
5 138.8
6 231.692
7 0
8 0
9 0
9
1 0
2 0
3 238.182
4 0
5 140.8
6 233.538
7 0
8 0
9 0
9
1 0
2 0
3 239
4 0
5 140.727
6 234.182
7 0
8 0
9 0
9
1 0
2 0
3 237.143
4 0
5 142.667
6 233.846
7 0
8 0
9 0
9
1 0
2 0
3 236.5
4 0
5 140.727
6 233.846
7 0
8 0
9 0
9
1 0
2 0
3 236
4 0
5 142.182
6 236.615
7 0
8 0
9 0
9
1 0
2 0
3 237.2
4 0
5 142.909
6 236.727
7 0
8 0
9 0
9
1 0
2 0
3 235.111
4 0
5 145.091
6 235.692
7 0
8 0
9 0
9
1 0
2 0
3 230.8
4 0
5 147.333
6 235.385
7 0
8 0
9 0
9
1 0
2 0
3 229.2
4 0
5 145.333
6 237.231
7 0
8 0
9 0
9
1 0
2 0
3 227.667
4 0
5 146.222
6 239.636
7 0
8 0
9 0
9
1 0
2 0
3 227.429
4 0
5 147
6 240
7 0
8 0
9 0
9
1 0
2 66.8571
3 227.6
4 0
5 148.444
6 238.154
7 0
8 0
9 0
9
1 0
2 0
3 226.545
4 0
5 148
6 238.769
7 0
8 0
9 0
9
1 0
2 0
3 227
4 0
5 148.889
6 242.182
7 0
8 0
9 0
9
1 0
2 0
3 226
4 0
5 148.8
6 240.308
7 0
8 0
9 0
9
1 0
2 0
3 224.667
4 0
5 150
6 240.923
7 0
8 0
9 0
9
1 0
2 0
3 222.667
4 0
5 150.8
6 240.333
7 0
8 0
9 63.4286
9
1 0
2 0
3 223.111
4 0
5 152
6 241.455
7 0
8 0
9 0
9
1 0
2 0
3 223.6
4 0
5 150.545
6 240.923
7 0
8 0
9 0
9
1 0
2 0
3 221.091
4 0
5 152
6 242.462
7 0
8 0
9 0
9
1 0
2 0
3 220.889
4 0
5 155.556
6 239.333
7 0
8 0
9 0
9
1 0
2 0
3 218
4 0
5 156
6 242.909
7 0
8 0
9 0
9
1 0
2 0
3 218.5
4 0
5 157.818
6 243.077
7 0
8 0
9 0
9
1 0
2 0
3 218.182
4 0
5 157.2
6 242.769
7 0
8 0
9 0
9
1 0
2 0
3 213.818
4 0
5 158.333
6 243.636
7 0
8 0
9 0
9
1 0
2 0
3 216
4 0
5 160
6 245.455
7 0
8 0
9 0
9
1 0
2 0
3 213.5
4 0
5 159.2
6 243.385
7 0
8 0
9 0
9
1 0
2 0
3 212.889
4 0
5 160
6 242.462
7 0
8 0
9 0
9
1 0
2 0
3 211.636
4 0
5 0
6 243.273
7 0
8 0
9 0
9
1 0
2 0
3 207.429
4 0
5 162.286
6 243
7 0
8 0
9 0
9
1 0
2 0
3 208.444
4 0
5 163.273
6 243.385
7 0
8 0
9 0
9
1 0
2 0
3 206.667
4 0
5 165.091
6 245.231
7 0
8 0
9 0
9
1 0
2 0
3 207
4 0
5 162.286
6 243.273
7 0
8 0
9 0
9
1 0
2 0
3 204
4 0
5 164
6 243.692
7 0
8 0
9 0
9
1 0
2 0
3 204
4 0
5 165.333
6 245.846
7 0
8 0
9 0
9
1 0
2 0
3 204.5
4 0
5 161.778
6 245.231
7 0
8 0
9 0
9
1 0
2 0
3 202.5
4 0
5 163.5
6 243.636
7 0
8 0
9 0
9
1 0
2 0
3 200
4 0
5 166.222
6 244.667
7 0
8 0
9 76
9
1 0
2 0
3 0
4 0
5 168.4
6 244
7 0
8 0
9 76.5
9
1 0
2 0
3 197.455
4 0
5 166.182
6 244.308
7 0
8 0
9 0
9
1 0
2 0
3 196
4 0
5 167.6
6 245.091
7 0
8 0
9 76
9
1 0
2 0
3 196
4 0
5 170.286
6 242.462
7 0
8 0
9 0
9
1 0
2 0
3 197.6
4 0
5 170
6 246.462
7 0
8 0
9 73.5
9
1 0
2 0
3 196
4 0
5 166.909
6 243.385
7 0
8 0
9 0
9
1 0
2 0
3 193.818
4 0
5 169.143
6 244.364
7 0
8 0
9 0
9
1 0
2 0
3 194.5
4 0
5 169.333
6 242.769
7 0
8 0
9 0
9
1 0
2 0
3 190.667
4 0
5 170.333
6 243.077
7 0
8 0
9 78.2857
9
1 0
2 0
3 190.4
4 0
5 172
6 244.308
7 0
8 0
9 0
9
1 0
2 0
3 192.727
4 0
5 169.6
6 241.818
7 0
8 0
9 80
9
1 0
2 0
3 189.778
4 0
5 173.2
6 241.846
7 0
8 0
9 0
9
1 0
2 0
3 186
4 0
5 170.909
6 244.923
7 0
8 0
9 0
9
1 0
2 0
3 186.545
4 0
5 172.333
6 246
7 0
8 0
9 0
9
1 0
2 0
3 187.556
4 0
5 173.5
6 241.455
7 0
8 0
9 0
9
1 0
2 0
3 182.286
4 0
5 175.077
6 241.846
7 0
8 0
9 0
9
1 0
2 0
3 181.333
4 0
5 174.222
6 242.462
7 0
8 0
9 0
9
1 0
2 0
3 177.333
4 0
5 175.636
6 243.667
7 0
8 0
9 0
9
1 0
2 0
3 178.182
4 0
5 175.556
6 243.636
7 0
8 0
9 0
9
1 0
2 0
3 180.4
4 0
5 179.556
6 242.154
7 0
8 0
9 0
9
1 0
2 0
3 179.667
4 0
5 180
6 243.385
7 0
8 0
9 0
9
1 0
2 0
3 178.667
4 0
5 179.5
6 240.667
7 0
8 0
9 88
9
1 0
2 0
3 175.111
4 0
5 183.5
6 241.818
7 0
8 0
9 92.4444
9
1 0
2 0
3 0
4 0
5 180
6 242.154
7 0
8 0
9 0
9
1 0
2 0
3 174.286
4 0
5 179.111
6 239.692
7 0
8 0
9 88.5
9
1 0
2 0
3 173.714
4 0
5 182
6 242.545
7 0
8 0
9 0
9
1 0
2 0
3 172.889
4 0
5 180
6 239.333
7 0
8 0
9 92.8
9
1 0
2 0
3 173.778
4 0
5 180.444
6 240.923
7 0
8 0
9 90.5
9
1 0
2 0
3 169
4 0
5 184.364
6 240.308
7 0
8 0
9 93.7143
9
1 0
2 0
3 169.6
4 0
5 185
6 242.182
7 0
8 0
9 95
9
1 0
2 0
3 169.778
4 0
5 0
6 243.333
7 0
8 0
9 95
9
1 0
2 0
3 168
4 0
5 183.636
6 240.923
7 0
8 0
9 94.8571
9
1 0
2 0
3 169.5
4 0
5 183.636
6 238.154
7 0
8 0
9 97.7143
9
1 0
2 0
3 167.5
4 0
5 184.8
6 238.909
7 0
8 0
9 98
9
1 0
2 0
3 167.429
4 0
5 185.5
6 239.333
7 0
8 0
9 0
9
1 0
2 0
3 0
4 0
5 184.889
6 240
7 0
8 0
9 98.5
9
1 0
2 0
3 165.5
4 0
5 185
6 240.308
7 0
8 0
9 100
9
1 0
2 0
3 164
4 0
5 186.222
6 238.909
7 0
8 0
9 0
9
1 0
2 0
3 164.8
4 0
5 0
6 239
7 0
8 0
9 101.714
9
1 0
2 0
3 165.5
4 0
5 185.455
6 237.231
7 0
8 0
9 0
9
1 0
2 0
3 162.909
4 0
5 186.667
6 238.154
7 0
8 0
9 101.714
9
1 0
2 0
3 161.2
4 0
5 184
6 238.182
7 0
8 0
9 104
9
1 0
2 0
3 163.556
4 0
5 186.286
6 240.923
7 0
8 0
9 102
9
1 0
2 0
3 160
4 0
5 185.333
6 238.462
7 0
8 0
9 101.778
9
1 0
2 0
3 159.636
4 0
5 185.5
6 238.154
7 0
8 0
9 104
9
1 0
2 0
3 157.143
4 0
5 192
6 238.182
7 0
8 0
9 105.2
9
1 0
2 0
3 0
4 0
5 186.8
6 237.538
7 0
8 0
9 106.667
9
1 0
2 0
3 156.571
4 0
5 186.667
6 236
7 0
8 0
9 108.5
9
1 0
2 0
3 153.6
4 0
5 190.4
6 236.308
7 0
8 0
9 107.429
9
1 0
2 0
3 152.308
4 0
5 189.333
6 237.818
7 0
8 0
9 112.8
9
1 0
2 0
3 152
4 0
5 186.667
6 236.308
7 0
8 0
9 111
9
1 0
2 0
3 152.727
4 0
5 188.4
6 235.077
7 0
8 0
9 111.5
9
1 0
2 0
3 151.2
4 0
5 191
6 236.727
7 0
8 0
9 112
9
1 0
2 0
3 151.5
4 0
5 187
6 237.846
7 0
8 0
9 110.286
9
1 0
2 0
3 150
4 0
5 185
6 237.538
7 0
8 0
9 109
9
1 0
2 0
3 151.2
4 0
5 184.4
6 237.538
7 0
8 0
9 112.571
9
1 0
2 0
3 147.6
4 0
5 0
6 238.182
7 0
8 0
9 114.4
9
1 0
2 0
3 146.286
4 0
5 184.5
6 236
7 0
8 0
9 114
9
1 0
2 0
3 143.111
4 0
5 188.444
6 236
7 0
8 0
9 119.111
9
1 0
2 0
3 142.182
4 0
5 187.111
6 238.154
7 0
8 0
9 122.5
9
1 0
2 0
3 143.556
4 0
5 189.714
6 237.091
7 0
8 0
9 121.818
9
1 0
2 0
3 143
4 0
5 188
6 236
7 0
8 0
9 122.5
9
1 0
2 0
3 144
4 0
5 187.556
6 234.462
7 0
8 0
9 124.889
9
1 0
2 0
3 141.333
4 0
5 186.8
6 235.667
7 0
8 0
9 0
9
1 0
2 0
3 139.429
4 0
5 188
6 233.818
7 0
8 0
9 125.2
9
1 0
2 0
3 136.5
4 0
5 187.556
6 232.923
7 0
8 0
9 125.333
9
1 0
2 0
3 138
4 0
5 189.6
6 233.846
7 0
8 0
9 124
9
1 0
2 0
3 134
4 0
5 186.4
6 231.273
7 0
8 0
9 130.667
9
1 0
2 0
3 134.667
4 0
5 190.286
6 235.636
7 0
8 0
9 128.889
9
1 0
2 0
3 138
4 0
5 190.667
6 235.692
7 0
8 0
9 132
9
1 0
2 0
3 132.5
4 0
5 189.333
6 235.077
7 0
8 0
9 131.111
9
1 0
2 0
3 132.333
4 0
5 0
6 234.909
7 0
8 0
9 132
9
1 0
2 0
3 133.2
4 0
5 192
6 233
7 0
8 0
9 0
9
1 0
2 0
3 133.714
4 0
5 193.2
6 235.692
7 0
8 0
9 135.2
9
1 0
2 0
3 130.8
4 0
5 192.364
6 233.846
7 0
8 0
9 134.857
9
1 0
2 0
3 128
4 0
5 193.714
6 233.818
7 0
8 0
9 138
9
1 0
2 0
3 128
4 0
5 192
6 234.154
7 0
8 0
9 141.333
9
1 0
2 0
3 127.111
4 0
5 192.5
6 235.077
7 0
8 0
9 141
9
1 0
2 0
3 126.222
4 0
5 192.4
6 233.231
7 0
8 0
9 140
9
1 0
2 0
3 128
4 0
5 192.889
6 234.545
7 0
8 0
9 143.6
9
1 0
2 0
3 0
4 0
5 194.5
6 234.154
7 0
8 0
9 144
9
1 0
2 0
3 0
4 0
5 196.444
6 234.462
7 0
8 0
9 147.2
9
1 0
2 0
3 126.4
4 0
5 194.909
6 233.538
7 0
8 0
9 146.222
9
1 0
2 0
3 123.429
4 0
5 192
6 232.364
7 0
8 0
9 149.2
9
1 0
2 0
3 0
4 0
5 195.636
6 236.923
7 0
8 0
9 149
9
1 0
2 0
3 122.8
4 0
5 194
6 235.692
7 0
8 0
9 145.6
9
1 0
2 0
3 120
4 0
5 196
6 233
7 0
8 0
9 147.2
9
1 0
2 0
3 0
4 0
5 193.333
6 237.455
7 0
8 0
9 149.778
9
1 0
2 0
3 0
4 0
5 190.286
6 232.615
7 0
8 0
9 147.636
9
1 0
2 0
3 121.5
4 0
5 193
6 235.692
7 0
8 58.2857
9 151
9
1 0
2 0
3 119.111
4 0
5 196
6 234
7 0
8 0
9 150.545
9
1 0
2 0
3 121.455
4 0
5 194.667
6 234.909
7 0
8 0
9 152.889
9
1 0
2 0
3 116.571
4 0
5 196.889
6 233.846
7 0
8 0
9 154.222
9
1 0
2 0
3 117.778
4 0
5 196.889
6 233.231
7 0
8 0
9 155.2
9
1 0
2 0
3 118.667
4 0
5 193.778
6 234.545
7 0
8 0
9 152.889
9
1 0
2 0
3 117.455
4 0
5 198.857
6 233.818
7 0
8 69.1429
9 157.5
9
1 0
2 0
3 112.571
4 0
5 200
6 234.154
7 0
8 0
9 158
9
1 0
2 0
3 114.667
4 0
5 197.778
6 233.231
7 0
8 0
9 159.6
9
1 0
2 0
3 113.143
4 0
5 195.2
6 233.091
7 0
8 0
9 159.6
9
1 0
2 0
3 114.857
4 0
5 198.286
6 236.667
7 0
8 0
9 160.8
9
1 0
2 0
3 114.5
4 0
5 196
6 237.538
7 0
8 0
9 160.333
9
1 0
2 0
3 112.889
4 0
5 195.2
6 237.538
7 0
8 0
9 160.4
9
1 0
2 0
3 113.778
4 0
5 198.5
6 237.455
7 0
8 0
9 164
9
1 0
2 0
3 111.429
4 0
5 0
6 235.692
7 0
8 0
9 164.8
9
1 0
2 0
3 112.571
4 0
5 197
6 236.308
7 0
8 0
9 162.857
9
1 0
2 0
3 110.4
4 0
5 198
6 235.692
7 0
8 0
9 164.8
9
1 0
2 0
3 0
4 0
5 198.857
6 234.909
7 0
8 70.5
9 169.455
9
1 0
2 0
3 0
4 0
5 198.857
6 236.923
7 0
8 0
9 168.4
9
1 0
2 0
3 108
4 0
5 201
6 235.385
7 0
8 0
9 168
9
1 0
2 0
3 0
4 0
5 198.182
6 236
7 0
8 0
9 172.5
9
1 0
2 0
3 0
4 0
5 197.143
6 237.091
7 0
8 66.8571
9 172.4
9
1 0
2 0
3 0
4 0
5 200
6 236.615
7 0
8 67.2
9 173.778
9
1 0
2 0
3 105
4 0
5 198
6 237.538
7 0
8 63.5
9 176
9
1 0
2 0
3 102.222
4 0
5 199.6
6 238.667
7 0
8 0
9 177
9
1 0
2 0
3 105.143
4 0
5 200
6 238.545
7 0
8 0
9 180
9
1 0
2 0
3 98.2857
4 0
5 197.778
6 238.154
7 0
8 68
9 180
9
1 0
2 0
3 0
4 0
5 198.5
6 238.769
7 0
8 0
9 178.5
9
1 0
2 0
3 100
4 0
5 200
6 237.667
7 0
8 0
9 180.667
9
1 0
2 0
3 96.5714
4 0
5 201.714
6 236.727
7 0
8 0
9 182.8
9
1 0
2 0
3 97.7143
4 0
5 198.5
6 239.077
7 0
8 0
9 183.636
9
1 0
2 0
3 0
4 0
5 200
6 235.692
7 0
8 0
9 184
9
1 0
2 0
3 97.5
4 0
5 199.2
6 238.909
7 0
8 70.2222
9 187.556
9
1 0
2 0
3 92.5714
4 0
5 196
6 238.333
7 0
8 0
9 189.333
9
1 0
2 0
3 92.5714
4 0
5 198.667
6 239.385
7 0
8 71
9 190.182
9
1 0
2 0
3 94.5
4 0
5 200.889
6 240.923
7 0
8 70.8571
9 190.222
9
1 0
2 0
3 94.2857
4 0
5 201.5
6 239.273
7 0
8 0
9 194.222
9
1 0
2 0
3 0
4 0
5 0
6 239.333
7 0
8 0
9 192.727
9
1 0
2 0
3 93.7143
4 0
5 200.889
6 237.538
7 0
8 0
9 195.385
9
1 0
2 0
3 0
4 0
5 199.111
6 240.615
7 0
8 0
9 193.2
9
1 0
2 0
3 0
4 0
5 201.714
6 240
7 0
8 77.7778
9 198.333
9
1 0
2 0
3 0
4 0
5 0
6 240.615
7 0
8 74.2857
9 196.727
9
1 0
2 0
3 0
4 0
5 197.143
6 240
7 0
8 73.5
9 200
9
1 0
2 0
3 0
4 0
5 0
6 241.538
7 0
8 0
9 199.556
9
1 0
2 0
3 89.3333
4 0
5 197.5
6 241.455
7 0
8 0
9 200
9
1 0
2 0
3 0
4 0
5 0
6 239.385
7 0
8 75.1111
9 200
9
1 0
2 0
3 0
4 0
5 197.333
6 241.231
7 0
8 75.2
9 198.222
9
1 0
2 0
3 0
4 0
5 197.778
6 242.667
7 0
8 74.2857
9 199.636
9
1 0
2 0
3 0
4 0
5 200
6 240.727
7 0
8 75.6
9 201.818
9
1 0
2 0
3 0
4 0
5 198
6 242.462
7 0
8 0
9 201.333
9
1 0
2 0
3 0
4 0
5 197.6
6 241.538
7 0
8 74.8571
9 205
9
1 0
2 0
3 0
4 0
5 195.6
6 242.333
7 0
8 0
9 203.636
9
1 0
2 0
3 0
4 0
5 197.6
6 241.818
7 0
8 78
9 205.667
9
1 0
2 0
3 0
4 0
5 196
6 241.231
7 0
8 76.5714
9 205.231
9
1 0
2 0
3 0
4 0
5 197.5
6 240.615
7 0
8 0
9 208
9
1 0
2 0
3 0
4 0
5 198.222
6 243.273
7 0
8 74.8571
9 208
9
1 0
2 0
3 0
4 0
5 196.889
6 242.909
7 0
8 76.8889
9 211.6
9
1 0
2 0
3 0
4 0
5 199
6 242.462
7 0
8 82
9 213.231
9
1 0
2 0
3 81.5
4 0
5 194.667
6 241.538
7 0
8 79.5
9 212.4
9
1 0
2 0
3 0
4 0
5 193.5
6 242.909
7 0
8 0
9 215.333
9
1 0
2 0
3 0
4 0
5 197.714
6 245.333
7 0
8 80
9 217.6
9
1 0
2 0
3 0
4 0
5 194.286
6 245.231
7 0
8 78.5
9 219.667
9
1 0
2 0
3 0
4 0
5 198
6 242.769
7 0
8 0
9 220.444
9
1 0
2 0
3 77.7143
4 0
5 192
6 242.667
7 0
8 0
9 222
9
1 0
2 0
3 0
4 0
5 195.5
6 241.455
7 0
8 84
9 223.2
9
1 0
2 0
3 0
4 0
5 193
6 240.615
7 0
8 79.5
9 223.273
9
1 0
2 0
3 0
4 0
5 193.5
6 242.154
7 0
8 83
9 225.6
9
1 0
2 0
3 0
4 0
5 194.667
6 243.333
7 0
8 0
9 226.909
9
1 0
2 0
3 0
4 0
5 0
6 243.273
7 0
8 85.7778
9 232.727
9
1 0
2 0
3 0
4 0
5 192.5
6 242.462
7 0
8 85.3333
9 233
9
1 0
2 0
3 0
4 0
5 194.222
6 244.308
7 0
8 0
9 233.818
9
1 0
2 0
3 0
4 0
5 189.714
6 240.727
7 0
8 89.1429
9 233.333
9
1 0
2 0
3 0
4 0
5 192
6 241.667
7 0
8 88
9 237.455
9
1 0
2 0
3 0
4 0
5 0
6 242.462
7 0
8 89.3333
9 236.333
9
1 0
2 0
3 0
4 0
5 190.667
6 241.231
7 0
8 91.5
9 241.778
9
1 0
2 0
3 0
4 0
5 189.714
6 239.636
7 0
8 86.5
9 239.6
9
1 0
2 0
3 0
4 0
5 0
6 240.667
7 0
8 87.2
9 240.8
9
1 0
2 0
3 0
4 0
5 191
6 240.923
7 0
8 88.3636
9 242
9
1 0
2 0
3 0
4 0
5 190.222
6 240
7 0
8 88.5
9 242.667
9
1 0
2 0
3 0
4 0
5 188.4
6 238.909
7 0
8 90.1818
9 244.4
9
1 0
2 0
3 0
4 0
5 186.857
6 240
7 0
8 88
9 246.333
9
1 0
2 0
3 0
4 0
5 188
6 239.077
7 0
8 90.6667
9 247
9
1 0
2 0
3 0
4 0
5 187.111
6 239.385
7 0
8 92.5714
9 250.909
9
1 0
2 0
3 0
4 0
5 186.5
6 238.909
7 0
8 92.5
9 248.308
9
1 0
2 0
3 0
4 0
5 186.857
6 236.615
7 0
8 91.2727
9 252.308
9
1 0
2 0
3 0
4 0
5 182.857
6 236.308
7 0
8 93.1429
9 254.333
9
1 0
2 0
3 0
4 0
5 181.5
6 238.769
7 0
8 92.4444
9 254.545
9
1 0
2 0
3 0
4 0
5 184
6 236.364
7 0
8 90.6667
9 256.615
9
1 0
2 0
3 0
4 0
5 182
6 235.077
7 0
8 93.5
9 259.077
9
1 0
2 0
3 0
4 0
5 180
6 237.846
7 0
8 92
9 261.091
9
1 0
2 0
3 0
4 0
5 182.222
6 233.846
7 0
8 93.5
9 262.182
9
1 0
2 0
3 0
4 0
5 181.714
6 236.727
7 0
8 95.5556
9 264.308
9
1 0
2 0
3 0
4 0
5 181.778
6 234.462
7 0
8 94
9 264.923
9
1 0
2 0
3 0
4 0
5 180
6 233.231
7 0
8 0
9 264.364
9
1 0
2 0
3 0
4 0
5 181.143
6 231.692
7 0
8 0
9 266.8
9
1 0
2 0
3 0
4 0
5 177.714
6 232.727
7 0
8 97.2
9 267.077
9
1 0
2 0
3 0
4 0
5 177
6 230.769
7 0
8 98.5
9 271.333
9
1 0
2 0
3 0
4 0
5 174
6 230.462
7 0
8 97.3333
9 270.4
9
1 0
2 0
3 0
4 0
5 176
6 231.692
7 0
8 0
9 275.5
9
1 0
2 0
3 0
4 0
5 0
6 230.545
7 0
8 98
9 277
9
1 0
2 0
3 0
4 0
5 172.571
6 227.385
7 0
8 97.6
9 276.4
9
1 0
2 0
3 0
4 0
5 175
6 228.615
7 0
8 96.5714
9 278
9
1 0
2 0
3 0
4 0
5 175.429
6 227
7 0
8 101.5
9 281.667
9
1 0
2 0
3 0
4 0
5 0
6 228.364
7 0
8 100
9 280.333
9
1 0
2 0
3 0
4 0
5 171
6 225.538
7 0
8 102.222
9 285.333
9
1 0
2 0
3 0
4 0
5 173.143
6 225.231
7 0
8 0
9 288.444
9
1 0
2 0
3 0
4 0
5 169.778
6 222.545
7 0
8 99.1111
9 286.667
9
1 0
2 0
3 0
4 0
5 167.5
6 222.333
7 0
8 102.8
9 288.727
9
1 0
2 0
3 0
4 0
5 170.667
6 221.538
7 0
8 101.333
9 289.333
9
1 0
2 0
3 0
4 0
5 165.143
6 220.308
7 0
8 0
9 291.6
9
1 0
2 0
3 0
4 0
5 164.5
6 220.727
7 0
8 103.111
9 292
9
1 0
2 0
3 0
4 0
5 0
6 222
7 0
8 103.6
9 294.909
9
1 0
2 0
3 0
4 0
5 164.571
6 219.692
7 0
8 108.727
9 292.667
9
1 0
2 0
3 0
4 0
5 164.727
6 218.769
7 0
8 105
9 296.364
9
1 0
2 0
3 0
4 0
5 0
6 218.909
7 0
8 104.364
9 299
9
1 0
2 0
3 0
4 0
5 0
6 215.385
7 0
8 106.857
9 300.923
9
1 0
2 0
3 0
4 0
5 161
6 214.769
7 0
8 109.778
9 303.667
9
1 0
2 0
3 0
4 0
5 162.857
6 214.462
7 0
8 0
9 303.273
9
1 0
2 0
3 0
4 0
5 0
6 214.909
7 0
8 107.636
9 303.667
9
1 0
2 0
3 0
4 0
5 165.143
6 214.154
7 0
8 108
9 307.385
9
1 0
2 0
3 0
4 0
5 161.333
6 210.769
7 0
8 109.333
9 304.727
9
1 0
2 0
3 0
4 0
5 156.444
6 212
7 0
8 0
9 306.545
9
1 0
2 0
3 0
4 0
5 159
6 209.455
7 0
8 109.333
9 309
9
1 0
2 0
3 0
4 0
5 160
6 208
7 0
8 108.8
9 310.462
9
1 0
2 0
3 0
4 0
5 156.571
6 207.692
7 0
8 110.222
9 308.727
9
1 0
2 0
3 0
4 0
5 159
6 208.615
7 0
8 112.5
9 311.6
9
1 0
2 0
3 0
4 0
5 157.714
6 208
7 0
8 109.778
9 310.667
9
1 0
2 0
3 0
4 0
5 0
6 204.615
7 0
8 111.6
9 312.308
9
1 0
2 0
3 0
4 0
5 152
6 202.769
7 0
8 113.143
9 314.667
9
1 0
2 0
3 0
4 0
5 152
6 199.692
7 0
8 114.286
9 317.455
9
1 0
2 0
3 0
4 0
5 0
6 202.545
7 0
8 114.8
9 316.615
9
1 0
2 0
3 0
4 0
5 0
6 200.923
7 0
8 0
9 317.846
9
1 0
2 0
3 0
4 0
5 154
6 201.538
7 0
8 114.667
9 318.667
9
1 0
2 0
3 0
4 0
5 149.714
6 197.231
7 0
8 114
9 317.818
9
1 0
2 0
3 0
4 0
5 0
6 199.273
7 0
8 116
9 317.846
9
1 0
2 0
3 0
4 0
5 0
6 196
7 0
8 114.4
9 320.615
9
1 0
2 0
3 0
4 0
5 0
6 195.692
7 0
8 114
9 322.909
9
1 0
2 0
3 0
4 0
5 0
6 196.667
7 0
8 0
9 324
9
1 0
2 0
3 0
4 0
5 145.143
6 191.273
7 0
8 118.286
9 325.667
9
1 0
2 0
3 0
4 0
5 0
6 191.692
7 0
8 118
9 324.615
9
1 0
2 0
3 0
4 0
5 0
6 192
7 0
8 120.8
9 328
9
1 0
2 0
3 0
4 0
5 144.889
6 188
7 0
8 0
9 326.182
9
1 0
2 0
3 0
4 0
5 0
6 186.909
7 0
8 121.2
9 327.385
9
1 0
2 0
3 0
4 0
5 141.5
6 185.846
7 0
8 122
9 329.538
9
1 0
2 0
3 0
4 0
5 138.857
6 182.154
7 0
8 124.5
9 330.909
9
1 0
2 0
3 0
4 0
5 140.571
6 180
7 0
8 123
9 329.538
9
1 0
2 0
3 0
4 0
5 136
6 181.667
7 0
8 121.6
9 328.615
9
1 0
2 0
3 0
4 0
5 138.286
6 185.231
7 0
8 124.5
9 329.846
9
1 0
2 0
3 0
4 0
5 137
6 180.923
7 0
8 127
9 328.364
9
1 0
2 0
3 0
4 0
5 136.889
6 178.545
7 0
8 126.667
9 329.538
9
1 0
2 0
3 0
4 0
5 0
6 181.231
7 0
8 125.333
9 329.231
9
1 0
2 0
3 0
4 0
5 136
6 180.308
7 0
8 128
9 330
9
1 0
2 0
3 0
4 0
5 138.222
6 180.923
7 0
8 126.286
9 330.545
9
1 0
2 0
3 0
4 0
5 138
6 176.727
7 0
8 125.333
9 331.077
9
1 0
2 0
3 0
4 0
5 134.667
6 178.462
7 0
8 125.778
9 331.077
9
1 0
2 0
3 0
4 0
5 135.556
6 176.923
7 0
8 127.5
9 330.909
9
1 0
2 0
3 0
4 0
5 0
6 178.462
7 0
8 128
9 331.273
9
1 0
2 0
3 0
4 0
5 0
6 178.545
7 0
8 127.429
9 331.385
9
1 0
2 0
3 0
4 0
5 134.857
6 175.692
7 0
8 128.889
9 332.615
9
1 0
2 0
3 0
4 0
5 135
6 174.769
7 0
8 130.4
9 333.091
9
1 0
2 0
3 0
4 0
5 134.286
6 173
7 0
8 132
9 329.818
9
1 0
2 0
3 0
4 0
5 0
6 170.545
7 0
8 132.571
9 331.077
9
1 0
2 0
3 0
4 0
5 130
6 172
7 0
8 133.2
9 332
9
1 0
2 0
3 0
4 0
5 0
6 168.923
7 0
8 132.727
9 335.6
9
1 0
2 0
3 0
4 0
5 0
6 167.273
7 0
8 133.6
9 330.667
9
1 0
2 0
3 0
4 0
5 0
6 168.4
7 0
8 132.4
9 330.769
9
1 0
2 0
3 0
4 0
5 0
6 163
7 0
8 133.333
9 333.538
9
1 0
2 0
3 0
4 0
5 0
6 164.615
7 0
8 135.5
9 333.091
9
1 0
2 0
3 0
4 0
5 0
6 165.091
7 0
8 135
9 332.667
9
1 0
2 0
3 0
4 0
5 122.857
6 163
7 0
8 134.667
9 334.462
9
1 0
2 0
3 0
4 0
5 124.444
6 162.769
7 0
8 136
9 332
9
1 0
2 0
3 0
4 0
5 0
6 162.769
7 0
8 133.5
9 334.545
9
1 0
2 0
3 0
4 0
5 0
6 160.364
7 0
8 134.286
9 334.154
9
1 0
2 0
3 0
4 0
5 0
6 160.923
7 0
8 134.222
9 335.385
9
1 0
2 0
3 0
4 0
5 0
6 158.154
7 0
8 137.818
9 334.769
9
1 0
2 0
3 0
4 0
5 118.286
6 157.231
7 0
8 136
9 335.636
9
1 0
2 0
3 0
4 0
5 120.571
6 159.273
7 0
8 137.333
9 334.769
