-25 -25 12 -30 -30 8 -25.8797 -28.3895 7.90617 -25.0422 -26.2048 10.2068 
-15 -25 12 -20 -20 0 -20.7032 -25.0311 2.85418 -17.5223 -17.5339 5.08628 
-5 -25 12 0 -20 0 -3.1143 -23.7213 3.1045 2.43645 -17.5483 5.10578 
5 -25 12 0 -30 0 2.2408 -26.7983 3.26235 1.26043 -25.0464 4.10834 
15 -25 12 10 -30 0 13.0782 -26.8847 2.79044 11.2129 -25.0234 4.10017 
25 -25 12 20 -30 8 23.7355 -24.863 7.76345 18.7666 -25.0424 12.1157 
-25 -15 12 -30 -10 16 -27.1653 -13.1273 13.2764 -25.0222 -8.7513 20.0991 
-15 -15 12 -20 -10 16 -17.4364 -12.3974 13.8286 -16.299 -9.95545 21.0868 
-5 -15 12 -10 -10 0 -6.75962 -12.4696 3.0177 -7.53309 -7.56576 5.10345 
5 -15 12 10 -10 8 5.1297 -11.7438 7.84257 12.4252 -7.57473 13.1146 
15 -15 12 10 -20 0 13.0862 -15.866 3.29241 12.4453 -17.5417 5.09774 
25 -15 12 30 -10 8 26.2488 -12.0577 6.79564 25.049 -8.78238 12.122 
-25 -5 12 -30 0 0 -27.1637 -3.55387 3.53855 -25.026 1.22226 4.10295 
-15 -5 12 -10 0 0 -12.8165 -2.65086 3.09169 -6.31215 -0.00459871 5.0858 
-5 -15 12 0 0 8 -3.82568 -1.81294 8.85419 3.6403 0.00290738 13.12 
5 -5 12 0 -10 8 4.96861 -7.46359 8.16663 2.45429 -7.56373 13.1075 
15 -5 12 10 0 8 11.4431 -4.05258 8.13484 9.98826 -3.65361 13.1068 
25 -5 12 20 0 8 23.2244 -2.55967 6.82646 16.3246 -0.0169158 13.0827 
-25 5 12 -30 10 16 -26.899 7.8419 13.1449 -25.0226 8.76316 20.1013 
-15 5 12 -20 10 0 -16.5445 7.56079 3.90485 -16.31 9.969 5.08824 
-5 5 12 -10 10 0 -7.98917 5.84481 3.30417 -7.55195 7.56899 5.1065 
5 5 12 10 0 0 7.26709 1.81683 3.50339 7.57382 -2.4289 5.10817 
15 5 12 10 10 8 13.78 7.92033 7.5873 10.0213 6.35755 13.1097 
25 5 12 30 0 0 26.6648 2.57973 3.01296 25.0477 -1.22822 4.10828 
-25 15 12 -30 20 8 -26.0608 15.5914 7.84689 -25.0417 18.7328 12.1081 
-15 15 12 -20 20 8 -16.3462 18.6277 7.49462 -17.5282 17.5461 13.0947 
-5 15 12 -10 20 8 -7.43772 19.4464 7.88272 -7.5427 17.5525 13.1 
5 15 12 0 20 0 2.67684 17.9612 2.90459 2.43793 17.5402 5.10053 
15 15 12 10 20 8 15.0261 18.1567 6.79718 10.0115 16.3178 13.091 
25 15 12 20 20 0 23.4835 17.4167 3.12822 19.9896 16.3214 5.09261 
-25 25 12 -20 30 0 -21.4446 26.7198 1.99752 -17.5238 27.5235 5.07829 
-15 25 12 -20 30 16 -16.4434 26.5048 16.6873 -17.5207 27.5073 21.0826 
5 25 12 0 30 8 2.20702 31.2209 8.09752 2.45232 27.5128 13.084 
15 25 12 20 20 8 18.3627 23.8535 7.96175 19.9793 16.308 13.0754 
25 25 12 20 30 8 23.3279 29.4016 6.80483 19.9683 26.3101 13.0863 
-25 35 12 -30 30 16 -28.9041 33.7973 14.858 -25.0414 28.7078 20.1005 
-15 35 12 -10 30 0 -12.7753 32.5195 3.30647 -7.5128 27.4947 5.04547 
-5 35 12 0 40 24 -2.82284 37.7261 20.2323 1.21571 34.946 22.0781 
5 35 12 10 40 24 8.0416 37.2964 20.2892 10.0107 34.9434 22.0879 
15 35 12 10 40 8 13.9574 38.001 8.40624 10.0035 35.0344 12.1129 
