0 0 0 1 385 2 167.878 3 0 4 71.4386
5 0 0 1 371.75 2 198.48 3 0 4 71.1169
10 0 0 1 350.857 2 226.695 3 0 4 71.3623
15 0 0 1 294.308 2 247.205 3 0 4 67.8
20 0 0 1 236.774 2 260.064 3 0 4 62.9434
25 0 0 1 190.222 2 265.175 3 64 4 61.7143
30 0 0 1 141.667 2 260.247 3 67.6129 4 54.6667
35 0 0 1 82.6667 2 235.7 3 68 4 61
40 5 0 1 92 2 209.778 3 81.719 4 52
35 5 0 1 123.733 2 253.422 3 86.2745 4 55.92
30 5 0 1 155.684 2 259.924 3 85.7006 4 63.3425
25 5 0 1 155.104 2 259.216 3 85.2444 4 60.8395
20 5 0 1 247.059 2 255.814 3 79.759 4 77.2336
15 5 0 1 311 2 249.096 3 72 4 82.7419
15 5 0 1 336 2 264.071 3 0 4 83.5342
10 5 0 1 432.308 2 230.263 3 0 4 88.303
5 5 0 1 442.909 2 203.783 3 0 4 92.6942
5 10 0 1 512.686 2 214.158 3 0 4 127.449
10 10 0 1 496.513 2 239.505 3 0 4 125.838
15 10 0 1 353.5 2 272.408 3 96 4 114.149
20 10 0 1 265.928 2 256.07 3 106.284 4 101.924
25 10 0 1 213.03 2 277.923 3 113.255 4 87.9652
30 10 0 1 155.495 2 295.188 3 115.98 4 73.0667
35 10 0 1 119.943 2 299.565 3 111.494 4 61.1594
40 10 0 1 86.6667 2 238.4 3 104.148 4 56.6667
45 10 0 1 0 2 194 3 96.0282 4 55.5556
45 15 0 1 69.3333 2 206.667 3 122.014 4 52.8276
40 15 0 1 95.6364 2 264.533 3 138.676 4 63.2381
35 15 0 1 118.652 2 300.08 3 149.263 4 75.4493
30 15 0 1 151.268 2 282.627 3 152.215 4 91.8689
25 15 0 1 201.954 2 258.427 3 147.293 4 115.049
20 15 0 1 283.705 2 257.2 3 136.114 4 135.519
15 15 0 1 300.581 2 270.105 3 122.077 4 153.614
10 15 0 1 382.493 2 257.03 3 102.118 4 169.377
5 15 0 1 484.114 2 212 3 88 4 170.682
0 15 0 1 510.143 2 180 3 0 4 164
0 20 0 1 485.877 2 176.8 3 90.6667 4 220.8
5 20 0 1 453.662 2 208.277 3 104.776 4 225.5
10 20 0 1 410.894 2 239.015 3 126.917 4 213.486
15 20 0 1 343.921 2 274.228 3 148.522 4 198.538
20 20 0 1 244.914 2 291.493 3 167.147 4 172.703
25 20 0 1 182.379 2 305.744 3 180.82 4 142.181
30 20 0 1 143.652 2 301 3 185.081 4 113.329
35 20 0 1 112 2 273.371 3 181.255 4 89.3729
40 20 0 1 85.0847 2 235.429 3 168.703 4 70.2162
45 20 0 1 66 2 188.25 3 151.26 4 58.789
45 25 0 1 63.3778 2 174.8 3 179.75 4 63.9612
40 25 0 1 79.8413 2 212.923 3 207.377 4 80.1905
35 25 0 1 102.018 2 235.29 3 231.184 4 104.293
30 25 0 1 130.695 2 265.59 3 245.496 4 136.42
25 25 0 1 165.353 2 285.66 3 236.348 4 167.973
20 25 0 1 208.764 2 278.263 3 205.502 4 213.622
15 25 0 1 260.622 2 253.132 3 176.493 4 263.782
10 25 0 1 321.302 2 222.695 3 150.367 4 328.991
5 25 0 1 365.175 2 194.993 3 123.536 4 337.542
0 25 0 1 384.19 2 167.433 3 98.7835 4 332.884
0 30 0 1 261.378 2 151.135 3 111.944 4 377.905
5 30 0 1 253.244 2 171.848 3 137.423 4 374.541
10 30 0 1 229.606 2 199.211 3 171.723 4 356.722
15 30 0 1 195.514 2 216.598 3 218.477 4 352.943
20 30 0 1 168.753 2 224.509 3 264.339 4 251.634
25 30 0 1 141.503 2 227.538 3 308.661 4 191.814
30 30 0 1 112.986 2 220.667 3 315.588 4 149.961
35 30 0 1 88.4609 2 198.764 3 303.727 4 115.333
40 30 0 1 76.3333 2 174.5 3 276.59 4 86.2222
45 30 0 1 80.8333 2 154 3 218.737 4 68.0976
45 35 0 1 53.7333 2 128.667 3 254.8 4 71.871
40 35 0 1 69.6296 2 145.87 3 323.812 4 95.2727
35 35 0 1 82.188 2 164 3 323.022 4 123.609
30 35 0 1 93.2542 2 177.369 3 312.633 4 161.107
25 35 0 1 117.039 2 184.916 3 329.121 4 210.963
20 35 0 1 140.145 2 185.133 3 313.096 4 299.163
15 35 0 1 162.646 2 178.514 3 254.283 4 335.679
10 35 0 1 178.51 2 163.627 3 192.397 4 331.283
5 35 0 1 190.014 2 145.369 3 150.773 4 337.091
0 35 0 1 192.464 2 127.044 3 122.129 4 314.711
0 40 0 1 144.179 2 100.951 3 124.444 4 404.485
5 40 0 1 143.846 2 113.87 3 156.183 4 346.304
10 40 0 1 137.083 2 128.878 3 201.532 4 343.342
15 40 0 1 121.667 2 139.879 3 282.024 4 349.289
20 40 0 1 118 2 146.26 3 294.813 4 296.059
25 40 0 1 89.5329 2 148.207 3 288.267 4 229.929
30 40 0 1 74.4878 2 140.787 3 291.225 4 165.545
35 40 0 1 68.3137 2 129.579 3 311.529 4 128.019
40 40 0 1 60.3636 2 116.93 3 329.182 4 96.4
45 40 0 1 58.8571 2 102 3 274.4 4 73.9394
40 45 0 1 66.5455 2 92 3 256.286 4 95.4096
35 45 0 1 61.5 2 98.6667 3 272.216 4 124.502
30 45 0 1 63.3333 2 108.312 3 277.796 4 160.562
25 45 0 1 69.3061 2 111.152 3 272.258 4 201.455
20 45 0 1 74.4 2 111.429 3 240.8 4 230.383
15 45 0 1 89.9091 2 101.6 3 218.939 4 272.19
10 45 0 1 99.3725 2 97.4173 3 185.122 4 305.855
5 45 0 1 108.526 2 90.8845 3 151.852 4 334.681
0 45 0 1 120 2 81.6566 3 117.578 4 454.154
0 50 0 1 84 2 64.9615 3 108 4 288.516
5 50 0 1 0 2 74.3902 3 138.605 4 428.105
10 50 0 1 0 2 72.7788 3 171.511 4 394.735
15 50 0 1 0 2 77.9876 3 217 4 321.671
20 50 0 1 0 2 81.0275 3 285.091 4 244.875
25 50 0 1 0 2 80.5116 3 313.8 4 185.042
30 50 0 1 0 2 79.625 3 309.5 4 147.76
0 0 8 1 389.231 2 171.356 3 0 4 72.4912
5 0 8 1 377.926 2 202.768 3 0 4 69.5556
10 0 8 1 360 2 234.014 3 0 4 68.64
15 0 8 1 295.111 2 259.289 3 0 4 64.8205
20 0 8 1 240.25 2 275.146 3 0 4 62.6286
25 0 8 1 190.378 2 281.168 3 0 4 56.4706
30 0 8 1 142.333 2 274.606 3 66 4 52.3333
35 0 8 1 111.2 2 249.412 3 65.6129 4 54.4
40 5 8 1 98 2 230.462 3 82.1167 4 52.6667
35 5 8 1 123.2 2 272.174 3 85.8919 4 57
30 5 8 1 164.087 2 290.204 3 87.3488 4 62.0759
25 5 8 1 208.267 2 288.436 3 85.1111 4 72.1237
20 5 8 1 270.462 2 282.684 3 80 4 78.592
15 5 8 1 343.862 2 273.581 3 0 4 85.1095
10 5 8 1 394.222 2 251.61 3 0 4 89.4069
5 5 8 1 425.882 2 217.19 3 0 4 92.6667
0 5 8 1 419.619 2 180.302 3 0 4 90.7347
5 10 8 1 421.422 2 225.922 3 0 4 129.063
10 10 8 1 410.857 2 263.857 3 0 4 125.684
15 10 8 1 349.882 2 269.443 3 94.2857 4 115.496
20 10 8 1 271.397 2 266.522 3 106.593 4 102.565
25 10 8 1 210.8 2 272.289 3 115.878 4 88.4908
30 10 8 1 162.571 2 278.125 3 120.201 4 75.3374
35 10 8 1 122.531 2 272.906 3 117.166 4 63.9286
40 10 8 1 95 2 248 3 108.838 4 55.2889
45 10 8 1 72 2 234.667 3 99.8806 4 58.6667
45 15 8 1 72 2 242 3 129.393 4 54.9767
40 15 8 1 93 2 313.217 3 146.246 4 63.1489
35 15 8 1 123.333 2 272 3 160.268 4 78
30 15 8 1 160.076 2 278.933 3 162.595 4 95.8431
25 15 8 1 208.188 2 272 3 156.562 4 119.63
20 15 8 1 263.701 2 268.836 3 141.248 4 138.466
15 15 8 1 328.681 2 277.017 3 124.388 4 157.619
10 15 8 1 390.069 2 284.046 3 104.333 4 169.68
5 15 8 1 397.224 2 229.384 3 86.56 4 173.206
5 20 8 1 509.385 2 221 3 0 4 232.267
10 20 8 1 464.06 2 262.769 3 132.291 4 225
15 20 8 1 360.193 2 304.482 3 157.6 4 206.019
20 20 8 1 239.932 2 278.43 3 177.793 4 180.094
25 20 8 1 193.2 2 279.215 3 192.776 4 149.212
30 20 8 1 149.707 2 274.618 3 201.262 4 117.151
35 20 8 1 116.68 2 267.935 3 200.396 4 91.4419
40 20 8 1 87.0769 2 263.857 3 184.298 4 72.9697
45 20 8 1 72.8421 2 233.5 3 163.892 4 60.3306
45 25 8 1 63.9273 2 185.2 3 206.524 4 67.2453
40 25 8 1 81.6883 2 255.867 3 245.896 4 84
35 25 8 1 104.905 2 289.823 3 266.422 4 109.988
30 25 8 1 136.374 2 275.046 3 264.515 4 142.769
25 25 8 1 170.555 2 282.197 3 266.596 4 182.268
20 25 8 1 217.183 2 279.916 3 221.984 4 228.464
15 25 8 1 272.378 2 272.957 3 186.534 4 262.769
10 25 8 1 318.623 2 243.649 3 154.896 4 287.5
0 25 8 1 396.29 2 172.404 3 98.2264 4 352.59
0 30 8 1 267.985 2 152.727 3 111.509 4 423.692
10 30 8 1 237.231 2 217.973 3 179.246 4 390.167
15 30 8 1 204.996 2 226.044 3 232.976 4 322.929
20 30 8 1 173.6 2 236.174 3 274.712 4 262.973
25 30 8 1 143.96 2 296.5 3 298.667 4 197.395
30 30 8 1 112.122 2 308.308 3 312.226 4 151.44
35 30 8 1 87.7174 2 206.057 3 272.176 4 116.97
5 30 8 1 264.555 2 177.837 3 142.395 4 536
40 35 8 1 70.2745 2 182.444 3 252.962 4 89.5538
45 30 8 1 56 2 156 3 217.447 4 68.6171
45 35 8 1 54.2222 2 127 3 241.238 4 72.0884
40 35 8 1 62.6154 2 152 3 279.2 4 94.855
35 35 8 1 73.3989 2 165.318 3 299.257 4 126.297
30 35 8 1 91.3858 2 182.109 3 305.68 4 165.98
25 35 8 1 112.784 2 189.157 3 301.566 4 219.385
20 35 8 1 137.091 2 188.754 3 276.563 4 273.383
15 35 8 1 156.881 2 174.038 3 236.307 4 316.072
10 35 8 1 173.608 2 157.708 3 189.985 4 332.587
5 35 8 1 193.124 2 145.097 3 153.566 4 339.649
0 35 8 1 191.268 2 122.049 3 122.163 4 362.522
0 40 8 1 128 2 92.2353 3 128.415 4 424
5 40 8 1 138.567 2 107.014 3 157.79 4 378.72
10 40 8 1 0 2 123.176 3 201.6 4 447.273
15 40 8 1 112.826 2 131.062 3 236 4 303.587
20 40 8 1 101.231 2 143.536 3 303.526 4 306.981
25 40 8 1 85.1064 2 144.602 3 308.766 4 234.981
30 40 8 1 72.6765 2 138.027 3 300.075 4 168.642
35 40 8 1 61.2881 2 126.261 3 296.113 4 129.107
40 40 8 1 56.32 2 121.455 3 288.195 4 98.6566
45 40 8 1 93.6 2 111.273 3 287.733 4 73.2459
30 45 8 1 61.25 2 106.465 3 319.897 4 166.662
35 45 8 1 54.6 2 99.1429 3 304.923 4 128.142
45 45 8 1 61.7778 2 87.1111 3 279.75 4 95.3756
25 45 8 1 66.4 2 104.035 3 305.641 4 215.554
20 45 8 1 76.3902 2 104.969 3 286.737 4 277.71
10 45 8 1 202 2 89.1852 3 204.8 4 376.049
5 45 8 1 152 2 81.9459 3 152.77 4 510.333
0 45 8 1 152 2 73.5059 3 115.226 4 346.333
0 50 8 1 105.333 2 66.7907 3 107.698 4 369.6
5 50 8 1 141.333 2 69.4348 3 139.922 4 327.04
10 50 8 1 176 2 68.7059 3 174.717 4 318.36
15 50 8 1 0 2 69.8507 3 210.429 4 272.368
20 50 8 1 58.5714 2 71.9344 3 251.13 4 234.631
25 50 8 1 54 2 76.6667 3 277.091 4 190.087
30 50 8 1 63.1429 2 73.3333 3 280.615 4 149.141
35 50 8 1 77.3333 2 70 3 272 4 116.562
0 0 16 1 474.919 2 203.692 3 0 4 82.9495
5 0 16 1 469.614 2 241.586 3 0 4 81.1667
10 0 16 1 459.055 2 285.944 3 0 4 79.2857
15 0 16 1 365.415 2 316.162 3 0 4 75.622
20 0 16 1 283.89 2 335.13 3 0 4 71.4286
25 0 16 1 223.2 2 342.415 3 0 4 66.1587
30 0 16 1 166.492 2 334.142 3 75.0476 4 58.2857
35 0 16 1 128.533 2 308.84 3 75.4419 4 54.5185
40 0 16 1 97 2 265.28 3 73.2174 4 52.3333
45 5 16 1 86 2 124 3 86.6667 4 54.4
40 5 16 1 102.727 2 284.549 3 93.117 4 56.2963
35 5 16 1 132.231 2 318.556 3 97.8182 4 63.5
30 5 16 1 177.882 2 334.301 3 95.013 4 70.0465
25 5 16 1 232.773 2 331.023 3 92.375 4 74.9643
20 5 16 1 299.439 2 324.121 3 85.913 4 83.9184
15 5 16 1 371.156 2 311.96 3 0 4 89.8803
10 5 16 1 429.978 2 283.219 3 0 4 94.0915
5 5 16 1 434.871 2 240.589 3 0 4 97.8898
0 5 16 1 425.478 2 194.261 3 0 4 97.1053
0 10 16 1 426.92 2 199.507 3 0 4 133.085
5 10 16 1 422.842 2 245.993 3 0 4 138.065
10 10 16 1 407.556 2 286.983 3 85.3333 4 134.628
15 10 16 1 362.989 2 302.742 3 99.7203 4 123.561
20 10 16 1 294.597 2 300.134 3 115.753 4 110.551
25 10 16 1 225.25 2 304.125 3 128.201 4 95.6957
30 10 16 1 168.681 2 311.221 3 133.678 4 79.9484
35 10 16 1 126.581 2 304.238 3 130.303 4 71
40 10 16 1 94.4762 2 274.824 3 122.966 4 60.8193
45 10 16 1 109 2 110 3 109.912 4 55.25
45 15 16 1 76 2 220 3 145.2 4 60.6557
40 15 16 1 93.3061 2 270.857 3 163.666 4 67.7297
35 15 16 1 123.736 2 297.342 3 177.418 4 80.9412
30 15 16 1 163.95 2 306.534 3 179.13 4 100.828
25 15 16 1 214.881 2 303.735 3 170.502 4 124.681
20 15 16 1 277.098 2 300.95 3 152.819 4 149.568
15 15 16 1 342.05 2 299.719 3 131.484 4 170.227
10 15 16 1 385.874 2 279.692 3 106.72 4 182.194
5 15 16 1 404.077 2 234.773 3 85.3878 4 184.296
0 15 16 1 407.875 2 190.053 3 73.3333 4 175.921
0 20 16 1 380.636 2 181.6 3 84.1039 4 232.242
5 20 16 1 359.111 2 248.495 3 123.85 4 241.493
15 20 16 1 296.83 2 285.338 3 161.391 4 215.891
10 20 16 1 339.459 2 259.157 3 134.194 4 234.685
20 20 16 1 238.047 2 294.274 3 186.849 4 188.789
25 20 16 1 187.77 2 294.63 3 205.686 4 153.492
30 20 16 1 144.939 2 286.54 3 212.08 4 118.191
35 20 16 1 110.561 2 269.07 3 210.943 4 92.0147
40 20 16 1 97.8182 2 237.333 3 195.644 4 74.6581
45 20 16 1 137.333 2 190 3 172.712 4 61.7349
45 25 16 1 0 2 212 3 205.915 4 67.92
40 25 16 1 76.3333 2 219.429 3 234.781 4 83.2941
35 25 16 1 97.9241 2 246.836 3 254.463 4 107.389
30 25 16 1 128.176 2 261.701 3 262.98 4 145.047
25 25 16 1 165.032 2 271.185 3 251.933 4 183.367
20 25 16 1 205.812 2 270.329 3 224.577 4 225.56
15 25 16 1 250.734 2 259.639 3 187.96 4 262.102
10 25 16 1 287.16 2 233.151 3 154.805 4 290.667
5 25 16 1 312.148 2 198.52 3 119.86 4 292.834
0 25 16 1 317.293 2 162.253 3 90.4569 4 277.761
0 30 16 1 249.729 2 139.289 3 103.461 4 327.48
5 30 16 1 249.841 2 171.544 3 135.336 4 339.893
10 30 16 1 234.32 2 201.873 3 173.18 4 335.227
15 30 16 1 205.03 2 223.237 3 217.486 4 308.784
20 30 16 1 171.729 2 234.36 3 260.412 4 259.517
25 30 16 1 140.491 2 235.761 3 286.566 4 203.933
30 30 16 1 109.81 2 227.143 3 292.101 4 154.249
35 30 16 1 84.4938 2 205.6 3 287.584 4 115.784
40 30 16 1 76.2105 2 186.824 3 263.95 4 86.5064
40 35 16 1 63.8182 2 137.143 3 297.333 4 95.1385
35 35 16 1 66.25 2 151.568 3 314.656 4 129.061
30 35 16 1 80.0857 2 168.416 3 318 4 171.53
25 35 16 1 99.0288 2 174.797 3 314.714 4 227.227
20 35 16 1 120.39 2 171.565 3 294.133 4 290.733
15 35 16 1 146.671 2 164.446 3 245.659 4 336.135
10 35 16 1 166.89 2 148.377 3 189.041 4 352.42
5 35 16 1 170.474 2 124.221 3 148.176 4 353.95
0 35 16 1 169.854 2 103.876 3 112.727 4 344.92
0 35 16 1 169.013 2 104.161 3 113.101 4 346.293
0 40 16 1 122.96 2 83.3708 3 114.4 4 350.857
5 40 16 1 124.366 2 97.4897 3 151.104 4 357.956
10 40 16 1 113.469 2 106.131 3 196.476 4 351.436
15 40 16 1 103.236 2 121.398 3 254.029 4 327.779
20 40 16 1 86.966 2 126.701 3 298.472 4 278.909
25 40 16 1 78.9091 2 128.125 3 312.909 4 215.782
30 40 16 1 64 2 122.2 3 313.469 4 163.488
35 40 16 1 72.2222 2 114.222 3 311.135 4 125.186
35 45 16 1 68 2 0 3 302 4 125.827
30 45 16 1 57.6667 2 88.6667 3 308 4 164.481
25 45 16 1 61.1852 2 102.5 3 302.326 4 211.717
20 45 16 1 65.4667 2 96.1818 3 272.552 4 262.799
15 45 16 1 75.8919 2 83.8 3 233.5 4 311.668
5 45 16 1 90.2805 2 77.8462 3 143.565 4 351.129
0 45 16 1 88.4669 2 67.102 3 105.6 4 335.067
0 50 16 1 68.3019 2 56.5 3 100 4 295.273
5 50 16 1 67.3118 2 69.7143 3 132.5 4 312.619
10 50 16 1 69.7248 2 68.6102 3 170 4 312.435
15 50 16 1 62.1176 2 69.3636 3 214.824 4 274.622
20 50 16 1 57.7333 2 69.6471 3 254.154 4 229.606
25 50 16 1 57.3913 2 70.6667 3 276 4 183.743
0 0 24 1 412 2 180.242 3 0 4 67.8519
5 0 24 1 412.4 2 213.378 3 0 4 69.6774
10 0 24 1 377.6 2 255.411 3 0 4 67.76
15 0 24 1 312.769 2 290.274 3 0 4 63.4909
20 0 24 1 242.783 2 308.33 3 0 4 60.381
25 0 24 1 190.963 2 317.77 3 0 4 55.2727
30 0 24 1 140.4 2 310.806 3 60 4 54.3333
35 0 24 1 109.5 2 284.488 3 64.64 4 68
40 0 24 1 104 2 246.286 3 63.9036 4 108
40 5 24 1 89.3333 2 268 3 80.7847 4 56.5714
35 5 24 1 116.348 2 312.077 3 84.6316 4 55.84
25 5 24 1 217.62 2 332.874 3 0 4 66.8889
30 5 24 1 159.03 2 328.782 3 0 4 60.5625
25 5 24 1 215.617 2 330.8 3 0 4 66.623
20 5 24 1 284.459 2 318.136 3 0 4 74.1705
15 5 24 1 391.789 2 304.482 3 0 4 78.5736
10 5 24 1 471.6 2 270.819 3 0 4 81.4615
5 5 24 1 506 2 223.982 3 0 4 85.1707
0 5 24 1 502.857 2 183.333 3 0 4 82.9474
0 10 24 1 434.845 2 185.897 3 0 4 118.532
5 10 24 1 460.87 2 235.028 3 0 4 125.057
10 10 24 1 438.551 2 281.025 3 0 4 119.896
15 10 24 1 362.826 2 303.545 3 89.8947 4 108.702
20 10 24 1 283.136 2 301.926 3 104.06 4 97.3617
25 10 24 1 214.093 2 307.273 3 114.717 4 83.9821
30 10 24 1 157.02 2 314.97 3 125.427 4 72.4468
35 10 24 1 116.757 2 308.414 3 117.785 4 61.1429
40 10 24 1 84 2 273 3 111.692 4 56.4545
45 10 24 1 104 2 144 3 102.516 4 52.8
45 15 24 1 80 2 272 3 147.234 4 58.6667
40 15 24 1 87.7647 2 274.486 3 155.385 4 63.008
35 15 24 1 118.442 2 306.218 3 167.425 4 74.5185
30 15 24 1 160.314 2 313.368 3 166.899 4 91.1467
25 15 24 1 209.952 2 309.905 3 162.533 4 114.919
20 15 24 1 275.265 2 307.807 3 145.164 4 138.955
15 15 24 1 346.132 2 306.101 3 124.873 4 161.352
10 15 24 1 417.954 2 279.429 3 98.3333 4 171.161
5 15 24 1 458 2 228.303 3 0 4 173.634
0 15 24 1 441.731 2 181.294 3 0 4 165.541
0 20 24 1 400.157 2 173.014 3 76.88 4 220.891
5 20 24 1 386.041 2 216.013 3 99.8519 4 238.847
10 20 24 1 349.064 2 259.358 3 128.162 4 232.127
15 20 24 1 295.273 2 291.826 3 158.823 4 210.311
20 20 24 1 235.037 2 304.576 3 185.472 4 180.51
25 20 24 1 186.051 2 305.806 3 204.227 4 146.703
30 20 24 1 140.526 2 295.751 3 217.284 4 114.26
35 20 24 1 105.053 2 277.417 3 213.187 4 87.5763
40 20 24 1 79.8222 2 246.615 3 197.918 4 71.5932
45 20 24 1 0 2 188 3 169.969 4 60.4746
45 25 24 1 0 2 182 3 204.287 4 63.5094
40 25 24 1 77.7778 2 220.96 3 236.247 4 79.2037
35 25 24 1 93.4462 2 250.927 3 260.294 4 102.639
30 25 24 1 123.873 2 271.083 3 266.255 4 136.575
25 25 24 1 162.007 2 281.456 3 253.672 4 177.239
20 25 24 1 206.074 2 279.302 3 225.311 4 222.836
15 25 24 1 249.751 2 263.154 3 189.886 4 266.617
10 25 24 1 293.579 2 232.467 3 151.087 4 294.897
5 25 24 1 318.493 2 194.187 3 116.235 4 302.605
0 25 24 1 320.586 2 154.301 3 86.7154 4 284.475
0 30 24 1 251.02 2 131.474 3 97.9 4 341.813
5 30 24 1 254.255 2 166.328 3 132.683 4 361.924
10 30 24 1 232.455 2 198.08 3 174.622 4 353
15 30 24 1 204.87 2 225.137 3 221.365 4 318.4
20 30 24 1 170.355 2 237.658 3 268 4 264.722
25 30 24 1 135.336 2 238.861 3 302.033 4 204.883
30 30 24 1 103.305 2 226.674 3 313.39 4 157.017
35 30 24 1 80.2162 2 208.283 3 305.743 4 114.44
40 30 24 1 64.4156 2 182.857 3 277.864 4 84.6584
45 35 24 1 85.6 2 116 3 263.319 4 71.493
40 35 24 1 57.3333 2 131.579 3 316.323 4 92.9432
35 35 24 1 63.5938 2 149.739 3 337.496 4 125.678
30 35 24 1 76.9485 2 167.147 3 342.709 4 169.98
25 35 24 1 95.5685 2 174.077 3 338.231 4 228.227
20 35 24 1 118.048 2 170.752 3 312.751 4 299.933
15 35 24 1 143.446 2 162.662 3 254.649 4 358.114
10 35 24 1 171.358 2 149.102 3 193.338 4 376.592
5 35 24 1 173.571 2 122.201 3 150.404 4 379.02
0 35 24 1 175.046 2 100.874 3 109.234 4 368.8
0 40 24 1 122.586 2 78.6535 3 105.222 4 370.4
5 40 24 1 121.898 2 92.284 3 150.549 4 385.571
10 40 24 1 114.968 2 106.349 3 204.389 4 377.809
15 40 24 1 103.414 2 120.493 3 265.07 4 353.832
20 40 24 1 88.5429 2 127.789 3 320.129 4 298.395
25 40 24 1 75.6825 2 129.708 3 339.968 4 228.923
30 40 24 1 67.2 2 127.529 3 343.721 4 175.385
35 40 24 1 59.4386 2 115.52 3 339 4 129.603
40 40 24 1 54.2857 2 100 3 317.12 4 94.0155
40 45 24 1 52 2 0 3 294.667 4 89.3277
35 45 24 1 55.4545 2 0 3 326.087 4 120.613
30 45 24 1 62.2222 2 91 3 338.667 4 168.977
25 45 24 1 63.2453 2 95 3 332.294 4 219.853
20 45 24 1 67.2727 2 87.5385 3 299.333 4 276.577
15 45 24 1 76.4545 2 83.2653 3 240.129 4 333.233
10 45 24 1 77.8333 2 75.6364 3 186.233 4 365.377
5 45 24 1 79.0796 2 67.9506 3 137.538 4 369.458
0 45 24 1 76.6115 2 62.6957 3 101.6 4 346.667
0 50 24 1 66.6154 2 56.4571 3 95.2 4 313.422
5 50 24 1 66.4 2 63.4627 3 133.867 4 331.333
10 50 24 1 100 2 63.5955 3 168.085 4 329.228
15 50 24 1 61.9429 2 67.9365 3 216.364 4 292.938
20 50 24 1 59.1579 2 69.1429 3 261.647 4 244.19
25 50 24 1 53.8182 2 67.4286 3 294.857 4 194.14
30 50 24 1 52.5714 2 72.4444 3 302.947 4 150.207
35 50 24 1 72 2 0 3 292 4 113.521
