 0 0 1 0 2 0 3 0 4 0 5 0 6 0 7 0 8 0 9 331.086
5 0 0 1 0 2 0 3 0 4 0 5 0 6 0 7 0 8 0 9 320.294
10 0 0 1 0 2 0 3 0 4 0 5 0 6 0 7 0 8 0 9 315.771
15 0 0 1 0 2 0 3 0 4 0 5 0 6 0 7 0 8 0 9 302.899
20 0 0 1 0 2 0 3 0 4 0 5 0 6 0 7 0 8 0 9 266.687
25 0 0 1 0 2 0 3 0 4 0 5 0 6 0 7 0 8 0 9 181.081
30 0 0 1 0 2 0 3 0 4 0 5 0 6 0 7 0 8 0 9 170.773
35 0 0 1 0 2 0 3 0 4 0 5 0 6 0 7 0 8 0 9 133.212
40 0 0 1 0 2 0 3 0 4 0 5 0 6 0 7 0 8 0 9 100.923
0 5 0 1 0 2 0 3 0 4 0 5 0 6 0 7 0 8 0 9 316.493
5 5 0 1 0 2 0 3 0 4 0 5 0 6 0 7 0 8 0 9 317.706
10 5 0 1 0 2 0 3 0 4 0 5 0 6 0 7 0 8 0 9 310.592
15 5 0 1 0 2 0 3 0 4 0 5 0 6 0 7 0 8 0 9 287.667
20 5 0 1 0 2 0 3 0 4 0 5 0 6 0 7 0 8 0 9 251.89
25 5 0 1 0 2 0 3 0 4 0 5 0 6 0 7 0 8 0 9 204.722
30 5 0 1 0 2 0 3 0 4 0 5 0 6 0 7 0 8 0 9 163.167
35 5 0 1 0 2 0 3 0 4 0 5 0 6 0 7 0 8 0 9 126.646
40 5 0 1 0 2 0 3 0 4 0 5 0 6 0 7 0 8 0 9 93.641
0 10 0 1 0 2 0 3 0 4 0 5 0 6 0 7 0 8 0 9 285.543
5 10 0 1 0 2 0 3 0 4 0 5 0 6 0 7 0 8 0 9 291.443
10 10 0 1 0 2 0 3 0 4 0 5 0 6 0 7 0 8 0 9 284.971
15 10 0 1 0 2 0 3 0 4 0 5 0 6 0 7 0 8 0 9 255.642
20 10 0 1 0 2 0 3 0 4 0 5 0 6 0 7 0 8 0 9 220.486
25 10 0 1 0 2 0 3 0 4 0 5 0 6 0 7 0 8 0 9 182.149
30 10 0 1 0 2 0 3 0 4 0 5 0 6 0 7 0 8 0 9 146.286
35 10 0 1 0 2 0 3 0 4 0 5 0 6 0 7 0 8 0 9 115.273
40 10 0 1 0 2 0 3 0 4 0 5 0 6 0 7 0 8 0 9 85.8723
0 15 0 1 0 2 0 3 0 4 0 5 0 6 0 7 0 8 0 9 233.851
5 15 0 1 0 2 0 3 0 4 0 5 0 6 0 7 0 8 0 9 240.779
10 15 0 1 0 2 0 3 0 4 0 5 0 6 0 7 0 8 0 9 233.671
15 15 0 1 0 2 0 3 0 4 0 5 0 6 0 7 0 8 0 9 214.294
20 15 0 1 0 2 0 3 0 4 0 5 0 6 0 7 0 8 0 9 185.672
25 15 0 1 0 2 0 3 0 4 0 5 0 6 0 7 0 8 0 9 157.029
30 15 0 1 0 2 0 3 0 4 0 5 0 6 0 7 0 8 0 9 128.345
35 15 0 1 0 2 0 3 0 4 0 5 0 6 0 7 0 8 0 9 100.533
40 15 0 1 68 2 0 3 0 4 0 5 0 6 0 7 0 8 0 9 76.6667
0 20 0 1 0 2 0 3 0 4 0 5 0 6 0 7 0 8 0 9 184.822
5 20 0 1 0 2 0 3 0 4 0 5 0 6 0 7 0 8 0 9 191.549
10 20 0 1 0 2 0 3 0 4 0 5 0 6 0 7 0 8 0 9 188.219
15 20 0 1 0 2 0 3 0 4 0 5 0 6 0 7 0 8 0 9 172.471
20 20 0 1 0 2 0 3 0 4 0 5 0 6 0 7 0 8 0 9 152.529
25 20 0 1 0 2 0 3 0 4 0 5 0 6 0 7 0 8 0 9 128.25
30 20 0 1 0 2 0 3 0 4 0 5 0 6 0 7 0 8 0 9 103.451
35 20 0 1 0 2 0 3 0 4 0 5 0 6 0 7 0 8 0 9 82.5556
40 20 0 1 0 2 0 3 0 4 0 5 0 6 0 7 0 8 0 9 64.8889
0 25 0 1 0 2 0 3 0 4 0 5 0 6 0 7 0 8 0 9 143.438
5 25 0 1 0 2 0 3 0 4 0 5 0 6 0 7 0 8 0 9 147.937
10 25 0 1 0 2 0 3 0 4 0 5 0 6 0 7 0 8 0 9 145.913
15 25 0 1 0 2 0 3 0 4 0 5 0 6 0 7 0 8 0 9 139.815
20 25 0 1 0 2 0 3 0 4 0 5 0 6 0 7 0 8 0 9 118.102
25 25 0 1 0 2 0 3 0 4 0 5 0 6 0 7 0 8 0 9 102.286
30 25 0 1 0 2 0 3 0 4 0 5 0 6 0 7 0 8 0 9 85.7143
35 25 0 1 0 2 0 3 0 4 0 5 0 6 0 7 0 8 0 9 69.2
40 25 0 1 0 2 0 3 0 4 0 5 0 6 0 7 0 8 0 9 56.8571
0 30 0 1 0 2 0 3 0 4 0 5 0 6 0 7 0 8 0 9 99.4783
5 30 0 1 0 2 0 3 0 4 0 5 0 6 0 7 0 8 0 9 101.2
10 30 0 1 0 2 0 3 0 4 0 5 0 6 0 7 0 8 0 9 100.56
15 30 0 1 96 2 0 3 0 4 0 5 0 6 0 7 0 8 0 9 95.3333
20 30 0 1 0 2 0 3 0 4 0 5 0 6 0 7 0 8 82 9 83.8824
25 30 0 1 0 2 0 3 0 4 0 5 0 6 0 7 0 8 0 9 85.1613
30 30 0 1 0 2 0 3 0 4 0 5 0 6 0 7 0 8 0 9 63
35 30 0 1 0 2 0 3 0 4 0 5 0 6 0 7 0 8 0 9 54.5
40 30 0 1 0 2 0 3 0 4 0 5 0 6 0 7 0 8 0 9 48.8
0 35 0 1 72 2 0 3 0 4 0 5 0 6 0 7 0 8 0 9 75.0588
5 35 0 1 0 2 0 3 0 4 0 5 0 6 0 7 0 8 72 9 73.92
10 35 0 1 0 2 0 3 0 4 0 5 0 6 0 7 0 8 0 9 72
15 35 0 1 72 2 0 3 0 4 0 5 0 6 0 7 0 8 0 9 68.2963
20 35 0 1 0 2 0 3 0 4 0 5 0 6 0 7 0 8 0 9 64.4444
25 35 0 1 56 2 0 3 0 4 0 5 0 6 0 7 0 8 0 9 54
30 35 0 1 0 2 0 3 0 4 0 5 0 6 0 7 0 8 0 9 52.6667
35 35 0 1 0 2 0 3 0 4 0 5 0 6 0 7 0 8 0 9 46.6667
40 35 0 1 0 2 0 3 0 4 0 5 0 6 0 7 0 8 0 9 0
0 40 0 1 54 2 0 3 0 4 0 5 0 6 0 7 0 8 0 9 55.4286
5 40 0 1 0 2 0 3 0 4 0 5 0 6 0 7 0 8 0 9 56
10 40 0 1 0 2 0 3 0 4 0 5 0 6 0 7 0 8 0 9 58.2222
15 40 0 1 0 2 0 3 0 4 0 5 0 6 0 7 0 8 0 9 57
20 40 0 1 0 2 0 3 0 4 0 5 0 6 0 7 0 8 0 9 50
25 40 0 1 0 2 0 3 0 4 0 5 0 6 0 7 0 8 0 9 50.6667
30 40 0 1 0 2 0 3 0 4 0 5 0 6 0 7 0 8 0 9 48.8
35 40 0 1 0 2 0 3 0 4 0 5 0 6 0 7 0 8 0 9 0
40 40 0 1 0 2 0 3 0 4 0 5 0 6 0 7 0 8 0 9 0
0 0 0 1 0 2 0 3 0 4 0 5 0 6 0 7 0 8 310.273 9 0
5 0 0 1 0 2 0 3 0 4 0 5 0 6 0 7 0 8 309.323 9 0
10 0 0 1 0 2 0 3 0 4 0 5 0 6 0 7 0 8 299.128 9 0
15 0 0 1 0 2 0 3 0 4 0 5 0 6 0 7 0 8 267.879 9 0
20 0 0 1 0 2 0 3 0 4 0 5 0 6 0 7 0 8 216.812 9 0
25 0 0 1 0 2 0 3 0 4 0 5 0 6 0 7 0 8 171.3 9 0
30 0 0 1 0 2 0 3 0 4 0 5 0 6 0 7 0 8 136.571 9 0
35 0 0 1 0 2 0 3 0 4 0 5 0 6 0 7 0 8 0 9 0
40 0 0 1 0 2 0 3 0 4 0 5 0 6 0 7 0 8 0 9 0
0 5 0 1 0 2 0 3 0 4 0 5 0 6 0 7 0 8 303.328 9 0
5 5 0 1 0 2 0 3 0 4 0 5 0 6 0 7 0 8 299.88 9 0
10 5 0 1 0 2 0 3 0 4 0 5 0 6 0 7 0 8 283.695 9 0
15 5 0 1 0 2 0 3 0 4 0 5 0 6 0 7 0 8 246.737 9 0
20 5 0 1 0 2 0 3 0 4 0 5 0 6 0 7 0 8 200.273 9 0
25 5 0 1 0 2 0 3 0 4 0 5 0 6 0 7 0 8 159.511 9 0
30 5 0 1 0 2 0 3 0 4 0 5 0 6 0 7 0 8 125.667 9 0
35 5 0 1 0 2 0 3 0 4 0 5 0 6 0 7 0 8 0 9 0
40 5 0 1 0 2 0 3 0 4 0 5 0 6 0 7 0 8 0 9 0
0 10 0 1 0 2 0 3 0 4 0 5 0 6 0 7 0 8 271.579 9 0
5 10 0 1 0 2 0 3 0 4 0 5 0 6 0 7 0 8 266.226 9 0
10 10 0 1 0 2 0 3 0 4 0 5 0 6 0 7 0 8 245.835 9 0
15 10 0 1 0 2 0 3 0 4 0 5 0 6 0 7 0 8 213.152 9 0
20 10 0 1 0 2 0 3 0 4 0 5 0 6 0 7 0 8 177.124 9 0
25 10 0 1 0 2 0 3 0 4 0 5 0 6 0 7 0 8 143.472 9 0
30 10 0 1 0 2 0 3 0 4 0 5 0 6 0 7 0 8 0 9 0
35 10 0 1 0 2 0 3 0 4 0 5 0 6 0 7 0 8 0 9 0
40 10 0 1 0 2 0 3 0 4 0 5 0 6 0 7 0 8 0 9 0
0 15 0 1 0 2 0 3 0 4 0 5 0 6 0 7 0 8 217.727 9 0
5 15 0 1 0 2 0 3 0 4 0 5 0 6 0 7 0 8 214.256 9 0
10 15 0 1 0 2 0 3 0 4 0 5 0 6 0 7 0 8 199.278 9 0
15 15 0 1 0 2 0 3 0 4 0 5 0 6 0 7 0 8 175.609 9 0
20 15 0 1 0 2 0 3 0 4 0 5 0 6 0 7 0 8 147.508 9 0
25 15 0 1 0 2 0 3 0 4 0 5 0 6 0 7 0 8 108 9 0
30 15 0 1 0 2 0 3 0 4 0 5 0 6 0 7 0 8 0 9 0
35 15 0 1 0 2 0 3 0 4 0 5 0 6 0 7 0 8 0 9 0
40 15 0 1 0 2 0 3 0 4 0 5 0 6 0 7 0 8 0 9 0
0 20 0 1 0 2 0 3 0 4 0 5 0 6 0 7 0 8 166.92 9 0
5 20 0 1 0 2 0 3 0 4 0 5 0 6 0 7 0 8 164.36 9 0
10 20 0 1 0 2 0 3 0 4 0 5 0 6 0 7 0 8 154.815 9 0
15 20 0 1 0 2 0 3 0 4 0 5 0 6 0 7 0 8 136.842 9 0
20 20 0 1 0 2 0 3 0 4 0 5 0 6 0 7 0 8 117.333 9 0
25 20 0 1 0 2 0 3 0 4 0 5 0 6 0 7 0 8 0 9 0
30 20 0 1 0 2 0 3 0 4 0 5 0 6 0 7 0 8 0 9 0
35 20 0 1 0 2 0 3 0 4 0 5 0 6 0 7 0 8 0 9 0
40 20 0 1 0 2 0 3 0 4 0 5 0 6 0 7 0 8 0 9 0
0 25 0 1 0 2 0 3 0 4 0 5 0 6 0 7 0 8 129.2 9 0
5 25 0 1 0 2 0 3 0 4 0 5 0 6 0 7 0 8 128 9 0
10 25 0 1 0 2 0 3 0 4 0 5 0 6 0 7 0 8 116 9 0
15 25 0 1 0 2 0 3 0 4 0 5 0 6 0 7 0 8 0 9 0
20 25 0 1 0 2 0 3 0 4 0 5 0 6 0 7 0 8 0 9 0
25 25 0 1 0 2 0 3 0 4 0 5 0 6 0 7 0 8 0 9 0
30 25 0 1 0 2 0 3 0 4 0 5 0 6 0 7 0 8 0 9 0
35 25 0 1 0 2 0 3 0 4 0 5 0 6 0 7 0 8 0 9 0
40 25 0 1 0 2 0 3 0 4 0 5 0 6 0 7 0 8 0 9 0
0 30 0 1 0 2 0 3 0 4 0 5 0 6 0 7 0 8 0 9 0
5 30 0 1 0 2 0 3 0 4 0 5 0 6 0 7 0 8 0 9 0
10 30 0 1 0 2 0 3 0 4 0 5 0 6 0 7 0 8 0 9 0
15 30 0 1 0 2 0 3 0 4 0 5 0 6 0 7 0 8 0 9 0
20 30 0 1 0 2 0 3 0 4 0 5 0 6 0 7 0 8 0 9 0
25 30 0 1 0 2 0 3 0 4 0 5 0 6 0 7 0 8 0 9 0
30 30 0 1 0 2 0 3 0 4 0 5 0 6 0 7 0 8 0 9 0
35 30 0 1 0 2 0 3 0 4 0 5 0 6 0 7 0 8 0 9 0
40 30 0 1 0 2 0 3 0 4 0 5 0 6 0 7 0 8 0 9 0
0 35 0 1 0 2 0 3 0 4 0 5 0 6 0 7 0 8 0 9 0
5 35 0 1 0 2 0 3 0 4 0 5 0 6 0 7 0 8 0 9 0
10 35 0 1 0 2 0 3 0 4 0 5 0 6 0 7 0 8 0 9 0
15 35 0 1 0 2 0 3 0 4 0 5 0 6 0 7 0 8 0 9 0
20 35 0 1 0 2 0 3 0 4 0 5 0 6 0 7 0 8 0 9 0
25 35 0 1 0 2 0 3 0 4 0 5 0 6 0 7 0 8 0 9 0
30 35 0 1 0 2 0 3 0 4 0 5 0 6 0 7 0 8 0 9 0
35 35 0 1 0 2 0 3 0 4 0 5 0 6 0 7 0 8 0 9 0
40 35 0 1 0 2 0 3 0 4 0 5 0 6 0 7 0 8 0 9 0
0 40 0 1 0 2 0 3 0 4 0 5 0 6 0 7 0 8 0 9 0
5 40 0 1 0 2 0 3 0 4 0 5 0 6 0 7 0 8 0 9 0
10 40 0 1 0 2 0 3 0 4 0 5 0 6 0 7 0 8 0 9 0
15 40 0 1 0 2 0 3 0 4 0 5 0 6 0 7 0 8 0 9 0
20 40 0 1 0 2 0 3 0 4 0 5 0 6 0 7 0 8 0 9 0
25 40 0 1 0 2 0 3 0 4 0 5 0 6 0 7 0 8 0 9 0
30 40 0 1 0 2 0 3 0 4 0 5 0 6 0 7 0 8 0 9 0
35 40 0 1 0 2 0 3 0 4 0 5 0 6 0 7 0 8 0 9 0
40 40 0 1 0 2 0 3 0 4 0 5 0 6 0 7 0 8 0 9 0
0 0 0 1 0 2 0 3 0 4 0 5 0 6 0 7 0 8 296.986 9 0
5 0 0 1 0 2 0 3 0 4 0 5 0 6 0 7 0 8 295.068 9 0
10 0 0 1 0 2 0 3 0 4 0 5 0 6 0 7 0 8 285.412 9 0
15 0 0 1 0 2 0 3 0 4 0 5 0 6 0 7 0 8 254.03 9 0
20 0 0 1 0 2 0 3 0 4 0 5 0 6 0 7 0 8 207.164 9 0
25 0 0 1 0 2 0 3 0 4 0 5 0 6 0 7 0 8 163.353 9 0
30 0 0 1 0 2 0 3 0 4 0 5 0 6 0 7 0 8 127.701 9 0
35 0 0 1 0 2 0 3 0 4 0 5 0 6 0 7 0 8 97.8519 9 0
0 5 0 1 0 2 0 3 0 4 0 5 0 6 0 7 0 8 290.529 9 0
5 5 0 1 0 2 0 3 0 4 0 5 0 6 0 7 0 8 285.143 9 0
10 5 0 1 0 2 0 3 0 4 0 5 0 6 0 7 0 8 271.068 9 0
15 5 0 1 0 2 0 3 0 4 0 5 0 6 0 7 0 8 235.029 9 0
20 5 0 1 0 2 0 3 0 4 0 5 0 6 0 7 0 8 190.727 9 0
25 5 0 1 0 2 0 3 0 4 0 5 0 6 0 7 0 8 189.588 9 0
30 5 0 1 0 2 0 3 0 4 0 5 0 6 0 7 0 8 118.426 9 0
35 5 0 1 0 2 0 3 0 4 0 5 0 6 0 7 0 8 91.5556 9 0
0 10 0 1 0 2 0 3 0 4 0 5 0 6 0 7 0 8 257.829 9 0
5 10 0 1 0 2 0 3 0 4 0 5 0 6 0 7 0 8 253.714 9 0
10 10 0 1 0 2 0 3 0 4 0 5 0 6 0 7 0 8 234.247 9 0
15 10 0 1 0 2 0 3 0 4 0 5 0 6 0 7 0 8 203.111 9 0
20 10 0 1 0 2 0 3 0 4 0 5 0 6 0 7 0 8 167.824 9 0
25 10 0 1 0 2 0 3 0 4 0 5 0 6 0 7 0 8 136.119 9 0
30 10 0 1 0 2 0 3 0 4 0 5 0 6 0 7 0 8 107.786 9 0
35 10 0 1 0 2 0 3 0 4 0 5 0 6 0 7 0 8 82.6667 9 0
0 15 0 1 0 2 0 3 0 4 0 5 0 6 0 7 0 8 207.2 9 0
5 15 0 1 0 2 0 3 0 4 0 5 0 6 0 7 0 8 205.235 9 0
10 15 0 1 0 2 0 3 0 4 0 5 0 6 0 7 0 8 191.086 9 0
15 15 0 1 0 2 0 3 0 4 0 5 0 6 0 7 0 8 166.765 9 0
20 15 0 1 0 2 0 3 0 4 0 5 0 6 0 7 0 8 138.328 9 0
25 15 0 1 0 2 0 3 0 4 0 5 0 6 0 7 0 8 114.176 9 0
30 15 0 1 0 2 0 3 0 4 0 5 0 6 0 7 0 8 90.3333 9 0
35 15 0 1 0 2 0 3 0 4 0 5 0 6 0 7 0 8 71.1724 9 0
0 20 0 1 0 2 0 3 0 4 0 5 0 6 0 7 0 8 159.077 9 0
5 20 0 1 0 2 0 3 0 4 0 5 0 6 0 7 0 8 157.824 9 0
10 20 0 1 0 2 0 3 0 4 0 5 0 6 0 7 0 8 148.418 9 0
15 20 0 1 0 2 0 3 0 4 0 5 0 6 0 7 0 8 132.085 9 0
20 20 0 1 0 2 0 3 0 4 0 5 0 6 0 7 0 8 101.846 9 0
25 20 0 1 0 2 0 3 0 4 0 5 0 6 0 7 0 8 92.0784 9 0
30 20 0 1 0 2 0 3 0 4 0 5 0 6 0 7 0 8 73.4194 9 0
35 20 0 1 0 2 0 3 0 4 0 5 0 6 0 7 0 8 59.2 9 0
0 25 0 1 0 2 0 3 0 4 0 5 0 6 0 7 0 8 120.246 9 0
5 25 0 1 0 2 0 3 0 4 0 5 0 6 0 7 0 8 120 9 0
10 25 0 1 0 2 0 3 0 4 0 5 0 6 0 7 0 8 112.852 9 0
15 25 0 1 0 2 0 3 0 4 0 5 0 6 0 7 0 8 96.4138 9 0
20 25 0 1 0 2 0 3 0 4 0 5 0 6 0 7 0 8 86.0339 9 0
25 25 0 1 0 2 0 3 0 4 0 5 0 6 0 7 0 8 72.1538 9 0
30 25 0 1 0 2 0 3 0 4 0 5 0 6 0 7 0 8 58.2857 9 0
35 25 0 1 0 2 0 3 0 4 0 5 0 6 0 7 0 8 52.6667 9 0
0 30 0 1 0 2 0 3 0 4 0 5 0 6 0 7 0 8 92.1778 9 0
5 30 0 1 0 2 0 3 0 4 0 5 0 6 0 7 0 8 90.7907 9 0
10 30 0 1 0 2 0 3 0 4 0 5 0 6 0 7 0 8 85.2973 9 0
15 30 0 1 0 2 0 3 0 4 0 5 0 6 0 7 0 8 73.92 9 0
20 30 0 1 0 2 0 3 0 4 0 5 0 6 0 7 0 8 70.125 9 0
25 30 0 1 0 2 0 3 0 4 0 5 0 6 0 7 0 8 53.76 9 0
30 30 0 1 0 2 0 3 0 4 0 5 0 6 0 7 0 8 49.6 9 0
35 30 0 1 0 2 0 3 0 4 0 5 0 6 0 7 0 8 46 9 0
0 35 0 1 0 2 0 3 0 4 0 5 0 6 0 7 0 8 63.3043 9 0
5 35 0 1 0 2 0 3 0 4 0 5 0 6 0 7 0 8 64.3636 9 0
10 35 0 1 0 2 0 3 0 4 0 5 0 6 0 7 0 8 60.3077 9 0
15 35 0 1 0 2 0 3 0 4 0 5 0 6 0 7 0 8 58 9 0
20 35 0 1 0 2 0 3 0 4 0 5 0 6 0 7 0 8 53.4545 9 0
25 35 0 1 0 2 0 3 0 4 0 5 0 6 0 7 0 8 46 9 0
30 35 0 1 0 2 0 3 0 4 0 5 0 6 0 7 0 8 44 9 0
35 35 0 1 0 2 0 3 0 4 0 5 0 6 0 7 0 8 40 9 0
0 0 0 1 0 2 0 3 0 4 0 5 0 6 0 7 292.119 8 0 9 0
5 0 0 1 0 2 0 3 0 4 0 5 0 6 0 7 287.045 8 0 9 0
10 0 0 1 0 2 0 3 0 4 0 5 0 6 0 7 271.71 8 0 9 0
15 0 0 1 0 2 0 3 0 4 0 5 0 6 0 7 240.754 8 0 9 0
20 0 0 1 0 2 0 3 0 4 0 5 0 6 0 7 199.701 8 0 9 0
25 0 0 1 0 2 0 3 0 4 0 5 0 6 0 7 157.391 8 0 9 0
30 0 0 1 0 2 0 3 0 4 0 5 0 6 0 7 122.78 8 0 9 0
35 0 0 1 0 2 0 3 0 4 0 5 0 6 0 7 89.6471 8 0 9 0
40 0 0 1 0 2 0 3 0 4 0 5 0 6 64 7 67.7333 8 0 9 0
0 5 0 1 0 2 0 3 0 4 0 5 0 6 0 7 292.529 8 0 9 0
5 5 0 1 0 2 0 3 0 4 0 5 0 6 0 7 285.543 8 0 9 0
10 5 0 1 0 2 0 3 0 4 0 5 0 6 0 7 273.075 8 0 9 0
15 5 0 1 0 2 0 3 0 4 0 5 0 6 0 7 237.943 8 0 9 0
20 5 0 1 0 2 0 3 0 4 0 5 0 6 0 7 193.2 8 0 9 0
25 5 0 1 0 2 0 3 0 4 0 5 0 6 0 7 151.365 8 0 9 0
30 5 0 1 0 2 0 3 0 4 0 5 0 6 0 7 117.046 8 0 9 0
35 5 0 1 0 2 0 3 0 4 0 5 0 6 84 7 85.4118 8 0 9 0
40 5 0 1 0 2 0 3 0 4 0 5 0 6 0 7 67.6129 8 0 9 0
0 10 0 1 0 2 0 3 0 4 0 5 0 6 0 7 287.761 8 0 9 0
5 10 0 1 0 2 0 3 0 4 0 5 0 6 0 7 275.478 8 0 9 0
10 10 0 1 0 2 0 3 0 4 0 5 0 6 0 7 254.706 8 0 9 0
15 10 0 1 0 2 0 3 0 4 0 5 0 6 0 7 221.543 8 0 9 0
20 10 0 1 0 2 0 3 0 4 0 5 0 6 0 7 179.522 8 0 9 0
25 10 0 1 0 2 0 3 0 4 0 5 0 6 136 7 140.364 8 0 9 0
30 10 0 1 0 2 0 3 112 4 0 5 0 6 0 7 110.386 8 0 9 0
35 10 0 1 0 2 0 3 0 4 0 5 0 6 0 7 80.7143 8 0 9 0
40 10 0 1 0 2 0 3 0 4 0 5 0 6 0 7 61.1429 8 0 9 0
0 15 0 1 0 2 0 3 0 4 0 5 0 6 0 7 252.299 8 0 9 0
5 15 0 1 0 2 0 3 0 4 0 5 0 6 0 7 242.629 8 0 9 0
10 15 0 1 0 2 0 3 0 4 0 5 0 6 0 7 220.406 8 0 9 0
15 15 0 1 0 2 0 3 0 4 0 5 0 6 0 7 190.551 8 0 9 0
20 15 0 1 0 2 0 3 0 4 0 5 0 6 0 7 155.647 8 0 9 0
25 15 0 1 0 2 0 3 0 4 0 5 0 6 0 7 121.875 8 0 9 0
30 15 0 1 0 2 0 3 0 4 0 5 0 6 0 7 94.2222 8 0 9 0
35 15 0 1 0 2 0 3 0 4 0 5 0 6 0 7 76 8 0 9 0
40 15 0 1 0 2 0 3 0 4 0 5 0 6 0 7 56.9231 8 0 9 0
0 20 0 1 0 2 0 3 0 4 0 5 0 6 0 7 205.394 8 0 9 0
5 20 0 1 0 2 0 3 0 4 0 5 0 6 0 7 197.075 8 0 9 0
10 20 0 1 0 2 0 3 0 4 0 5 0 6 0 7 175.938 8 0 9 0
15 20 0 1 0 2 0 3 0 4 0 5 0 6 0 7 155.478 8 0 9 0
20 20 0 1 0 2 0 3 0 4 0 5 0 6 0 7 130.154 8 0 9 0
25 20 0 1 0 2 0 3 0 4 0 5 0 6 0 7 101.586 8 0 9 0
30 20 0 1 0 2 0 3 0 4 0 5 0 6 0 7 79.6757 8 0 9 0
35 20 0 1 0 2 0 3 0 4 0 5 0 6 0 7 69.3913 8 0 9 0
40 20 0 1 0 2 0 3 0 4 0 5 0 6 0 7 54 8 0 9 0
0 25 0 1 0 2 0 3 0 4 0 5 0 6 0 7 158.294 8 0 9 0
5 25 0 1 0 2 0 3 0 4 0 5 0 6 0 7 150.062 8 0 9 0
10 25 0 1 0 2 0 3 0 4 0 5 0 6 0 7 131.93 8 0 9 0
15 25 0 1 0 2 0 3 0 4 0 5 0 6 0 7 118.774 8 0 9 0
20 25 0 1 0 2 0 3 0 4 0 5 0 6 0 7 98.7826 8 0 9 0
25 25 0 1 0 2 0 3 78 4 0 5 0 6 0 7 81 8 0 9 0
30 25 0 1 0 2 0 3 0 4 0 5 0 6 0 7 69.1429 8 0 9 0
35 25 0 1 0 2 0 3 0 4 0 5 0 6 0 7 58.2222 8 0 9 0
40 25 0 1 0 2 0 3 0 4 0 5 44 6 0 7 51.3333 8 0 9 0
0 30 0 1 0 2 0 3 0 4 0 5 0 6 0 7 112.267 8 0 9 0
5 30 0 1 0 2 0 3 0 4 0 5 0 6 0 7 108.525 8 0 9 0
10 30 0 1 0 2 0 3 0 4 0 5 0 6 0 7 98.8966 8 0 9 0
15 30 0 1 0 2 0 3 0 4 0 5 0 6 0 7 85.9487 8 0 9 0
20 30 0 1 0 2 0 3 72 4 0 5 0 6 0 7 74.9412 8 0 9 0
25 30 0 1 0 2 0 3 0 4 0 5 0 6 0 7 66.7586 8 0 9 0
30 30 0 1 0 2 0 3 0 4 0 5 0 6 54.6667 7 61.7778 8 0 9 0
35 30 0 1 0 2 0 3 0 4 0 5 0 6 0 7 48.6667 8 0 9 0
40 30 0 1 0 2 0 3 0 4 0 5 56 6 0 7 44 8 0 9 0
0 35 0 1 0 2 0 3 0 4 0 5 0 6 0 7 79.8261 8 0 9 0
5 35 0 1 0 2 0 3 0 4 0 5 0 6 0 7 78.0571 8 0 9 0
10 35 0 1 0 2 0 3 0 4 0 5 68 6 0 7 70.1818 8 0 9 0
15 35 0 1 0 2 0 3 0 4 0 5 0 6 0 7 68.7273 8 0 9 0
20 35 0 1 0 2 0 3 0 4 0 5 0 6 60 7 59.2941 8 0 9 0
25 35 0 1 0 2 0 3 0 4 0 5 0 6 0 7 52.6667 8 0 9 0
30 35 0 1 0 2 0 3 0 4 0 5 0 6 0 7 48 8 0 9 0
35 35 0 1 0 2 0 3 0 4 0 5 0 6 0 7 0 8 0 9 0
40 35 0 1 0 2 0 3 0 4 0 5 0 6 0 7 0 8 0 9 0
0 40 0 1 0 2 0 3 52 4 0 5 0 6 60 7 61.3333 8 0 9 0
5 40 0 1 0 2 0 3 0 4 0 5 0 6 0 7 63.2727 8 0 9 0
10 40 0 1 0 2 0 3 52 4 0 5 0 6 0 7 54.5 8 0 9 0
15 40 0 1 0 2 0 3 0 4 0 5 0 6 56 7 53.3333 8 0 9 0
20 40 0 1 0 2 0 3 52 4 0 5 0 6 0 7 51 8 0 9 0
25 40 0 1 0 2 0 3 0 4 0 5 0 6 0 7 40 8 0 9 0
30 40 0 1 0 2 0 3 0 4 0 5 0 6 0 7 0 8 0 9 0
35 40 0 1 0 2 0 3 0 4 0 5 0 6 0 7 0 8 0 9 0
0 0 0 1 0 2 0 3 0 4 289.681 5 0 6 0 7 0 8 0 9 0
5 0 0 1 0 2 0 3 0 4 287.594 5 0 6 0 7 0 8 0 9 0
10 0 0 1 0 2 0 3 0 4 264.353 5 0 6 0 7 0 8 0 9 0
15 0 0 1 0 2 0 3 0 4 224.696 5 0 6 0 7 0 8 0 9 0
20 0 0 1 0 2 0 3 0 4 172.059 5 0 6 0 7 0 8 0 9 0
25 0 0 1 0 2 0 3 0 4 132.688 5 0 6 0 7 0 8 0 9 0
30 0 0 1 0 2 0 3 0 4 98.6415 5 0 6 0 7 0 8 0 9 0
35 0 0 1 0 2 0 3 0 4 70.56 5 0 6 0 7 0 8 0 9 0
40 0 0 1 0 2 0 3 0 4 56.4706 5 0 6 0 7 0 8 0 9 0
0 5 0 1 0 2 0 3 0 4 281.029 5 0 6 0 7 0 8 0 9 0
5 5 0 1 0 2 0 3 0 4 275.647 5 0 6 0 7 0 8 0 9 0
10 5 0 1 0 2 0 3 0 4 251.273 5 0 6 0 7 0 8 0 9 0
15 5 0 1 0 2 0 3 0 4 206.727 5 0 6 0 7 0 8 0 9 0
20 5 0 1 0 2 0 3 0 4 165.812 5 0 6 0 7 0 8 0 9 0
25 5 0 1 0 2 0 3 0 4 126.2 5 0 6 0 7 0 8 0 9 0
30 5 0 1 0 2 0 3 0 4 93.6889 5 0 6 0 7 0 8 0 9 0
35 5 0 1 0 2 0 3 0 4 70.5455 5 0 6 0 7 0 8 0 9 0
40 5 0 1 0 2 0 3 0 4 54.8 5 0 6 0 7 0 8 0 9 0
0 10 0 1 0 2 0 3 0 4 259.594 5 0 6 0 7 0 8 0 9 0
5 10 0 1 0 2 0 3 0 4 247.118 5 0 6 0 7 0 8 0 9 0
10 10 0 1 0 2 0 3 0 4 219.235 5 0 6 0 7 0 8 0 9 0
15 10 0 1 0 2 0 3 0 4 183.138 5 0 6 0 7 0 8 0 9 0
20 10 0 1 0 2 0 3 0 4 148 5 0 6 0 7 0 8 0 9 0
25 10 0 1 0 2 0 3 0 4 112.533 5 0 6 0 7 0 8 0 9 0
30 10 0 1 0 2 0 3 0 4 83.8974 5 0 6 0 7 0 8 0 9 0
35 10 0 1 0 2 0 3 0 4 66.1538 5 0 6 0 7 0 8 0 9 0
40 10 0 1 0 2 0 3 0 4 53.6 5 0 6 0 7 0 8 0 9 0
0 15 0 1 0 2 0 3 0 4 215.879 5 0 6 0 7 0 8 0 9 0
5 15 0 1 0 2 0 3 0 4 202.725 5 0 6 0 7 0 8 0 9 0
10 15 0 1 0 2 0 3 0 4 183.077 5 0 6 0 7 0 8 0 9 0
15 15 0 1 0 2 0 3 0 4 154.529 5 0 6 0 7 0 8 0 9 0
20 15 0 1 0 2 0 3 0 4 124.923 5 0 6 0 7 0 8 0 9 0
25 15 0 1 0 2 0 3 0 4 95.7037 5 0 6 0 7 0 8 0 9 0
30 15 0 1 0 2 0 3 0 4 74.3226 5 0 6 0 7 0 8 0 9 0
35 15 0 1 0 2 0 3 0 4 59.2941 5 0 6 0 7 0 8 0 9 0
40 15 0 1 0 2 0 3 0 4 49 5 0 6 0 7 0 8 0 9 0
0 20 0 1 0 2 0 3 0 4 166.028 5 0 6 0 7 0 8 0 9 0
5 20 0 1 0 2 0 3 0 4 158.485 5 0 6 0 7 0 8 0 9 0
10 20 0 1 0 2 0 3 0 4 143.138 5 0 6 0 7 0 8 0 9 0
15 20 0 1 0 2 0 3 0 4 123.212 5 0 6 0 7 0 8 0 9 0
20 20 0 1 0 2 0 3 0 4 100.604 5 0 6 0 7 0 8 0 9 0
25 20 0 1 0 2 0 3 0 4 79.875 5 0 6 0 7 0 8 0 9 0
30 20 0 1 0 2 0 3 0 4 63.0476 5 0 6 0 7 0 8 0 9 0
35 20 0 1 0 2 0 3 0 4 52.4444 5 0 6 0 7 0 8 0 9 0
40 20 0 1 0 2 0 3 0 4 44.8 5 0 6 0 7 0 8 0 9 0
0 25 0 1 0 2 0 3 0 4 125.723 5 0 6 0 7 0 8 0 9 0
5 25 0 1 0 2 0 3 0 4 119.758 5 0 6 0 7 0 8 0 9 0
10 25 0 1 0 2 0 3 0 4 109.143 5 0 6 0 7 0 8 0 9 0
15 25 0 1 0 2 0 3 0 4 93.4468 5 0 6 0 7 0 8 0 9 0
20 25 0 1 0 2 0 3 0 4 77.0286 5 0 6 0 7 0 8 0 9 0
25 25 0 1 0 2 0 3 0 4 65.6471 5 0 6 0 7 0 8 0 9 0
30 25 0 1 0 2 0 3 0 4 52.4 5 0 6 0 7 0 8 0 9 0
35 25 0 1 0 2 0 3 0 4 54.4 5 0 6 0 7 0 8 0 9 0
40 25 0 1 0 2 0 3 0 4 41.3333 5 0 6 0 7 0 8 0 9 0
0 30 0 1 0 2 0 3 0 4 93.3333 5 0 6 0 7 0 8 0 9 0
5 30 0 1 0 2 0 3 0 4 87.1373 5 0 6 0 7 0 8 0 9 0
10 30 0 1 0 2 0 3 0 4 80.5128 5 0 6 0 7 0 8 0 9 0
15 30 0 1 0 2 0 3 0 4 69.8824 5 0 6 0 7 0 8 0 9 0
20 30 0 1 0 2 0 3 0 4 60.5217 5 0 6 0 7 0 8 0 9 0
25 30 0 1 0 2 0 3 0 4 52.8889 5 0 6 0 7 0 8 0 9 0
30 30 0 1 0 2 0 3 0 4 47 5 0 6 0 7 0 8 0 9 0
35 30 0 1 0 2 0 3 0 4 45.6 5 0 6 0 7 0 8 0 9 0
40 30 0 1 0 2 0 3 0 4 42 5 0 6 0 7 0 8 0 9 0
0 35 0 1 0 2 0 3 0 4 67.5 5 0 6 0 7 0 8 0 9 0
5 35 0 1 0 2 0 3 0 4 65.7931 5 0 6 0 7 0 8 0 9 0
10 35 0 1 0 2 0 3 0 4 60.9412 5 0 6 0 7 0 8 0 9 0
15 35 0 1 0 2 0 3 0 4 54 5 0 6 0 7 0 8 0 9 0
20 35 0 1 0 2 0 3 0 4 55.2727 5 0 6 0 7 0 8 0 9 0
25 35 0 1 0 2 0 3 0 4 46 5 0 6 0 7 0 8 0 9 0
30 35 0 1 0 2 0 3 0 4 40 5 0 6 0 7 0 8 0 9 0
35 35 0 1 0 2 0 3 0 4 0 5 0 6 0 7 0 8 0 9 0
40 35 0 1 0 2 0 3 0 4 0 5 0 6 0 7 0 8 0 9 0
0 40 0 1 0 2 0 3 0 4 56.5 5 0 6 0 7 0 8 0 9 0
5 40 0 1 0 2 0 3 0 4 51.1429 5 0 6 0 7 0 8 0 9 0
10 40 0 1 0 2 0 3 0 4 48 5 0 6 0 7 0 8 0 9 0
15 40 0 1 0 2 0 3 0 4 45 5 0 6 0 7 0 8 0 9 0
20 40 0 1 0 2 0 3 0 4 0 5 0 6 0 7 0 8 0 9 0
25 40 0 1 0 2 0 3 0 4 0 5 0 6 0 7 0 8 0 9 0
30 40 0 1 0 2 0 3 0 4 0 5 0 6 0 7 0 8 0 9 0
35 40 0 1 0 2 0 3 0 4 0 5 0 6 0 7 0 8 0 9 0
40 40 0 1 0 2 0 3 0 4 0 5 0 6 0 7 0 8 0 9 0
0 0 0 1 281.254 2 0 3 0 4 0 5 0 6 0 7 0 8 0 9 0
5 0 0 1 278.925 2 0 3 0 4 0 5 0 6 0 7 0 8 0 9 0
10 0 0 1 270.606 2 0 3 0 4 0 5 0 6 0 7 0 8 0 9 0
15 0 0 1 247.642 2 0 3 0 4 0 5 0 6 0 7 0 8 0 9 0
20 0 0 1 205.797 2 0 3 0 4 0 5 0 6 0 7 0 8 0 9 0
25 0 0 1 160.418 2 0 3 0 4 0 5 0 6 0 7 0 8 0 9 0
30 0 0 1 124.406 2 0 3 0 4 0 5 0 6 0 7 0 8 0 9 0
35 0 0 1 95.3469 2 0 3 0 4 0 5 0 6 0 7 0 8 0 9 0
40 0 0 1 72.5 2 0 3 0 4 0 5 0 6 0 7 0 8 0 9 0
0 5 0 1 279.42 2 0 3 0 4 0 5 0 6 0 7 0 8 0 9 0
5 5 0 1 274.788 2 0 3 0 4 0 5 0 6 0 7 0 8 0 9 0
10 5 0 1 263.353 2 0 3 0 4 0 5 0 6 0 7 0 8 0 9 0
15 5 0 1 235.478 2 0 3 0 4 0 5 0 6 0 7 0 8 0 9 0
20 5 0 1 194.09 2 0 3 0 4 0 5 0 6 0 7 0 8 0 9 0
25 5 0 1 154.667 2 0 3 0 4 0 5 0 6 0 7 0 8 0 9 0
30 5 0 1 120.525 2 0 3 0 4 0 5 0 6 0 7 0 8 0 9 0
35 5 0 1 89.9535 2 0 3 0 4 0 5 0 6 0 7 0 8 0 9 0
40 5 0 1 70.6667 2 0 3 0 4 0 5 0 6 0 7 0 8 0 9 0
0 10 0 1 261.882 2 0 3 0 4 0 5 0 6 0 7 0 8 0 9 0
5 10 0 1 257.97 2 0 3 0 4 0 5 0 6 0 7 0 8 0 9 0
10 10 0 1 241.235 2 0 3 0 4 0 5 0 6 0 7 0 8 0 9 0
15 10 0 1 210.203 2 0 3 0 4 0 5 0 6 0 7 0 8 0 9 0
20 10 0 1 178.303 2 0 3 0 4 0 5 0 6 0 7 0 8 0 9 0
25 10 0 1 140.485 2 0 3 0 4 0 5 0 6 0 7 0 8 0 9 0
30 10 0 1 110.712 2 0 3 0 4 0 5 0 6 0 7 0 8 0 9 0
35 10 0 1 84 2 0 3 0 4 0 5 0 6 0 7 0 8 0 9 0
40 10 0 1 66.2609 2 0 3 0 4 0 5 0 6 0 7 0 8 0 9 0
0 15 0 1 224.824 2 0 3 0 4 0 5 0 6 0 7 0 8 0 9 0
5 15 0 1 220.239 2 0 3 0 4 0 5 0 6 0 7 0 8 0 9 0
10 15 0 1 204.588 2 0 3 0 4 0 5 0 6 0 7 0 8 0 9 0
15 15 0 1 179.701 2 0 3 0 4 0 5 0 6 0 7 0 8 0 9 0
20 15 0 1 150.269 2 0 3 0 4 0 5 0 6 0 7 0 8 0 9 0
25 15 0 1 122.328 2 0 3 0 4 0 5 0 6 0 7 0 8 0 9 0
30 15 0 1 97.4167 2 0 3 0 4 0 5 0 6 0 7 0 8 0 9 0
35 15 0 1 75.2941 2 0 3 0 4 0 5 0 6 0 7 0 8 0 9 0
40 15 0 1 62.2857 2 0 3 0 4 0 5 0 6 0 7 0 8 0 9 0
0 20 0 1 181.059 2 0 3 0 4 0 5 0 6 0 7 0 8 0 9 0
5 20 0 1 178.567 2 0 3 0 4 0 5 0 6 0 7 0 8 0 9 0
10 20 0 1 166.954 2 0 3 0 4 0 5 0 6 0 7 0 8 0 9 0
15 20 0 1 147.701 2 0 3 0 4 0 5 0 6 0 7 0 8 0 9 0
20 20 0 1 126.222 2 0 3 0 4 0 5 0 6 0 7 0 8 0 9 0
25 20 0 1 103.704 2 0 3 0 4 0 5 0 6 0 7 0 8 0 9 0
30 20 0 1 84.7778 2 0 3 0 4 0 5 0 6 0 7 0 8 0 9 0
35 20 0 1 65.2174 2 0 3 0 4 0 5 0 6 0 7 0 8 0 9 0
40 20 0 1 54 2 0 3 0 4 0 5 0 6 0 7 0 8 0 9 0
0 25 0 1 143.091 2 0 3 0 4 0 5 0 6 0 7 0 8 0 9 0
5 25 0 1 143.25 2 0 3 0 4 0 5 0 6 0 7 0 8 0 9 0
10 25 0 1 133.206 2 0 3 0 4 0 5 0 6 0 7 0 8 0 9 0
15 25 0 1 119.533 2 0 3 0 4 0 5 0 6 0 7 0 8 0 9 0
20 25 0 1 103.593 2 0 3 0 4 0 5 0 6 0 7 0 8 0 9 0
25 25 0 1 85.7895 2 0 3 0 4 0 5 0 6 0 7 0 8 0 9 0
30 25 0 1 69.76 2 0 3 0 4 0 5 0 6 0 7 0 8 0 9 0
35 25 0 1 57.1429 2 0 3 0 4 0 5 0 6 0 7 0 8 0 9 0
40 25 0 1 48.6667 2 0 3 0 4 0 5 0 6 0 7 0 8 0 9 0
0 30 0 1 112 2 0 3 0 4 0 5 0 6 0 7 0 8 0 9 0
5 30 0 1 109.902 2 0 3 0 4 0 5 0 6 0 7 0 8 0 9 0
10 30 0 1 103.322 2 0 3 0 4 0 5 0 6 0 7 0 8 0 9 0
15 30 0 1 93.8333 2 0 3 0 4 0 5 0 6 0 7 0 8 0 9 0
20 30 0 1 83.2 2 0 3 0 4 0 5 0 6 0 7 0 8 0 9 0
25 30 0 1 68.8889 2 0 3 0 4 0 5 0 6 0 7 0 8 0 9 0
30 30 0 1 57.4118 2 0 3 0 4 0 5 0 6 0 7 0 8 0 9 0
35 30 0 1 50.6667 2 0 3 0 4 0 5 0 6 0 7 0 8 0 9 0
40 30 0 1 0 2 0 3 0 4 0 5 0 6 0 7 0 8 0 9 0
0 35 0 1 82.7 2 0 3 0 4 0 5 0 6 0 7 0 8 0 9 0
5 35 0 1 81.9167 2 0 3 0 4 0 5 0 6 0 7 0 8 0 9 0
10 35 0 1 78.359 2 0 3 0 4 0 5 0 6 0 7 0 8 0 9 0
15 35 0 1 71.75 2 0 3 0 4 0 5 0 6 0 7 0 8 0 9 0
20 35 0 1 62.8571 2 0 3 0 4 0 5 0 6 0 7 0 8 0 9 0
25 35 0 1 55.3333 2 0 3 0 4 0 5 0 6 0 7 0 8 0 9 0
30 35 0 1 51 2 0 3 0 4 0 5 0 6 0 7 0 8 0 9 0
35 35 0 1 0 2 0 3 0 4 0 5 0 6 0 7 0 8 0 9 0
40 35 0 1 0 2 0 3 0 4 0 5 0 6 0 7 0 8 0 9 0
0 40 0 1 60 2 0 3 0 4 0 5 0 6 0 7 0 8 0 9 0
5 40 0 1 61.3333 2 0 3 0 4 0 5 0 6 0 7 0 8 0 9 0
10 40 0 1 57.3333 2 0 3 0 4 0 5 0 6 0 7 0 8 0 9 0
15 40 0 1 55.4286 2 0 3 0 4 0 5 0 6 0 7 0 8 0 9 0
20 40 0 1 45.7778 2 0 3 0 4 0 5 0 6 0 7 0 8 0 9 0
25 40 0 1 0 2 0 3 0 4 0 5 0 6 0 7 0 8 0 9 0
30 40 0 1 0 2 0 3 0 4 0 5 0 6 0 7 0 8 0 9 0
35 40 0 1 0 2 0 3 0 4 0 5 0 6 0 7 0 8 0 9 0
40 40 0 1 0 2 0 3 0 4 0 5 0 6 0 7 0 8 0 9 0
0 0 0 1 0 2 279.056 3 0 4 0 5 0 6 0 7 0 8 0 9 0
5 0 0 1 0 2 268.928 3 0 4 0 5 0 6 0 7 0 8 0 9 0
10 0 0 1 0 2 242.629 3 0 4 0 5 0 6 0 7 0 8 0 9 0
15 0 0 1 0 2 201.543 3 0 4 0 5 0 6 0 7 0 8 0 9 0
20 0 0 1 0 2 165.521 3 0 4 0 5 0 6 0 7 0 8 0 9 0
25 0 0 1 0 2 133 3 0 4 0 5 0 6 0 7 0 8 0 9 0
30 0 0 1 0 2 104.143 3 0 4 0 5 0 6 0 7 0 8 0 9 0
35 0 0 1 0 2 82.72 3 0 4 0 5 0 6 0 7 0 8 0 9 0
40 0 0 1 0 2 67.6667 3 0 4 0 5 0 6 0 7 0 8 0 9 0
0 5 0 1 0 2 275.235 3 0 4 0 5 0 6 0 7 0 8 0 9 0
5 5 0 1 0 2 265.943 3 0 4 0 5 0 6 0 7 0 8 0 9 0
10 5 0 1 0 2 240.29 3 0 4 0 5 0 6 0 7 0 8 0 9 0
15 5 0 1 0 2 198.914 3 0 4 0 5 0 6 0 7 0 8 0 9 0
20 5 0 1 0 2 160.421 3 0 4 0 5 0 6 0 7 0 8 0 9 0
25 5 0 1 0 2 129.032 3 0 4 0 5 0 6 0 7 0 8 0 9 0
30 5 0 1 0 2 102.275 3 0 4 0 5 0 6 0 7 0 8 0 9 0
35 5 0 1 0 2 81.3 3 0 4 0 5 0 6 0 7 0 8 0 9 0
40 5 0 1 0 2 64.6061 3 0 4 0 5 0 6 0 7 0 8 0 9 0
0 10 0 1 0 2 265.612 3 0 4 0 5 0 6 0 7 0 8 0 9 0
5 10 0 1 0 2 251.211 3 0 4 0 5 0 6 0 7 0 8 0 9 0
10 10 0 1 0 2 222.841 3 0 4 0 5 0 6 0 7 0 8 0 9 0
15 10 0 1 0 2 185.493 3 0 4 0 5 0 6 0 7 0 8 0 9 0
20 10 0 1 0 2 149.765 3 0 4 0 5 0 6 0 7 0 8 0 9 0
25 10 0 1 0 2 121.091 3 0 4 0 5 0 6 0 7 0 8 0 9 0
30 10 0 1 0 2 95.76 3 0 4 0 5 0 6 0 7 0 8 0 9 0
35 10 0 1 0 2 75.7333 3 0 4 0 5 0 6 0 7 0 8 0 9 0
40 10 0 1 0 2 62.2857 3 0 4 0 5 0 6 0 7 0 8 0 9 0
0 15 0 1 0 2 240.857 3 0 4 0 5 0 6 0 7 0 8 0 9 0
5 15 0 1 0 2 223.826 3 0 4 0 5 0 6 0 7 0 8 0 9 0
10 15 0 1 0 2 192.836 3 0 4 0 5 0 6 0 7 0 8 0 9 0
15 15 0 1 0 2 162.746 3 0 4 0 5 0 6 0 7 0 8 0 9 0
20 15 0 1 0 2 134.387 3 0 4 0 5 0 6 0 7 0 8 0 9 0
25 15 0 1 0 2 108.356 3 0 4 0 5 0 6 0 7 0 8 0 9 0
30 15 0 1 0 2 88.0976 3 0 4 0 5 0 6 0 7 0 8 0 9 0
35 15 0 1 0 2 67.6364 3 0 4 0 5 0 6 0 7 0 8 0 9 0
40 15 0 1 0 2 59.75 3 0 4 0 5 0 6 0 7 0 8 0 9 0
0 20 0 1 0 2 200 3 0 4 0 5 0 6 0 7 0 8 0 9 0
5 20 0 1 0 2 184.677 3 0 4 0 5 0 6 0 7 0 8 0 9 0
10 20 0 1 0 2 161.765 3 0 4 0 5 0 6 0 7 0 8 0 9 0
15 20 0 1 0 2 139.714 3 0 4 0 5 0 6 0 7 0 8 0 9 0
20 20 0 1 0 2 116.61 3 0 4 0 5 0 6 0 7 0 8 0 9 0
25 20 0 1 0 2 95.9184 3 0 4 0 5 0 6 0 7 0 8 0 9 0
30 20 0 1 0 2 75.84 3 0 4 0 5 0 6 0 7 0 8 0 9 0
35 20 0 1 0 2 60.2857 3 0 4 0 5 0 6 0 7 0 8 0 9 0
40 20 0 1 0 2 51.1111 3 0 4 0 5 0 6 0 7 0 8 0 9 0
0 25 0 1 0 2 159.636 3 0 4 0 5 0 6 0 7 0 8 0 9 0
5 25 0 1 0 2 150.545 3 0 4 0 5 0 6 0 7 0 8 0 9 0
10 25 0 1 0 2 133.677 3 0 4 0 5 0 6 0 7 0 8 0 9 0
15 25 0 1 0 2 116.627 3 0 4 0 5 0 6 0 7 0 8 0 9 0
20 25 0 1 0 2 99.6757 3 0 4 0 5 0 6 0 7 0 8 0 9 0
25 25 0 1 0 2 81.1034 3 0 4 0 5 0 6 0 7 0 8 0 9 0
30 25 0 1 0 2 65.3913 3 0 4 0 5 0 6 0 7 0 8 0 9 0
35 25 0 1 0 2 54.4 3 0 4 0 5 0 6 0 7 0 8 0 9 0
40 25 0 1 0 2 47 3 0 4 0 5 0 6 0 7 0 8 0 9 0
0 30 0 1 0 2 125.467 3 0 4 0 5 0 6 0 7 0 8 0 9 0
5 30 0 1 0 2 118 3 0 4 0 5 0 6 0 7 0 8 0 9 0
10 30 0 1 0 2 107.034 3 0 4 0 5 0 6 0 7 0 8 0 9 0
15 30 0 1 0 2 94.9524 3 0 4 0 5 0 6 0 7 0 8 0 9 0
20 30 0 1 0 2 81.1429 3 0 4 0 5 0 6 0 7 0 8 0 9 0
25 30 0 1 0 2 66.2857 3 0 4 0 5 0 6 0 7 0 8 0 9 0
30 30 0 1 0 2 55.0588 3 0 4 0 5 0 6 0 7 0 8 0 9 0
35 30 0 1 0 2 48 3 0 4 0 5 0 6 0 7 0 8 0 9 0
40 30 0 1 0 2 42 3 0 4 0 5 0 6 0 7 0 8 0 9 0
0 35 0 1 0 2 92.8333 3 0 4 0 5 0 6 0 7 0 8 0 9 0
5 35 0 1 0 2 89.619 3 0 4 0 5 0 6 0 7 0 8 0 9 0
10 35 0 1 0 2 81.8667 3 0 4 0 5 0 6 0 7 0 8 0 9 0
15 35 0 1 0 2 71.1111 3 0 4 0 5 0 6 0 7 0 8 0 9 0
20 35 0 1 0 2 64.3636 3 0 4 0 5 0 6 0 7 0 8 0 9 0
25 35 0 1 0 2 56 3 0 4 0 5 0 6 0 7 0 8 0 9 0
30 35 0 1 0 2 46 3 0 4 0 5 0 6 0 7 0 8 0 9 0
35 35 0 1 0 2 0 3 0 4 0 5 0 6 0 7 0 8 0 9 0
40 35 0 1 0 2 0 3 0 4 0 5 0 6 0 7 0 8 0 9 0
0 40 0 1 0 2 66.9091 3 0 4 0 5 0 6 0 7 0 8 0 9 0
5 40 0 1 0 2 64.4 3 0 4 0 5 0 6 0 7 0 8 0 9 0
10 40 0 1 0 2 60 3 0 4 0 5 0 6 0 7 0 8 0 9 0
15 40 0 1 0 2 52 3 0 4 0 5 0 6 0 7 0 8 0 9 0
20 40 0 1 0 2 48.8 3 0 4 0 5 0 6 0 7 0 8 0 9 0
25 40 0 1 0 2 0 3 0 4 0 5 0 6 0 7 0 8 0 9 0
30 40 0 1 0 2 0 3 0 4 0 5 0 6 0 7 0 8 0 9 0
35 40 0 1 0 2 0 3 0 4 0 5 0 6 0 7 0 8 0 9 0
40 40 0 1 0 2 0 3 0 4 0 5 0 6 0 7 0 8 0 9 0
0 0 0 1 0 2 0 3 285.029 4 0 5 0 6 0 7 0 8 0 9 0
5 0 0 1 0 2 0 3 282.486 4 0 5 0 6 0 7 0 8 0 9 0
10 0 0 1 0 2 0 3 273.127 4 0 5 0 6 0 7 0 8 0 9 0
15 0 0 1 0 2 0 3 254.149 4 0 5 0 6 0 7 0 8 0 9 0
20 0 0 1 0 2 0 3 219.507 4 0 5 0 6 0 7 0 8 0 9 0
25 0 0 1 0 2 0 3 172.492 4 0 5 0 6 0 7 0 8 0 9 0
30 0 0 1 0 2 0 3 134.875 4 0 5 0 6 0 7 0 8 0 9 0
35 0 0 1 0 2 0 3 104.897 4 0 5 0 6 0 7 0 8 0 9 0
40 0 0 1 0 2 0 3 79.5676 4 0 5 0 6 0 7 0 8 0 9 0
0 5 0 1 0 2 0 3 278.895 4 0 5 0 6 0 7 0 8 0 9 0
5 5 0 1 0 2 0 3 282.121 4 0 5 0 6 0 7 0 8 0 9 0
10 5 0 1 0 2 0 3 272.8 4 0 5 0 6 0 7 0 8 0 9 0
15 5 0 1 0 2 0 3 250.647 4 0 5 0 6 0 7 0 8 0 9 0
20 5 0 1 0 2 0 3 215.642 4 0 5 0 6 0 7 0 8 0 9 0
25 5 0 1 0 2 0 3 172 4 0 5 0 6 0 7 0 8 0 9 0
30 5 0 1 0 2 0 3 133.97 4 0 5 0 6 0 7 0 8 0 9 0
35 5 0 1 0 2 0 3 104.377 4 0 5 0 6 0 7 0 8 0 9 0
40 5 0 1 0 2 0 3 80.5854 4 0 5 0 6 0 7 0 8 0 9 0
0 10 0 1 0 2 0 3 268.548 4 0 5 0 6 0 7 0 8 0 9 0
5 10 0 1 0 2 0 3 270.211 4 0 5 0 6 0 7 0 8 0 9 0
10 10 0 1 0 2 0 3 259.362 4 0 5 0 6 0 7 0 8 0 9 0
15 10 0 1 0 2 0 3 235.821 4 0 5 0 6 0 7 0 8 0 9 0
20 10 0 1 0 2 0 3 201.697 4 0 5 0 6 0 7 0 8 0 9 0
25 10 0 1 0 2 0 3 161.294 4 0 5 0 6 0 7 0 8 0 9 0
30 10 0 1 0 2 0 3 125.714 4 0 5 0 6 0 7 0 8 0 9 0
35 10 0 1 0 2 0 3 99.9259 4 0 5 0 6 0 7 0 8 0 9 0
40 10 0 1 80 2 0 3 75.6364 4 0 5 0 6 0 7 0 8 0 9 0
0 15 0 1 0 2 0 3 239.389 4 0 5 0 6 0 7 0 8 0 9 0
5 15 0 1 0 2 0 3 241.731 4 0 5 0 6 0 7 0 8 0 9 0
10 15 0 1 0 2 0 3 228.789 4 0 5 0 6 0 7 0 8 0 9 0
15 15 0 1 0 2 0 3 206.31 4 0 5 0 6 0 7 0 8 0 9 0
20 15 0 1 0 2 0 3 176.229 4 0 5 0 6 0 7 0 8 0 9 0
25 15 0 1 0 2 0 3 143.138 4 0 5 0 6 0 7 0 8 0 9 0
30 15 0 1 0 2 0 3 115.067 4 0 5 0 6 0 7 0 8 0 9 0
35 15 0 1 0 2 0 3 89 4 0 5 0 6 0 7 0 8 0 9 0
40 15 0 1 0 2 0 3 69.1034 4 0 5 0 6 0 7 0 8 0 9 0
0 20 0 1 0 2 0 3 192.914 4 0 5 0 6 0 7 0 8 0 9 0
5 20 0 1 0 2 0 3 198.609 4 0 5 0 6 0 7 0 8 0 9 0
10 20 0 1 0 2 0 3 188.114 4 0 5 0 6 0 7 0 8 0 9 0
15 20 0 1 0 2 0 3 172.889 4 0 5 0 6 0 7 0 8 0 9 0
20 20 0 1 0 2 0 3 150.277 4 0 5 0 6 0 7 0 8 0 9 0
25 20 0 1 0 2 0 3 122.4 4 0 5 0 6 0 7 0 8 0 9 0
30 20 0 1 0 2 0 3 99.4182 4 0 5 0 6 0 7 0 8 0 9 0
35 20 0 1 0 2 76 3 77.8824 4 0 5 0 6 0 7 0 8 0 9 0
40 20 0 1 0 2 0 3 62.2857 4 0 5 0 6 0 7 0 8 0 9 0
0 25 0 1 0 2 0 3 153.765 4 0 5 0 6 0 7 0 8 0 9 0
5 25 0 1 0 2 0 3 154.343 4 0 5 0 6 0 7 0 8 0 9 0
10 25 0 1 0 2 0 3 150.182 4 0 5 0 6 0 7 0 8 0 9 0
15 25 0 1 0 2 0 3 138.209 4 0 5 0 6 0 7 0 8 0 9 0
20 25 0 1 0 2 0 3 120.6 4 0 5 0 6 0 7 0 8 0 9 0
25 25 0 1 0 2 0 3 102.756 4 0 5 0 6 0 7 0 8 0 9 0
30 25 0 1 0 2 0 3 82.5366 4 0 5 0 6 0 7 0 8 0 9 0
35 25 0 1 0 2 0 3 67.2857 4 0 5 0 6 0 7 0 8 0 9 0
40 25 0 1 0 2 0 3 53.6 4 0 5 0 6 0 7 0 8 0 9 0
0 30 0 1 112 2 0 3 116.421 4 0 5 0 6 0 7 0 8 0 9 0
5 30 0 1 0 2 0 3 119.467 4 0 5 0 6 0 7 0 8 0 9 0
10 30 0 1 0 2 0 3 113.477 4 0 5 0 6 0 7 0 8 0 9 0
15 30 0 1 0 2 0 3 105.306 4 0 5 0 6 0 7 0 8 0 9 0
20 30 0 1 0 2 0 3 96.8163 4 0 5 0 6 0 7 0 8 0 9 0
25 30 0 1 80 2 0 3 82.303 4 0 5 0 6 0 7 0 8 0 9 0
30 30 0 1 0 2 0 3 66.3529 4 0 5 0 6 0 7 0 8 0 9 0
35 30 0 1 0 2 0 3 55.6923 4 0 5 0 6 0 7 0 8 0 9 0
40 30 0 1 0 2 0 3 48 4 0 5 0 6 0 7 0 8 0 9 0
0 35 0 1 0 2 0 3 85 4 0 5 0 6 0 7 0 8 0 9 0
5 35 0 1 0 2 0 3 86.25 4 0 5 0 6 0 7 0 8 0 9 0
10 35 0 1 0 2 0 3 84.087 4 0 5 0 6 0 7 0 8 0 9 0
15 35 0 1 0 2 0 3 77.5484 4 0 5 0 6 0 7 0 8 0 9 0
20 35 0 1 0 2 0 3 69.2174 4 0 5 0 6 0 7 0 8 0 9 0
25 35 0 1 64 2 0 3 63.0769 4 0 5 0 6 0 7 0 8 0 9 0
30 35 0 1 0 2 48 3 53.7143 4 0 5 0 6 0 7 0 8 0 9 0
35 35 0 1 0 2 0 3 45.3333 4 0 5 0 6 0 7 0 8 0 9 0
40 35 0 1 0 2 0 3 0 4 0 5 0 6 0 7 0 8 0 9 0
0 40 0 1 0 2 0 3 67.5556 4 0 5 0 6 0 7 0 8 0 9 0
5 40 0 1 0 2 0 3 64.4615 4 0 5 0 6 0 7 0 8 0 9 0
10 40 0 1 0 2 0 3 63.0769 4 0 5 0 6 0 7 0 8 0 9 0
15 40 0 1 0 2 0 3 59.0769 4 0 5 0 6 0 7 0 8 0 9 0
20 40 0 1 72 2 0 3 54.1818 4 0 5 0 6 0 7 0 8 0 9 0
25 40 0 1 0 2 0 3 49.3333 4 0 5 0 6 0 7 0 8 0 9 0
30 40 0 1 0 2 0 3 44 4 0 5 0 6 0 7 0 8 0 9 0
35 40 0 1 0 2 0 3 0 4 0 5 0 6 0 7 0 8 0 9 0
40 40 0 1 0 2 0 3 0 4 0 5 0 6 0 7 0 8 0 9 0
0 0 0 1 0 2 0 3 0 4 0 5 0 6 236.16 7 0 8 0 9 0
5 0 0 1 0 2 0 3 0 4 0 5 0 6 234.63 7 0 8 0 9 0
10 0 0 1 0 2 0 3 0 4 0 5 0 6 229.493 7 0 8 0 9 0
15 0 0 1 0 2 0 3 0 4 0 5 0 6 219.164 7 0 8 0 9 0
20 0 0 1 0 2 0 3 0 4 0 5 0 6 198.925 7 0 8 0 9 0
25 0 0 1 0 2 0 3 0 4 0 5 0 6 169.824 7 0 8 0 9 0
30 0 0 1 0 2 0 3 0 4 0 5 0 6 142.03 7 0 8 0 9 0
35 0 0 1 0 2 0 3 0 4 0 5 0 6 115.2 7 0 8 0 9 0
40 0 0 1 0 2 0 3 0 4 0 5 0 6 90.3415 7 0 8 0 9 0
0 5 0 1 0 2 0 3 0 4 0 5 0 6 225.014 7 0 8 0 9 0
5 5 0 1 0 2 0 3 0 4 0 5 0 6 225.91 7 0 8 0 9 0
10 5 0 1 0 2 0 3 0 4 0 5 0 6 221.294 7 0 8 0 9 0
15 5 0 1 0 2 0 3 0 4 0 5 0 6 219.594 7 0 8 0 9 0
20 5 0 1 0 2 0 3 0 4 0 5 0 6 207.768 7 0 8 0 9 0
25 5 0 1 0 2 0 3 0 4 0 5 0 6 179.351 7 0 8 0 9 0
30 5 0 1 0 2 0 3 0 4 0 5 0 6 147.403 7 0 8 0 9 0
35 5 0 1 0 2 0 3 0 4 0 5 0 6 120.407 7 0 8 0 9 0
40 5 0 1 0 2 0 3 0 4 92 5 0 6 94.5882 7 0 8 0 9 0
0 10 0 1 0 2 0 3 0 4 0 5 0 6 227.278 7 0 8 0 9 0
5 10 0 1 0 2 0 3 0 4 0 5 0 6 219.371 7 0 8 0 9 0
10 10 0 1 0 2 0 3 0 4 0 5 0 6 218.827 7 0 8 0 9 0
15 10 0 1 0 2 0 3 0 4 0 5 0 6 220.056 7 0 8 0 9 0
20 10 0 1 0 2 0 3 0 4 0 5 0 6 209.296 7 0 8 0 9 0
25 10 0 1 0 2 0 3 0 4 0 5 0 6 179.463 7 0 8 0 9 0
30 10 0 1 0 2 0 3 0 4 0 5 0 6 146.824 7 0 8 0 9 0
35 10 0 1 0 2 0 3 0 4 0 5 0 6 120.759 7 0 8 0 9 0
40 10 0 1 0 2 0 3 0 4 0 5 0 6 96.5106 7 0 8 0 9 0
0 15 0 1 0 2 0 3 0 4 0 5 0 6 227.333 7 0 8 0 9 0
5 15 0 1 0 2 0 3 0 4 0 5 0 6 225.647 7 0 8 0 9 0
10 15 0 1 0 2 0 3 0 4 0 5 0 6 224 7 0 8 0 9 0
15 15 0 1 0 2 0 3 0 4 0 5 0 6 220.299 7 0 8 0 9 0
20 15 0 1 0 2 0 3 0 4 0 5 0 6 204.914 7 0 8 0 9 0
25 15 0 1 0 2 0 3 0 4 0 5 0 6 175.38 7 0 8 0 9 0
30 15 0 1 0 2 0 3 0 4 0 5 0 6 145.188 7 0 8 0 9 0
35 15 0 1 0 2 0 3 0 4 0 5 0 6 110.429 7 0 8 0 9 0
40 15 0 1 0 2 0 3 0 4 0 5 0 6 87.4 7 0 8 0 9 0
0 20 0 1 0 2 0 3 0 4 0 5 0 6 217 7 0 8 0 9 0
5 20 0 1 0 2 0 3 0 4 0 5 0 6 225.015 7 0 8 0 9 0
10 20 0 1 0 2 0 3 0 4 0 5 0 6 219.353 7 0 8 0 9 0
15 20 0 1 0 2 0 3 0 4 0 5 0 6 209.947 7 0 8 0 9 0
20 20 0 1 0 2 0 3 0 4 0 5 0 6 191.508 7 0 8 0 9 0
25 20 0 1 0 2 0 3 0 4 0 5 0 6 163.235 7 0 8 0 9 0
30 20 0 1 0 2 0 3 0 4 0 5 0 6 135.942 7 0 8 0 9 0
35 20 0 1 0 2 0 3 0 4 104 5 0 6 109.057 7 0 8 0 9 0
40 20 0 1 0 2 0 3 0 4 0 5 0 6 85.8378 7 0 8 0 9 0
0 25 0 1 0 2 0 3 0 4 0 5 0 6 194.056 7 0 8 0 9 0
5 25 0 1 0 2 0 3 0 4 0 5 0 6 200.571 7 0 8 0 9 0
10 25 0 1 0 2 0 3 0 4 0 5 0 6 197.829 7 0 8 0 9 0
15 25 0 1 0 2 0 3 0 4 0 5 0 6 187.351 7 0 8 0 9 0
20 25 0 1 0 2 0 3 0 4 0 5 0 6 171.015 7 0 8 0 9 0
25 25 0 1 0 2 0 3 0 4 0 5 0 6 146.841 7 0 8 0 9 0
30 25 0 1 0 2 0 3 0 4 0 5 0 6 121.27 7 0 8 0 9 0
35 25 0 1 0 2 0 3 0 4 0 5 0 6 96.5 7 0 8 0 9 0
40 25 0 1 0 2 68 3 0 4 0 5 0 6 75.7647 7 0 8 0 9 0
0 30 0 1 0 2 0 3 0 4 0 5 0 6 164.597 7 0 8 0 9 0
5 30 0 1 0 2 0 3 0 4 0 5 0 6 169.667 7 0 8 0 9 0
10 30 0 1 0 2 0 3 0 4 0 5 0 6 168.657 7 0 8 0 9 0
15 30 0 1 0 2 0 3 0 4 0 5 0 6 159.543 7 0 8 0 9 0
20 30 0 1 0 2 0 3 0 4 0 5 0 6 144 7 0 8 0 9 0
25 30 0 1 0 2 0 3 0 4 0 5 0 6 124.615 7 0 8 0 9 0
30 30 0 1 0 2 0 3 0 4 0 5 0 6 102.915 7 0 8 0 9 0
35 30 0 1 0 2 80 3 0 4 0 5 0 6 83.4419 7 0 8 0 9 0
40 30 0 1 0 2 0 3 0 4 0 5 0 6 69.1852 7 0 8 0 9 0
0 35 0 1 0 2 0 3 0 4 0 5 0 6 136.375 7 0 8 0 9 0
5 35 0 1 0 2 0 3 0 4 0 5 0 6 139.765 7 0 8 0 9 0
10 35 0 1 0 2 0 3 0 4 0 5 0 6 138.2 7 0 8 0 9 0
15 35 0 1 0 2 0 3 0 4 0 5 0 6 130.8 7 0 8 0 9 0
20 35 0 1 0 2 0 3 0 4 0 5 0 6 117.153 7 0 8 0 9 0
25 35 0 1 0 2 0 3 0 4 0 5 0 6 100.308 7 0 8 0 9 0
30 35 0 1 0 2 0 3 0 4 0 5 0 6 82.4 7 0 8 0 9 0
35 35 0 1 0 2 0 3 0 4 0 5 0 6 68.129 7 0 8 0 9 0
40 35 0 1 0 2 0 3 0 4 0 5 0 6 56.4 7 0 8 0 9 0
0 40 0 1 0 2 0 3 0 4 0 5 0 6 104.78 7 0 8 0 9 0
5 40 0 1 0 2 0 3 0 4 0 5 0 6 107.184 7 0 8 0 9 0
10 40 0 1 0 2 0 3 0 4 0 5 0 6 104.267 7 0 8 0 9 0
15 40 0 1 0 2 0 3 0 4 0 5 0 6 99.1351 7 0 8 0 9 0
20 40 0 1 0 2 0 3 0 4 0 5 0 6 88.5882 7 0 8 0 9 0
25 40 0 1 0 2 0 3 0 4 0 5 0 6 79.125 7 0 8 0 9 0
30 40 0 1 0 2 0 3 0 4 0 5 0 6 66.0645 7 0 8 0 9 0
35 40 0 1 0 2 56 3 0 4 0 5 0 6 57.1111 7 0 8 0 9 0
40 40 0 1 0 2 0 3 0 4 48 5 0 6 49.1429 7 0 8 0 9 0
0 0 0 1 0 2 0 3 0 4 0 5 0 6 0 7 291.824 8 0 9 0
5 0 0 1 0 2 0 3 0 4 0 5 0 6 0 7 281.015 8 0 9 0
10 0 0 1 0 2 0 3 0 4 0 5 0 6 0 7 265.76 8 0 9 0
15 0 0 1 0 2 0 3 0 4 0 5 0 6 0 7 234.388 8 0 9 0
20 0 0 1 0 2 0 3 0 4 0 5 0 6 0 7 193.07 8 0 9 0
25 0 0 1 0 2 0 3 0 4 0 5 0 6 0 7 152.738 8 0 9 0
30 0 0 1 0 2 0 3 0 4 0 5 0 6 0 7 117.508 8 0 9 0
35 0 0 1 0 2 0 3 0 4 0 5 0 6 0 7 88.64 8 0 9 0
40 0 0 1 0 2 0 3 0 4 0 5 0 6 0 7 292.514 8 0 9 0
0 5 0 1 0 2 0 3 0 4 0 5 0 6 0 7 283.143 8 0 9 0
5 5 0 1 0 2 0 3 0 4 0 5 0 6 0 7 283.714 8 0 9 0
10 5 0 1 0 2 0 3 0 4 0 5 0 6 0 7 267.943 8 0 9 0
15 5 0 1 0 2 0 3 0 4 0 5 0 6 0 7 235.761 8 0 9 0
20 5 0 1 0 2 0 3 0 4 0 5 0 6 0 7 187.939 8 0 9 0
25 5 0 1 0 2 0 3 0 4 0 5 0 6 0 7 150.551 8 0 9 0
30 5 0 1 0 2 0 3 0 4 0 5 0 6 0 7 116.452 8 0 9 0
35 5 0 1 0 2 0 3 0 4 0 5 0 6 80 7 85.1707 8 0 9 0
40 5 0 1 0 2 0 3 0 4 0 5 0 6 0 7 67.1724 8 0 9 0
0 10 0 1 0 2 0 3 0 4 0 5 0 6 0 7 287.362 8 0 9 0
5 10 0 1 0 2 0 3 0 4 0 5 0 6 0 7 275.821 8 0 9 0
10 10 0 1 0 2 0 3 0 4 0 5 0 6 0 7 252.58 8 0 9 0
15 10 0 1 0 2 0 3 0 4 0 5 0 6 0 7 216.882 8 0 9 0
20 10 0 1 0 2 0 3 0 4 0 5 0 6 0 7 176.776 8 0 9 0
25 10 0 1 0 2 0 3 0 4 0 5 0 6 0 7 140.485 8 0 9 0
30 10 0 1 0 2 0 3 0 4 0 5 0 6 0 7 107.018 8 0 9 0
35 10 0 1 0 2 0 3 0 4 0 5 120 6 0 7 79.3514 8 0 9 0
40 10 0 1 0 2 0 3 0 4 0 5 0 6 0 7 63.3684 8 0 9 0
0 15 0 1 0 2 0 3 0 4 0 5 0 6 0 7 258.087 8 0 9 0
5 15 0 1 0 2 0 3 0 4 0 5 0 6 0 7 245.091 8 0 9 0
10 15 0 1 0 2 0 3 0 4 0 5 0 6 0 7 222.848 8 0 9 0
15 15 0 1 0 2 0 3 0 4 0 5 0 6 0 7 191.765 8 0 9 0
20 15 0 1 0 2 0 3 0 4 0 5 0 6 0 7 158.585 8 0 9 0
25 15 0 1 0 2 0 3 0 4 0 5 0 6 0 7 123.582 8 0 9 0
30 15 0 1 0 2 0 3 0 4 0 5 0 6 0 7 93.4468 8 0 9 0
35 15 0 1 0 2 0 3 0 4 0 5 0 6 0 7 73.5652 8 0 9 0
40 15 0 1 0 2 0 3 0 4 0 5 0 6 0 7 63.6667 8 0 9 0
0 20 0 1 0 2 0 3 0 4 0 5 0 6 0 7 210.746 8 0 9 0
5 20 0 1 0 2 0 3 0 4 0 5 0 6 0 7 201.636 8 0 9 0
10 20 0 1 0 2 0 3 0 4 0 5 0 6 0 7 184.597 8 0 9 0
15 20 0 1 0 2 0 3 0 4 0 5 0 6 0 7 157.134 8 0 9 0
20 20 0 1 0 2 0 3 0 4 0 5 0 6 0 7 134.031 8 0 9 0
25 20 0 1 0 2 0 3 0 4 0 5 0 6 0 7 102.71 8 0 9 0
30 20 0 1 0 2 0 3 76 4 0 5 0 6 0 7 79.8788 8 0 9 0
35 20 0 1 0 2 0 3 0 4 0 5 0 6 0 7 65.8 8 0 9 0
40 20 0 1 0 2 0 3 0 4 0 5 0 6 0 7 63.3333 8 0 9 0
0 25 0 1 0 2 0 3 0 4 0 5 0 6 0 7 164.457 8 0 9 0
5 25 0 1 0 2 0 3 0 4 0 5 0 6 0 7 155.701 8 0 9 0
10 25 0 1 0 2 0 3 0 4 0 5 0 6 0 7 138.848 8 0 9 0
15 25 0 1 0 2 0 3 0 4 0 5 0 6 0 7 117.723 8 0 9 0
20 25 0 1 0 2 0 3 0 4 0 5 0 6 0 7 100.787 8 0 9 0
25 25 0 1 0 2 0 3 0 4 0 5 0 6 0 7 80.5263 8 0 9 0
30 25 0 1 0 2 0 3 0 4 0 5 0 6 68 7 68 8 0 9 0
35 25 0 1 0 2 0 3 0 4 0 5 0 6 0 7 55.7333 8 0 9 0
40 25 0 1 0 2 0 3 0 4 0 5 0 6 0 7 44 8 0 9 0
0 30 0 1 0 2 0 3 0 4 0 5 0 6 0 7 117.548 8 0 9 0
5 30 0 1 0 2 0 3 0 4 0 5 0 6 0 7 110.102 8 0 9 0
10 30 0 1 0 2 0 3 0 4 0 5 0 6 0 7 101.49 8 0 9 0
15 30 0 1 0 2 0 3 0 4 0 5 88 6 0 7 87.3333 8 0 9 0
20 30 0 1 0 2 0 3 0 4 0 5 76 6 0 7 75.6471 8 0 9 0
25 30 0 1 0 2 0 3 68 4 0 5 68 6 0 7 67.8571 8 0 9 0
30 30 0 1 0 2 0 3 0 4 0 5 0 6 0 7 57.3333 8 0 9 0
35 30 0 1 0 2 0 3 52 4 0 5 0 6 0 7 48.5714 8 0 9 0
40 30 0 1 0 2 0 3 44 4 0 5 0 6 0 7 0 8 0 9 0
0 35 0 1 0 2 0 3 0 4 0 5 80 6 0 7 82.2857 8 0 9 0
5 35 0 1 0 2 0 3 0 4 0 5 0 6 0 7 78.2609 8 0 9 0
10 35 0 1 0 2 0 3 0 4 0 5 0 6 0 7 73.875 8 0 9 0
15 35 0 1 0 2 0 3 0 4 0 5 0 6 0 7 66 8 0 9 0
20 35 0 1 0 2 0 3 0 4 0 5 0 6 0 7 60.9231 8 0 9 0
25 35 0 1 0 2 0 3 0 4 0 5 0 6 0 7 57.3333 8 0 9 0
30 35 0 1 0 2 0 3 0 4 0 5 0 6 0 7 0 8 0 9 0
35 35 0 1 0 2 0 3 0 4 0 5 0 6 0 7 0 8 0 9 0
40 35 0 1 0 2 0 3 0 4 0 5 0 6 0 7 0 8 0 9 0
0 40 0 1 0 2 0 3 0 4 0 5 0 6 0 7 60.6154 8 0 9 0
5 40 0 1 0 2 0 3 0 4 0 5 0 6 0 7 58.25 8 0 9 0
10 40 0 1 0 2 0 3 0 4 0 5 0 6 0 7 54.9091 8 0 9 0
15 40 0 1 0 2 0 3 0 4 0 5 0 6 0 7 49.1429 8 0 9 0
20 40 0 1 0 2 0 3 0 4 0 5 0 6 0 7 46.4 8 0 9 0
25 40 0 1 0 2 0 3 0 4 0 5 0 6 0 7 0 8 0 9 0
30 40 0 1 0 2 0 3 0 4 0 5 0 6 0 7 0 8 0 9 0
35 40 0 1 0 2 0 3 0 4 0 5 0 6 0 7 0 8 0 9 0
40 40 0 1 0 2 0 3 0 4 0 5 0 6 0 7 0 8 0 9 0
0 0 0 1 0 2 0 3 0 4 0 5 312.059 6 0 7 0 8 0 9 0
5 0 0 1 0 2 0 3 0 4 0 5 306.377 6 0 7 0 8 0 9 0
10 0 0 1 0 2 0 3 0 4 0 5 286.88 6 0 7 0 8 0 9 0
15 0 0 1 0 2 0 3 0 4 0 5 254.333 6 0 7 0 8 0 9 0
20 0 0 1 0 2 0 3 0 4 0 5 208 6 0 7 0 8 0 9 0
25 0 0 1 0 2 0 3 0 4 0 5 166.448 6 0 7 0 8 0 9 0
30 0 0 1 0 2 0 3 0 4 0 5 130.794 6 0 7 0 8 0 9 0
35 0 0 1 0 2 0 3 0 4 0 5 100.846 6 0 7 0 8 0 9 0
40 0 0 1 0 2 0 3 0 4 80 5 77.375 6 0 7 0 8 0 9 0
0 5 0 1 0 2 0 3 0 4 0 5 298.421 6 0 7 0 8 0 9 0
5 5 0 1 0 2 0 3 0 4 0 5 292.058 6 0 7 0 8 0 9 0
10 5 0 1 0 2 0 3 0 4 0 5 280.545 6 0 7 0 8 0 9 0
15 5 0 1 0 2 0 3 0 4 0 5 239.73 6 0 7 0 8 0 9 0
20 5 0 1 0 2 0 3 0 4 0 5 194.706 6 0 7 0 8 0 9 0
25 5 0 1 0 2 0 3 0 4 0 5 154 6 0 7 0 8 0 9 0
30 5 0 1 0 2 0 3 0 4 0 5 122.215 6 0 7 0 8 0 9 0
35 5 0 1 0 2 0 3 0 4 0 5 93.7037 6 0 7 0 8 0 9 0
40 5 0 1 0 2 0 3 0 4 0 5 72.6897 6 0 7 0 8 0 9 0
0 10 0 1 0 2 0 3 0 4 0 5 225.086 6 0 7 0 8 0 9 0
5 10 0 1 0 2 0 3 0 4 0 5 218.085 6 0 7 0 8 0 9 0
10 10 0 1 0 2 0 3 0 4 0 5 241.294 6 0 7 0 8 0 9 0
15 10 0 1 0 2 0 3 0 4 0 5 210.412 6 0 7 0 8 0 9 0
20 10 0 1 0 2 0 3 0 4 0 5 171.412 6 0 7 0 8 0 9 0
25 10 0 1 0 2 0 3 0 4 0 5 139.273 6 0 7 0 8 0 9 0
30 10 0 1 0 2 0 3 0 4 0 5 109.651 6 0 7 0 8 0 9 0
35 10 0 1 0 2 0 3 0 4 0 5 84.4255 6 0 7 0 8 0 9 0
40 10 0 1 0 2 0 3 0 4 0 5 66 6 0 7 0 8 0 9 0
0 15 0 1 0 2 0 3 0 4 0 5 221.433 6 0 7 0 8 0 9 0
5 15 0 1 0 2 0 3 0 4 0 5 216.471 6 0 7 0 8 0 9 0
10 15 0 1 0 2 0 3 0 4 0 5 198.215 6 0 7 0 8 0 9 0
15 15 0 1 0 2 0 3 0 4 0 5 176.06 6 0 7 0 8 0 9 0
20 15 0 1 0 2 0 3 0 4 0 5 148.369 6 0 7 0 8 0 9 0
25 15 0 1 0 2 0 3 0 4 0 5 121.333 6 0 7 0 8 0 9 0
30 15 0 1 0 2 0 3 0 4 0 5 96.5185 6 0 7 0 8 0 9 0
35 15 0 1 0 2 0 3 0 4 72 5 75.6129 6 0 7 0 8 0 9 0
40 15 0 1 0 2 0 3 0 4 0 5 59.5294 6 0 7 0 8 0 9 0
0 20 0 1 0 2 0 3 0 4 0 5 174.971 6 0 7 0 8 0 9 0
5 20 0 1 0 2 0 3 0 4 0 5 168.696 6 0 7 0 8 0 9 0
10 20 0 1 0 2 0 3 0 4 0 5 159.375 6 0 7 0 8 0 9 0
15 20 0 1 0 2 0 3 0 4 0 5 142.765 6 0 7 0 8 0 9 0
20 20 0 1 0 2 0 3 0 4 0 5 124.721 6 0 7 0 8 0 9 0
25 20 0 1 0 2 0 3 0 4 0 5 102.588 6 0 7 0 8 0 9 0
30 20 0 1 80 2 0 3 0 4 0 5 82.4615 6 0 7 0 8 0 9 0
35 20 0 1 0 2 0 3 0 4 0 5 67.2381 6 0 7 0 8 0 9 0
40 20 0 1 0 2 0 3 0 4 0 5 52 6 0 7 0 8 0 9 0
0 25 0 1 0 2 0 3 0 4 0 5 132.762 6 0 7 0 8 0 9 0
5 25 0 1 0 2 0 3 0 4 0 5 130.71 6 0 7 0 8 0 9 0
10 25 0 1 0 2 0 3 0 4 0 5 121.651 6 0 7 0 8 0 9 0
15 25 0 1 0 2 0 3 0 4 0 5 111.63 6 0 7 0 8 0 9 0
20 25 0 1 0 2 0 3 0 4 0 5 96.2667 6 0 7 0 8 0 9 0
25 25 0 1 0 2 0 3 0 4 76 5 81.1429 6 0 7 0 8 0 9 0
30 25 0 1 64 2 0 3 0 4 64 5 63.6522 6 0 7 0 8 0 9 0
35 25 0 1 52 2 0 3 0 4 0 5 54.9091 6 0 7 0 8 0 9 0
40 25 0 1 0 2 0 3 0 4 0 5 40 6 0 7 0 8 0 9 0
0 30 0 1 0 2 0 3 0 4 0 5 98.3256 6 0 7 0 8 0 9 0
5 30 0 1 0 2 0 3 0 4 0 5 97.6923 6 0 7 0 8 0 9 0
10 30 0 1 0 2 0 3 0 4 92 5 92.6829 6 0 7 0 8 0 9 0
15 30 0 1 80 2 0 3 0 4 0 5 82.7429 6 0 7 0 8 0 9 0
20 30 0 1 0 2 0 3 0 4 86 5 72.8889 6 0 7 0 8 0 9 0
25 30 0 1 0 2 0 3 0 4 0 5 62.6 6 0 7 0 8 0 9 0
30 30 0 1 0 2 0 3 0 4 0 5 56.6667 6 0 7 0 8 0 9 0
35 30 0 1 0 2 0 3 0 4 0 5 48.6667 6 0 7 0 8 0 9 0
40 30 0 1 0 2 0 3 0 4 0 5 46 6 0 7 0 8 0 9 0
0 35 0 1 0 2 0 3 0 4 0 5 68.8276 6 0 7 0 8 0 9 0
5 35 0 1 0 2 0 3 0 4 72 5 69.3333 6 0 7 0 8 0 9 0
10 35 0 1 0 2 0 3 0 4 0 5 65.4118 6 0 7 0 8 0 9 0
15 35 0 1 0 2 0 3 0 4 0 5 62.2222 6 0 7 0 8 0 9 0
20 35 0 1 0 2 0 3 0 4 52 5 57.7143 6 0 7 0 8 0 9 0
25 35 0 1 0 2 0 3 0 4 0 5 47.4286 6 0 7 0 8 0 9 0
30 35 0 1 0 2 0 3 0 4 0 5 0 6 0 7 0 8 0 9 0
35 35 0 1 0 2 0 3 0 4 0 5 0 6 0 7 0 8 0 9 0
40 35 0 1 0 2 0 3 0 4 0 5 0 6 0 7 0 8 0 9 0
0 40 0 1 0 2 0 3 0 4 0 5 53.2308 6 0 7 0 8 0 9 0
5 40 0 1 0 2 0 3 0 4 0 5 53 6 0 7 0 8 0 9 0
10 40 0 1 0 2 0 3 0 4 0 5 50.6667 6 0 7 0 8 0 9 0
15 40 0 1 0 2 0 3 0 4 0 5 50.6667 6 0 7 0 8 0 9 0
20 40 0 1 0 2 0 3 0 4 0 5 0 6 0 7 0 8 0 9 0
25 40 0 1 0 2 0 3 0 4 0 5 0 6 0 7 0 8 0 9 0
30 40 0 1 0 2 0 3 0 4 0 5 0 6 0 7 0 8 0 9 0
35 40 0 1 0 2 0 3 0 4 0 5 0 6 0 7 0 8 0 9 0
40 40 0 1 0 2 0 3 0 4 0 5 0 6 0 7 0 8 0 9 0
-15 -20 0 1 0 2 0 3 40 4 0 5 165.241 6 182.105 7 0 8 150.337 9 297.293
-10 -20 0 1 0 2 0 3 0 4 0 5 198.517 6 173.985 7 0 8 185.658 9 254.182
-5 -20 0 1 0 2 0 3 0 4 0 5 221.442 6 156.632 7 0 8 221.804 9 205.504
0 -20 0 1 0 2 0 3 0 4 0 5 229.634 6 134.256 7 48 8 248.906 9 163.729
5 -20 0 1 0 2 0 3 0 4 46.6667 5 226.303 6 111.339 7 56 8 261.026 9 128.85
10 -20 0 1 0 2 0 3 0 4 54.8571 5 205.478 6 89.6471 7 65.9412 8 257.983 9 97.1333
15 -20 0 1 90 2 0 3 0 4 65.7674 5 180.549 6 74.2222 7 83.0667 8 238.803 9 73.6774
20 -20 0 1 92 2 60 3 0 4 81.1321 5 151.537 6 60.8333 7 109.219 8 209.323 9 57.7778
25 -20 0 1 0 2 48 3 80 4 103.05 5 126.554 6 49.5238 7 144.108 8 172.818 9 47
30 -20 0 1 0 2 0 3 0 4 122.684 5 99.3985 6 50.4 7 184.973 8 142.321 9 0
35 -20 0 1 92 2 0 3 0 4 144.675 5 77.3 6 44 7 227.706 8 110.667 9 0
-15 -15 0 1 0 2 0 3 48 4 0 5 199.773 6 212.812 7 0 8 128.039 9 262.586
-10 -15 0 1 44 2 0 3 72 4 0 5 238.571 6 203.758 7 0 8 154.691 9 223.128
-5 -15 0 1 0 2 0 3 69 4 0 5 265.573 6 183.94 7 0 8 181.383 9 185.394
0 -15 0 1 0 2 0 3 54.6667 4 0 5 276.5 6 157.113 7 0 8 201.6 9 149.293
5 -15 0 1 0 2 0 3 42.6667 4 52.3636 5 271.36 6 130.142 7 56 8 210.679 9 117.039
10 -15 0 1 84 2 0 3 54.6667 4 61.2075 5 252.311 6 105.542 7 60.9412 8 206.549 9 87.2727
15 -15 0 1 0 2 0 3 60 4 76.6875 5 216.949 6 82.6032 7 75.4194 8 192.068 9 67
20 -15 0 1 0 2 50 3 0 4 98.6667 5 176.794 6 65.5 7 97.3559 8 169.594 9 53.6
25 -15 0 1 44 2 54 3 0 4 126.227 5 143.695 6 56 7 125.448 8 142.687 9 48
30 -15 0 1 37.3333 2 0 3 0 4 155.07 5 113.414 6 53.3333 7 161.725 8 118.707 9 0
35 -15 0 1 36 2 0 3 0 4 184.222 5 87.1636 6 0 7 196.175 8 91.9298 9 0
-15 -10 0 1 0 2 0 3 66.3256 4 0 5 225.835 6 234.436 7 0 8 103.04 9 217.323
-10 -10 0 1 70 2 0 3 70.4242 4 0 5 269.489 6 224.722 7 0 8 124.717 9 188.722
-5 -10 0 1 62 2 0 3 64.3636 4 0 5 295.134 6 204.632 7 0 8 143.745 9 157.74
0 -10 0 1 0 2 0 3 64.2667 4 46 5 304.436 6 177.113 7 0 8 158.256 9 130.797
5 -10 0 1 56.6667 2 104 3 60.4138 4 58.6667 5 299.4 6 145.282 7 46 8 165.744 9 101.008
10 -10 0 1 60 2 0 3 58.6667 4 53.4545 5 298 6 145.038 7 58.6667 8 168.351 9 102.123
15 -10 0 1 0 2 62 3 52.8421 4 67.0943 5 283.35 6 116.857 7 58.8571 8 160.286 9 75.8537
20 -10 0 1 38 2 41.3333 3 42 4 115.067 5 198.647 6 70.64 7 83.7143 8 136.71 9 51.8261
25 -10 0 1 51 2 50 3 35 4 146.75 5 157.474 6 57.5238 7 104.396 8 117.364 9 58.5
30 -10 0 1 50.7692 2 53.3333 3 0 4 183.755 5 123.669 6 63.5 7 132.241 8 95.1704 9 64
35 -10 0 1 44.9412 2 45 3 0 4 220.527 5 96.7451 6 42 7 159.017 8 76.9897 9 0
-15 -5 0 1 92 2 68 3 91.4462 4 0 5 242.98 6 236.722 7 0 8 82.1778 9 173.265
-10 -5 0 1 96 2 0 3 93.0127 4 0 5 284.126 6 234.091 7 0 8 95.5455 9 154.159
-5 -5 0 1 0 2 0 3 88.5479 4 40 5 305.432 6 217.939 7 0 8 109.485 9 129.908
0 -5 0 1 88 2 44 3 83.0164 4 46.6667 5 311.333 6 185.985 7 0 8 120.185 9 104.837
5 -5 0 1 0 2 51.5 3 76 4 57.1064 5 308.259 6 154.462 7 0 8 124.491 9 82.368
10 -5 0 1 65 2 52.6957 3 66.8475 4 70.8315 5 294.5 6 125.174 7 48 8 124.073 9 65.9692
15 -5 0 1 44.6667 2 55.6 3 55.5122 4 94.6392 5 260.03 6 99 7 59 8 116.704 9 58.9268
20 -5 0 1 53.913 2 48 3 50.8966 4 127.883 5 211.176 6 75.6429 7 70.1034 8 104.479 9 49.8182
25 -5 0 1 49.7544 2 49.75 3 45.2 4 165 5 166.135 6 60.5 7 83.395 8 90.1679 9 40
30 -5 0 1 49.3714 2 48.7692 3 44.8 4 204.192 5 131.519 6 52 7 100.909 8 76.7188 9 0
35 -5 0 1 52.1212 2 41.5 3 0 4 254.83 5 100.343 6 40 7 122.549 8 62.0556 9 0
-15 0 0 1 248 2 45.3333 3 126.286 4 0 5 250.667 6 230.647 7 0 8 66.7368 9 129.63
-10 0 0 1 0 2 54 3 125.591 4 0 5 283.72 6 234.046 7 0 8 72.1081 9 119.802
-5 0 0 1 96 2 64.4706 3 120 4 40 5 310.28 6 217.805 7 0 8 83.4563 9 97.6637
0 0 0 1 81.6 2 60.5517 3 110.417 4 54 5 314.057 6 191.398 7 0 8 89.9091 9 82.6667
5 0 0 1 42 2 62.5882 3 99.1529 4 59.2381 5 310.218 6 158.977 7 0 8 94.1333 9 69.3861
10 0 0 1 62.5 2 64.8571 3 83.1739 4 76.1524 5 293.147 6 126.923 7 0 8 94.25 9 58.807
15 0 0 1 52.8889 2 62.4615 3 69.5676 4 101.273 5 261.061 6 99.8154 7 51.4286 8 89.3878 9 56.5455
20 0 0 1 54.2222 2 59.9286 3 58.75 4 132.481 5 213.689 6 79.0588 7 61.0169 8 82.5739 9 48.6154
25 0 0 1 59.5088 2 57.6571 3 50.25 4 172.077 5 168.606 6 61.8571 7 68.5437 8 71.322 9 48
30 0 0 1 62.6667 2 52.5625 3 48.8421 4 223.083 5 131.729 6 49.6 7 79.8491 8 60.84 9 0
35 0 0 1 63.1579 2 50.2609 3 80 4 271.609 5 100.615 6 49.3333 7 91.8165 8 54.7586 9 0
-15 5 0 1 93.3333 2 56.4615 3 162.667 4 0 5 226.679 6 232.752 7 0 8 56.5714 9 94.4615
-10 5 0 1 0 2 63.0769 3 165.869 4 0 5 270.057 6 230.677 7 0 8 58.24 9 83.1892
-5 5 0 1 0 2 70.2456 3 161.045 4 42 5 292.533 6 218.707 7 0 8 62.2703 9 74.8333
0 5 0 1 52.5 2 80.8136 3 149.286 4 62.6667 5 300.885 6 189.203 7 0 8 64.3636 9 65.1852
5 5 0 1 56 2 87.6667 3 130.742 4 58.1714 5 295.862 6 155.242 7 0 8 66.1579 9 58.5
10 5 0 1 59.7447 2 92.4444 3 109.258 4 75.438 5 278.23 6 125.578 7 0 8 65.4118 9 53.8333
15 5 0 1 66.3125 2 91.16 3 89.376 4 101.594 5 242.576 6 98.7397 7 42 8 63.0625 9 49.3333
20 5 0 1 73.3933 2 86.887 3 71.2667 4 137.919 5 197.383 6 74.8571 7 49.5 8 57.7455 9 76
25 5 0 1 82.7586 2 79.0244 3 57.3793 4 182.427 5 153.97 6 58.8387 7 55.8788 8 55.1724 9 50
30 5 0 1 86.3797 2 68.4786 3 48.6452 4 233.556 5 121.015 6 52.8 7 62.0619 8 50.5833 9 0
35 5 0 1 87.3418 2 60.8077 3 46 4 273.882 5 97.6875 6 68 7 68.092 8 47.8095 9 0
-15 10 0 1 0 2 68 3 207.748 4 0 5 202.386 6 237.848 7 0 8 58.6667 9 69.9487
-10 10 0 1 45.3333 2 81.1515 3 209.782 4 0 5 239.036 6 225.925 7 0 8 45.7778 9 63.1429
-5 10 0 1 44.8 2 95.4783 3 203.15 4 0 5 262.414 6 206.586 7 0 8 0 9 57.6774
0 10 0 1 51.4667 2 106.863 3 186.412 4 50 5 273.761 6 179.85 7 0 8 54 9 52.7273
5 10 0 1 62.0833 2 119.167 3 161.594 4 64.9231 5 266.737 6 147.278 7 0 8 51.4545 9 66.6667
10 10 0 1 72.6452 2 124.175 3 130.857 4 74.8283 5 246.52 6 119.537 7 0 8 57.5 9 44
15 10 0 1 87.8378 2 125.968 3 107.669 4 98.4848 5 212.992 6 93.2105 7 0 8 55 9 52
20 10 0 1 100.5 2 121.863 3 84.9841 4 133.354 5 174.797 6 71.04 7 42 8 48.5455 9 64
25 10 0 1 110.462 2 109.372 3 67.3978 4 173.354 5 143.098 6 60 7 46.1053 8 47.1667 9 0
30 10 0 1 117.846 2 93.7015 3 53.8095 4 220.175 5 111.081 6 51.5556 7 52.6222 8 52 9 0
35 10 0 1 116.4 2 77.3134 3 50.25 4 266.088 5 85.9333 6 48 7 55.3125 8 44.5714 9 0
-15 15 0 1 0 2 83.4444 3 255.537 4 0 5 171.704 6 225.053 7 0 8 0 9 56.8571
-10 15 0 1 68 2 98.6517 3 255.469 4 0 5 201.448 6 212.061 7 0 8 60 9 51.1111
-5 15 0 1 61.913 2 117.053 3 243.292 4 0 5 219.492 6 187.639 7 0 8 44 9 49.3333
0 15 0 1 61.8462 2 132.547 3 219.519 4 0 5 230.291 6 161.955 7 0 8 45.1429 9 56
5 15 0 1 73.8507 2 148.136 3 190.333 4 63 5 224.034 6 135.729 7 0 8 45.7778 9 44
10 15 0 1 90.7733 2 158.839 3 154.84 4 70.5263 5 207.318 6 110.248 7 0 8 54 9 36
15 15 0 1 108.835 2 162.667 3 125.293 4 89.2903 5 181.485 6 86.9767 7 0 8 49.3333 9 0
20 15 0 1 125.06 2 155.254 3 98.5865 4 120.209 5 154.015 6 67.7143 7 0 8 46 9 0
25 15 0 1 138.831 2 139.91 3 75.4943 4 158.185 5 127.308 6 54.7273 7 50.2857 8 62 9 0
30 15 0 1 149.048 2 118.765 3 59.2821 4 199.781 5 100.472 6 46.9091 7 48.5333 8 46 9 0
35 15 0 1 148.376 2 97.7015 3 47.6364 4 237.509 5 77.6216 6 36 7 44.6667 8 32 9 0
-15 20 0 1 46 2 95.8161 3 283.36 4 0 5 139.692 6 196.545 7 0 8 0 9 50.4
-10 20 0 1 55.3333 2 116.083 3 285.424 4 0 5 161.008 6 181.242 7 0 8 0 9 48
-5 20 0 1 59.6279 2 136.388 3 274.436 4 0 5 174 6 162.212 7 0 8 36 9 0
0 20 0 1 70.4545 2 160.679 3 250.917 4 0 5 178.138 6 140.331 7 0 8 0 9 0
5 20 0 1 88.1818 2 180.875 3 213.444 4 0 5 175.433 6 117.895 7 0 8 0 9 0
10 20 0 1 109.823 2 196.244 3 173.414 4 63.52 5 165.691 6 95.8413 7 0 8 36 9 0
15 20 0 1 131.512 2 199.008 3 135.91 4 80 5 148.682 6 76.1778 7 0 8 0 9 0
20 20 0 1 155.704 2 191.493 3 107.101 4 101.926 5 126.887 6 60.381 7 0 8 32 9 0
25 20 0 1 171.952 2 170.489 3 81.4118 4 135.328 5 106.647 6 57.3333 7 74 8 84 9 0
30 20 0 1 183.957 2 148.746 3 64.1739 4 163.936 5 85.6429 6 58 7 54 8 0 9 0
35 20 0 1 186.756 2 121.654 3 53.8667 4 195.624 5 66.1 6 40 7 48.5 8 0 9 0
-15 25 0 1 51.3333 2 106.824 3 294.688 4 0 5 109 6 163.077 7 0 8 50 9 72
-10 25 0 1 55.6 2 131.464 3 296.681 4 0 5 125.574 6 151.943 7 0 8 0 9 0
-5 25 0 1 66.6341 2 159.505 3 287.278 4 0 5 134.754 6 135.023 7 0 8 0 9 0
0 25 0 1 80.4828 2 188.639 3 266.466 4 0 5 138.783 6 117.714 7 0 8 0 9 0
5 25 0 1 101.352 2 214.277 3 229.954 4 0 5 137.496 6 98.6667 7 0 8 0 9 0
10 25 0 1 128.578 2 230.879 3 182.977 4 56.5714 5 130.968 6 79.2 7 0 8 28 9 0
15 25 0 1 156.186 2 236.331 3 143.94 4 69.76 5 118.4 6 65.5152 7 0 8 0 9 0
20 25 0 1 187.646 2 230.015 3 111.534 4 86.2462 5 101.252 6 53.5714 7 0 8 0 9 0
25 25 0 1 214.821 2 206.333 3 84.375 4 109.545 5 83.7557 6 46 7 0 8 0 9 0
30 25 0 1 231.163 2 175.91 3 66.4516 4 133.97 5 70.2933 6 38.6667 7 0 8 0 9 0
35 25 0 1 228.276 2 141.71 3 51.6364 4 156.964 5 57.8333 6 36 7 58.6667 8 0 9 0
-15 30 0 1 49.5 2 115.388 3 300.154 4 0 5 82.807 6 130.942 7 0 8 0 9 0
-10 30 0 1 61.7143 2 143.04 3 298.496 4 0 5 91.8609 6 120.033 7 0 8 0 9 0
-5 30 0 1 69.7037 2 176.11 3 289.594 4 0 5 101.55 6 108.615 7 0 8 0 9 0
0 30 0 1 88.6667 2 211.664 3 271.176 4 0 5 104.519 6 93.5077 7 0 8 0 9 0
5 30 0 1 117.053 2 239.82 3 231.91 4 0 5 103.736 6 77.2683 7 0 8 0 9 0
10 30 0 1 147.1 2 248.207 3 185.939 4 49.3333 5 97.0357 6 63.4872 7 0 8 0 9 0
15 30 0 1 182.545 2 255.248 3 144.06 4 62 5 88.313 6 57.3043 7 0 8 0 9 0
20 30 0 1 218.7 2 246.073 3 113.405 4 69.8889 5 76.562 6 58.6667 7 0 8 0 9 0
25 30 0 1 250.636 2 233.045 3 87.2941 4 86 5 66.2752 6 45.6 7 0 8 0 9 0
30 30 0 1 256.847 2 196.091 3 66.88 4 102.321 5 56 6 82.6667 7 0 8 0 9 0
35 30 0 1 270.158 2 156.752 3 56 4 120.066 5 56.4 6 28 7 0 8 0 9 0
-15 35 0 1 58.1818 2 120.946 3 297.182 4 0 5 62.2424 6 90.5091 7 0 8 0 9 0
-10 35 0 1 59.5385 2 152.155 3 295.368 4 0 5 69.75 6 85.9623 7 0 8 0 9 0
-5 35 0 1 73.0566 2 188 3 281.835 4 74 5 72.7238 6 79.2967 7 0 8 0 9 0
0 35 0 1 95.8261 2 223.662 3 259.669 4 72 5 74.8319 6 69.4737 7 0 8 0 9 0
5 35 0 1 125.143 2 247.881 3 222.105 4 80 5 74.6667 6 60.5647 7 0 8 0 9 0
10 35 0 1 160.756 2 255.353 3 176.636 4 72 5 70.449 6 52.125 7 0 8 0 9 0
15 35 0 1 202.458 2 256.859 3 138.091 4 55.5 5 65.68 6 50.3529 7 0 8 0 9 0
20 35 0 1 239.904 2 255.697 3 109.333 4 56.9697 5 60.0541 6 53.5 7 0 8 0 9 0
25 35 0 1 273.351 2 243.729 3 83.8431 4 66.8636 5 54.9787 6 0 7 0 8 0 9 0
30 35 0 1 282.419 2 206.827 3 67.6667 4 77.76 5 52 6 68 7 0 8 0 9 0
35 35 0 1 288.8 2 162.418 3 50.6667 4 86.9333 5 41.7143 6 0 7 0 8 0 9 0
-20 -20 0 1 0 2 0 3 0 4 0 5 133.247 6 180.03 7 0 8 114.776 9 310.061
-15 -20 0 1 0 2 0 3 0 4 0 5 144.632 6 187.603 7 0 8 117.563 9 304.481
-10 -20 0 1 0 2 0 3 44 4 0 5 155.507 6 192.305 7 0 8 120.044 9 296.641
-5 -20 0 1 0 2 0 3 0 4 0 5 167.805 6 197.895 7 0 8 122.16 9 285.771
0 -20 0 1 0 2 0 3 64 4 0 5 178.843 6 204.244 7 0 8 122.846 9 274.455
-20 -15 0 1 0 2 0 3 58.6667 4 0 5 193.976 6 208.515 7 0 8 124.594 9 260.301
-15 -15 0 1 0 2 56 3 61.1429 4 0 5 207.172 6 213.594 7 0 8 123.876 9 244.794
-10 -15 0 1 52 2 0 3 63.5556 4 0 5 222.178 6 215.519 7 0 8 125.308 9 230.534
-5 -15 0 1 0 2 60 3 60.6316 4 0 5 236.609 6 218.526 7 0 8 124.288 9 216.271
0 -15 0 1 0 2 64 3 61.7297 4 0 5 251.268 6 219.847 7 0 8 123.6 9 200.824
-20 -10 0 1 0 2 0 3 69.44 4 0 5 264.301 6 220.55 7 0 8 122.191 9 186.947
-15 -10 0 1 69.3333 2 0 3 70.3529 4 0 5 275.146 6 221.023 7 0 8 120.367 9 175.101
-10 -10 0 1 0 2 54 3 74.7234 4 0 5 284.082 6 220.391 7 0 8 118.302 9 163.359
-5 -10 0 1 80 2 0 3 78.4516 4 0 5 291.02 6 219.579 7 0 8 114.868 9 151.78
0 -10 0 1 80 2 0 3 84.2899 4 0 5 297.778 6 217.455 7 0 8 112.177 9 139.855
-20 -5 0 1 92 2 0 3 88.2254 4 36 5 302.812 6 214.466 7 0 8 109.143 9 129.492
-15 -5 0 1 116 2 60 3 93.5696 4 48 5 304.208 6 212.932 7 0 8 105.126 9 120.787
-10 -5 0 1 96 2 60 3 97.6757 4 58 5 306.614 6 208.977 7 0 8 100.404 9 110.05
-5 -5 0 1 104 2 63.2941 3 103.181 4 0 5 307.96 6 203.459 7 0 8 96.3883 9 100.553
0 -5 0 1 102 2 64.4211 3 105.677 4 0 5 308.764 6 196.421 7 0 8 93.2632 9 91.2793
-20 0 0 1 66 2 58.8 3 109.89 4 50 5 309.148 6 190.015 7 0 8 89.3933 9 83.0588
-15 0 0 1 0 2 67.6066 3 117.053 4 53 5 307.505 6 183.338 7 0 8 81.9355 9 73.875
-10 0 0 1 59.1111 2 71.3793 3 121.148 4 55.6364 5 306 6 175.188 7 0 8 77.6 9 67.5152
-5 0 0 1 52 2 76.2254 3 124.175 4 54.2857 5 302.775 6 168.571 7 0 8 73.8734 9 62.8493
0 0 0 1 57.0667 2 82.7865 3 127.092 4 58.1333 5 298.017 6 160.662 7 0 8 68.2222 9 57.6
-20 5 0 1 55.2 2 89.7204 3 128.538 4 59.2632 5 291.75 6 151.94 7 0 8 64.2564 9 56.6
-15 5 0 1 55.8571 2 96.2273 3 131.256 4 60.9032 5 284.991 6 145.97 7 0 8 62.5185 9 55.2857
-10 5 0 1 56.7273 2 102.218 3 131.152 4 63.3469 5 277.381 6 138.543 7 0 8 60.6667 9 53
-5 5 0 1 61.7241 2 110.602 3 132.331 4 68.1818 5 265.833 6 131.447 7 0 8 58.0513 9 76
0 5 0 1 66.75 2 117.743 3 132.496 4 69.1014 5 256.197 6 125.77 7 0 8 54.6207 9 47.2
-20 10 0 1 72.5294 2 125.655 3 132.424 4 71.7 5 240.372 6 118.4 7 0 8 59.0588 9 50.6667
-15 10 0 1 78.5294 2 132.036 3 130.29 4 74.898 5 228.75 6 111.748 7 0 8 51.5294 9 40
-10 10 0 1 84.8451 2 140.127 3 128.902 4 79.3524 5 215.176 6 105.036 7 0 8 49.8462 9 44
-5 10 0 1 92.4762 2 147.664 3 127.489 4 82.2414 5 201.13 6 97.2549 7 0 8 56.5714 9 0
0 10 0 1 100.143 2 155.569 3 125.444 4 85.3643 5 188.252 6 90.9011 7 0 8 61.3333 9 0
-20 15 0 1 107.901 2 161.582 3 123.94 4 87.1515 5 177.147 6 84.7742 7 0 8 74.6667 9 0
-15 15 0 1 114.42 2 168.746 3 122.316 4 89.7405 5 167.182 6 81.1905 7 0 8 78.6667 9 0
-10 15 0 1 124.598 2 176.209 3 118.015 4 92.5075 5 154.985 6 72.9231 7 0 8 48.8 9 0
-5 15 0 1 134.217 2 183.368 3 115.098 4 95.0677 5 145.323 6 68.9825 7 0 8 38 9 0
0 15 0 1 143.529 2 188.18 3 110.992 4 97.9091 5 135.424 6 64.4 7 0 8 38 9 0
-20 20 0 1 153.037 2 194.489 3 107.039 4 98.3407 5 125.636 6 60.2727 7 0 8 76 9 0
-15 20 0 1 164.688 2 198.015 3 103.892 4 99.6336 5 116.733 6 58.4865 7 0 8 0 9 0
-10 20 0 1 175.281 2 204.148 3 99.5833 4 101.618 5 107.522 6 56.1429 7 0 8 0 9 0
-5 20 0 1 186.582 2 206.874 3 95.8378 4 102.212 5 99.6692 6 51.0909 7 0 8 0 9 0
0 20 0 1 199.415 2 209.689 3 91.8209 4 102.496 5 92.3636 6 50.1818 7 0 8 0 9 0
-15 -15 0 1 0 2 0 3 56 4 0 5 196.372 6 209.534 7 0 8 125.826 9 261.323
-10 -15 0 1 48 2 0 3 58.3333 4 0 5 204.818 6 209.113 7 0 8 130.175 9 253.182
-5 -15 0 1 0 2 0 3 50 4 0 5 214.212 6 207.519 7 0 8 136.357 9 245.564
0 -15 0 1 52 2 0 3 51 4 0 5 221.747 6 204.515 7 0 8 141.725 9 237.414
5 -15 0 1 52 2 0 3 54.6667 4 0 5 228.356 6 202.316 7 0 8 148.187 9 228.902
10 -15 0 1 0 2 0 3 53.7778 4 0 5 234.87 6 199.91 7 0 8 152.912 9 221.805
15 -15 0 1 0 2 0 3 54.8 4 0 5 241.548 6 196.06 7 0 8 158.909 9 213.353
-15 -10 0 1 56 2 0 3 53.1429 4 0 5 247.773 6 193.333 7 0 8 164.196 9 205.925
-10 -10 0 1 0 2 0 3 63.2727 4 0 5 252 6 189.13 7 0 8 169.524 9 198.406
-5 -10 0 1 252 2 0 3 60 4 0 5 257.867 6 185.594 7 0 8 173.66 9 190.677
0 -10 0 1 0 2 56 3 52 4 0 5 262.522 6 180.271 7 0 8 178.36 9 181.744
5 -10 0 1 44 2 0 3 52 4 0 5 264.98 6 177.203 7 0 8 183.026 9 175.639
10 -10 0 1 52 2 0 3 54.6667 4 0 5 268.371 6 170.947 7 40 8 187.051 9 168.301
15 -10 0 1 0 2 0 3 48 4 0 5 267.652 6 165.684 7 0 8 191.604 9 161.191
-15 -5 0 1 44 2 0 3 46 4 0 5 272.979 6 160.692 7 0 8 194.577 9 154.758
-10 -5 0 1 0 2 0 3 60 4 44 5 272.792 6 155.158 7 0 8 195.964 9 147.669
-5 -5 0 1 0 2 0 3 57.3333 4 0 5 269.833 6 148.702 7 0 8 200.257 9 140.752
0 -5 0 1 0 2 0 3 116 4 47.3333 5 271.319 6 143.218 7 44 8 202.107 9 133.594
5 -5 0 1 0 2 0 3 0 4 62 5 265.402 6 137.667 7 0 8 204.718 9 127.91
10 -5 0 1 0 2 0 3 62 4 57.0909 5 268 6 133.632 7 66 8 205.75 9 121.895
15 -5 0 1 0 2 0 3 63 4 53.4545 5 267.052 6 127.359 7 52 8 207.617 9 115.727
-15 0 0 1 0 2 0 3 58.4 4 55.0769 5 263.388 6 122.164 7 61.7143 8 207.099 9 107.645
-10 0 0 1 0 2 72 3 76 4 56.1481 5 259.546 6 117.6 7 57.6 8 207.429 9 102.296
-5 0 0 1 0 2 108 3 45.3333 4 61.7333 5 255.585 6 111.919 7 55.2941 8 205.053 9 96.1524
0 0 0 1 92 2 0 3 44 4 57.8667 5 252.269 6 107.671 7 57.8947 8 205.222 9 92.3146
5 0 0 1 0 2 0 3 53.3333 4 61.2 5 246.653 6 103.737 7 60 8 203.892 9 86.45
10 0 0 1 0 2 0 3 48.8 4 61.92 5 239.711 6 98.9589 7 62.1176 8 201.042 9 81.3125
15 0 0 1 72 2 0 3 66 4 63.4783 5 233.709 6 94.3889 7 64.1791 8 199.367 9 78.2456
-15 5 0 1 65 2 0 3 57.3333 4 67.4386 5 224.168 6 91.0286 7 67.5263 8 195.677 9 74.1818
-10 5 0 1 0 2 0 3 60 4 70.0317 5 219.27 6 85.1724 7 70.1333 8 194.876 9 70.5217
-5 5 0 1 68 2 80 3 0 4 74.2545 5 212.39 6 81.9636 7 74.7429 8 192.137 9 67.3143
0 5 0 1 0 2 48 3 47.4286 4 76.3448 5 217.667 6 82.8571 7 72.5769 8 181.467 9 65.3333
5 5 0 1 56 2 40 3 46 4 78.3158 5 227.312 6 84.5 7 71.0316 8 172.409 9 63.0667
10 5 0 1 0 2 44 3 51.2 4 79.3125 5 230.378 6 87.25 7 69.3953 8 164.373 9 65.0732
15 5 0 1 52 2 62.6667 3 63.6 4 82.4103 5 237.688 6 88.9375 7 67.0448 8 158 9 63.3171
-15 10 0 1 48 2 60 3 66.2222 4 84.4819 5 242.048 6 91.1273 7 66.029 8 147.934 9 62
-10 10 0 1 69 2 42 3 56.3333 4 85.8851 5 247.438 6 90.2769 7 64.4242 8 141.897 9 58.9677
-5 10 0 1 37 2 50 3 50.3529 4 88.1333 5 249.377 6 93.25 7 64 8 136 9 58.4545
0 10 0 1 53.7143 2 0 3 52.6897 4 89.5 5 251.296 6 95.0476 7 60.1905 8 127.861 9 59.2821
5 10 0 1 44 2 59 3 55.5556 4 91.5652 5 256.625 6 96.0615 7 59.4667 8 121.168 9 59.5
10 10 0 1 55.3333 2 50.5263 3 59.8667 4 92.8 5 258.52 6 97.3538 7 57.6667 8 115.464 9 57.1667
15 10 0 1 48.5 2 62.0952 3 58.9388 4 95.1683 5 254.324 6 96.2581 7 56.8333 8 108.971 9 56
-15 15 0 1 49.1429 2 56.0976 3 61.3333 4 95.3153 5 259.758 6 99.4375 7 57.25 8 102 9 53.6667
-10 15 0 1 56.8571 2 57.3793 3 65.5873 4 96.0377 5 260.397 6 100.061 7 50.5455 8 95.8165 9 52.8696
-5 15 0 1 54.9474 2 60.3019 3 66.1 4 97.4141 5 258.419 6 99.1045 7 51.2 8 90.64 9 55.5556
0 15 0 1 56.6667 2 64.2703 3 70.1075 4 99.4828 5 256 6 98.8657 7 52 8 83.4563 9 51.36
5 15 0 1 55.1579 2 69.5135 3 72.7826 4 99.5088 5 252.677 6 98.4848 7 54.4 8 79.2889 9 55.2941
10 15 0 1 59.0698 2 73.679 3 76 4 100.333 5 249.156 6 98.0308 7 48.6667 8 74.6341 9 51.6364
15 15 0 1 60.1569 2 79.1 3 79.6226 4 98.9688 5 245.692 6 99.5942 7 62.6667 8 69.9104 9 54.4
15 7 0 1 59.44 2 79.4468 3 80.4324 4 99.3388 5 247.075 6 98.7429 7 48 8 69.6867 9 48.8
20 7 0 1 105.318 2 159.538 3 122.443 4 85.7638 5 177.374 6 84.8941 7 0 8 41.6 9 0
25 7 0 1 101.687 2 160 3 127.729 4 82.9913 5 182.229 6 88.7556 7 0 8 44.5714 9 0
30 7 0 1 98.8 2 157.795 3 132.275 4 78.1961 5 186.5 6 93.76 7 0 8 60 9 0
15 12 0 1 96.5333 2 158.822 3 138 4 74.3377 5 190.781 6 96.9434 7 0 8 40 9 0
20 12 0 1 91.5135 2 156.315 3 143.549 4 74.2456 5 197.696 6 102.267 7 0 8 50.4 9 0
25 12 0 1 88.6667 2 156.23 3 149.714 4 68.4167 5 200.476 6 106.828 7 0 8 45.3333 9 0
30 12 0 1 84.5538 2 155.14 3 158.779 4 64.9032 5 205.809 6 112.427 7 0 8 44 9 38
15 17 0 1 80.9286 2 152.875 3 165.624 4 64.9524 5 210.097 6 118.137 7 0 8 53.5 9 0
20 17 0 1 77.7333 2 149.789 3 169.925 4 58.6 5 213.345 6 121.405 7 0 8 45.1429 9 0
25 17 0 1 75.6712 2 147.059 3 177.835 4 60 5 216.73 6 126.737 7 0 8 0 9 0
30 17 0 1 71.4182 2 145.835 3 183.786 4 76 5 219.304 6 131.459 7 0 8 42 9 0
15 22 0 1 68.4706 2 143.148 3 189.774 4 0 5 221.461 6 135.88 7 0 8 52.8 9 0
20 22 0 1 64.7347 2 139.585 3 195.008 4 0 5 223.795 6 140.632 7 0 8 44 9 56.8
25 22 0 1 65.1818 2 136.792 3 203.939 4 0 5 222.78 6 147.368 7 0 8 48 9 40
30 22 0 1 62.4865 2 133.481 3 207.639 4 0 5 225.517 6 152 7 0 8 48 9 48
15 27 0 1 60.7442 2 131.223 3 217.203 4 0 5 221.655 6 157.564 7 0 8 46.6667 9 52.6667
20 27 0 1 56.6452 2 127.876 3 221.925 4 0 5 220.34 6 162.887 7 0 8 0 9 57
25 27 0 1 60 2 124.426 3 224.489 4 0 5 220.87 6 167.338 7 0 8 52 9 59.2
30 27 0 1 61.2727 2 120.86 3 229.212 4 0 5 219.415 6 172.752 7 0 8 52 9 48.9231
-4 15 0 1 54.3077 2 117.347 3 232.794 4 0 5 215.235 6 177.023 7 0 8 40.8 9 56.7273
1 15 0 1 55.2941 2 114.286 3 236.872 4 0 5 213.064 6 181.203 7 0 8 44 9 56.6667
6 15 0 1 52 2 111.158 3 239.909 4 0 5 209.763 6 185.925 7 0 8 0 9 52
11 15 0 1 50.5455 2 106.198 3 241.191 4 0 5 207.1 6 191.359 7 0 8 68 9 51.2
16 15 0 1 47.4286 2 103.134 3 242.729 4 0 5 201.31 6 196.722 7 0 8 48 9 56.5333
21 15 0 1 62 2 99.25 3 246.515 4 0 5 197.289 6 198.818 7 0 8 0 9 62.3333
26 15 0 1 53.6667 2 97.5065 3 247.094 4 0 5 192.966 6 202.515 7 0 8 48 9 48
-4 20 0 1 46.5 2 92.8571 3 247.15 4 0 5 188.526 6 206.617 7 0 8 0 9 53.6
1 20 0 1 38.6667 2 90.0241 3 246.764 4 0 5 182.07 6 208.992 7 0 8 0 9 53.2632
6 20 0 1 44 2 85.76 3 246.202 4 0 5 177.729 6 212.303 7 0 8 0 9 53.4545
11 20 0 1 45 2 83.2239 3 244.694 4 0 5 170.607 6 214.767 7 0 8 0 9 52.4615
16 20 0 1 0 2 78.8387 3 243.429 4 0 5 166.017 6 217.233 7 0 8 0 9 52.3077
21 20 0 1 52 2 78.2857 3 232.566 4 0 5 173.064 6 221.263 7 0 8 0 9 57.2632
26 20 0 1 0 2 76.4375 3 232.552 4 0 5 172.991 6 220.211 7 0 8 40 9 58.9091
-4 25 0 1 0 2 73.1915 3 226.379 4 0 5 178.692 6 224.273 7 0 8 50 9 57.1613
1 25 0 1 0 2 72.2609 3 217.704 4 0 5 183.962 6 226.286 7 0 8 68 9 59.8974
6 25 0 1 0 2 67.6923 3 205.835 4 0 5 190.982 6 227.667 7 0 8 132 9 66.8333
11 25 0 1 76 2 65.3333 3 196.792 4 0 5 197.633 6 228.301 7 0 8 59.3333 9 67.9355
16 25 0 1 0 2 60.9333 3 188.491 4 0 5 202.464 6 228.391 7 0 8 53.3333 9 71.102
21 25 0 1 80 2 58.1714 3 177.48 4 0 5 210.679 6 226.209 7 0 8 52 9 77.7705
26 25 0 1 0 2 59.619 3 167.406 4 0 5 217.5 6 227.008 7 0 8 48 9 83.9474
-4 30 0 1 76 2 55.5789 3 157.359 4 0 5 223.961 6 225.353 7 0 8 55.7778 9 92.7229
1 30 0 1 162 2 59.1111 3 147.647 4 0 5 227.883 6 224.15 7 0 8 61.3333 9 101.072
6 30 0 1 0 2 59.7333 3 142.638 4 0 5 231 6 223.248 7 0 8 54.8889 9 106.178
11 30 0 1 0 2 59.5 3 135.447 4 0 5 231.231 6 222.015 7 0 8 57.28 9 114.351
16 30 0 1 0 2 57 3 127.265 4 0 5 235.327 6 221.985 7 0 8 61.1429 9 120.911
21 30 0 1 0 2 56.8 3 121.548 4 0 5 232.699 6 221.383 7 0 8 62.3125 9 127.192
26 30 0 1 0 2 68.8 3 112.235 4 0 5 235.283 6 223.308 7 0 8 69.0968 9 140.404
-15 -1 0 1 0 2 0 3 111.253 4 0 5 236.716 6 223.158 7 0 8 66.7586 9 139.96
-15 4 0 1 0 2 0 3 103.106 4 0 5 238.641 6 224.932 7 0 8 70.6517 9 148.667
-15 9 0 1 96 2 0 3 97.7561 4 0 5 237.535 6 226.121 7 0 8 74.4096 9 157.034
-15 14 0 1 0 2 92 3 91.4737 4 0 5 234.921 6 227.158 7 0 8 76.1951 9 164.383
-15 19 0 1 90 2 88 3 86.2759 4 0 5 233.726 6 228.18 7 0 8 80.2759 9 171.695
-15 24 0 1 86 2 82 3 80.3509 4 0 5 230.222 6 227.45 7 0 8 83.9101 9 177.655
-15 29 0 1 0 2 86 3 81.4154 4 0 5 230.909 6 228.12 7 0 8 81.7297 9 176.674
-15 34 0 1 70 2 0 3 70.9804 4 0 5 224 6 226.226 7 0 8 90.4348 9 191.496
-15 39 0 1 0 2 0 3 64.7692 4 0 5 219.785 6 224.872 7 0 8 94.8764 9 201.738
-15 44 0 1 0 2 0 3 66.6207 4 0 5 215.506 6 221.414 7 0 8 100.311 9 211.307
-15 49 0 1 0 2 0 3 60.2857 4 0 5 210.787 6 221.955 7 0 8 100.566 9 214.286
-15 54 0 1 0 2 52 3 57.2 4 0 5 207.895 6 216.962 7 0 8 105.64 9 221.492
-15 59 0 1 0 2 0 3 55.5556 4 0 5 204.096 6 213.113 7 0 8 110.409 9 228.349
-15 64 0 1 0 2 0 3 52 4 0 5 199.807 6 208.932 7 0 8 113.592 9 236.275
-15 69 0 1 0 2 0 3 52.5714 4 0 5 194.311 6 206.412 7 0 8 117.709 9 243.789
