 0 0 1 0 2 0 3 0 4 0 5 0 6 0 7 0 8 0 9 331.086
5 0 0 1 0 2 0 3 0 4 0 5 0 6 0 7 0 8 0 9 320.294
10 0 0 1 0 2 0 3 0 4 0 5 0 6 0 7 0 8 0 9 315.771
15 0 0 1 0 2 0 3 0 4 0 5 0 6 0 7 0 8 0 9 302.899
20 0 0 1 0 2 0 3 0 4 0 5 0 6 0 7 0 8 0 9 266.687
25 0 0 1 0 2 0 3 0 4 0 5 0 6 0 7 0 8 0 9 181.081
30 0 0 1 0 2 0 3 0 4 0 5 0 6 0 7 0 8 0 9 170.773
35 0 0 1 0 2 0 3 0 4 0 5 0 6 0 7 0 8 0 9 133.212
40 0 0 1 0 2 0 3 0 4 0 5 0 6 0 7 0 8 0 9 100.923
0 5 0 1 0 2 0 3 0 4 0 5 0 6 0 7 0 8 0 9 316.493
5 5 0 1 0 2 0 3 0 4 0 5 0 6 0 7 0 8 0 9 317.706
10 5 0 1 0 2 0 3 0 4 0 5 0 6 0 7 0 8 0 9 310.592
15 5 0 1 0 2 0 3 0 4 0 5 0 6 0 7 0 8 0 9 287.667
20 5 0 1 0 2 0 3 0 4 0 5 0 6 0 7 0 8 0 9 251.89
25 5 0 1 0 2 0 3 0 4 0 5 0 6 0 7 0 8 0 9 204.722
30 5 0 1 0 2 0 3 0 4 0 5 0 6 0 7 0 8 0 9 163.167
35 5 0 1 0 2 0 3 0 4 0 5 0 6 0 7 0 8 0 9 126.646
40 5 0 1 0 2 0 3 0 4 0 5 0 6 0 7 0 8 0 9 93.641
0 10 0 1 0 2 0 3 0 4 0 5 0 6 0 7 0 8 0 9 285.543
5 10 0 1 0 2 0 3 0 4 0 5 0 6 0 7 0 8 0 9 291.443
10 10 0 1 0 2 0 3 0 4 0 5 0 6 0 7 0 8 0 9 284.971
15 10 0 1 0 2 0 3 0 4 0 5 0 6 0 7 0 8 0 9 255.642
20 10 0 1 0 2 0 3 0 4 0 5 0 6 0 7 0 8 0 9 220.486
25 10 0 1 0 2 0 3 0 4 0 5 0 6 0 7 0 8 0 9 182.149
30 10 0 1 0 2 0 3 0 4 0 5 0 6 0 7 0 8 0 9 146.286
35 10 0 1 0 2 0 3 0 4 0 5 0 6 0 7 0 8 0 9 115.273
40 10 0 1 0 2 0 3 0 4 0 5 0 6 0 7 0 8 0 9 85.8723
0 15 0 1 0 2 0 3 0 4 0 5 0 6 0 7 0 8 0 9 233.851
5 15 0 1 0 2 0 3 0 4 0 5 0 6 0 7 0 8 0 9 240.779
10 15 0 1 0 2 0 3 0 4 0 5 0 6 0 7 0 8 0 9 233.671
15 15 0 1 0 2 0 3 0 4 0 5 0 6 0 7 0 8 0 9 214.294
20 15 0 1 0 2 0 3 0 4 0 5 0 6 0 7 0 8 0 9 185.672
25 15 0 1 0 2 0 3 0 4 0 5 0 6 0 7 0 8 0 9 157.029
30 15 0 1 0 2 0 3 0 4 0 5 0 6 0 7 0 8 0 9 128.345
35 15 0 1 0 2 0 3 0 4 0 5 0 6 0 7 0 8 0 9 100.533
40 15 0 1 68 2 0 3 0 4 0 5 0 6 0 7 0 8 0 9 76.6667
0 20 0 1 0 2 0 3 0 4 0 5 0 6 0 7 0 8 0 9 184.822
5 20 0 1 0 2 0 3 0 4 0 5 0 6 0 7 0 8 0 9 191.549
10 20 0 1 0 2 0 3 0 4 0 5 0 6 0 7 0 8 0 9 188.219
15 20 0 1 0 2 0 3 0 4 0 5 0 6 0 7 0 8 0 9 172.471
20 20 0 1 0 2 0 3 0 4 0 5 0 6 0 7 0 8 0 9 152.529
25 20 0 1 0 2 0 3 0 4 0 5 0 6 0 7 0 8 0 9 128.25
30 20 0 1 0 2 0 3 0 4 0 5 0 6 0 7 0 8 0 9 103.451
35 20 0 1 0 2 0 3 0 4 0 5 0 6 0 7 0 8 0 9 82.5556
40 20 0 1 0 2 0 3 0 4 0 5 0 6 0 7 0 8 0 9 64.8889
0 25 0 1 0 2 0 3 0 4 0 5 0 6 0 7 0 8 0 9 143.438
5 25 0 1 0 2 0 3 0 4 0 5 0 6 0 7 0 8 0 9 147.937
10 25 0 1 0 2 0 3 0 4 0 5 0 6 0 7 0 8 0 9 145.913
15 25 0 1 0 2 0 3 0 4 0 5 0 6 0 7 0 8 0 9 139.815
20 25 0 1 0 2 0 3 0 4 0 5 0 6 0 7 0 8 0 9 118.102
25 25 0 1 0 2 0 3 0 4 0 5 0 6 0 7 0 8 0 9 102.286
30 25 0 1 0 2 0 3 0 4 0 5 0 6 0 7 0 8 0 9 85.7143
35 25 0 1 0 2 0 3 0 4 0 5 0 6 0 7 0 8 0 9 69.2
40 25 0 1 0 2 0 3 0 4 0 5 0 6 0 7 0 8 0 9 56.8571
0 30 0 1 0 2 0 3 0 4 0 5 0 6 0 7 0 8 0 9 99.4783
5 30 0 1 0 2 0 3 0 4 0 5 0 6 0 7 0 8 0 9 101.2
10 30 0 1 0 2 0 3 0 4 0 5 0 6 0 7 0 8 0 9 100.56
15 30 0 1 96 2 0 3 0 4 0 5 0 6 0 7 0 8 0 9 95.3333
20 30 0 1 0 2 0 3 0 4 0 5 0 6 0 7 0 8 82 9 83.8824
25 30 0 1 0 2 0 3 0 4 0 5 0 6 0 7 0 8 0 9 85.1613
30 30 0 1 0 2 0 3 0 4 0 5 0 6 0 7 0 8 0 9 63
35 30 0 1 0 2 0 3 0 4 0 5 0 6 0 7 0 8 0 9 54.5
40 30 0 1 0 2 0 3 0 4 0 5 0 6 0 7 0 8 0 9 48.8
0 35 0 1 72 2 0 3 0 4 0 5 0 6 0 7 0 8 0 9 75.0588
5 35 0 1 0 2 0 3 0 4 0 5 0 6 0 7 0 8 72 9 73.92
10 35 0 1 0 2 0 3 0 4 0 5 0 6 0 7 0 8 0 9 72
15 35 0 1 72 2 0 3 0 4 0 5 0 6 0 7 0 8 0 9 68.2963
20 35 0 1 0 2 0 3 0 4 0 5 0 6 0 7 0 8 0 9 64.4444
25 35 0 1 56 2 0 3 0 4 0 5 0 6 0 7 0 8 0 9 54
30 35 0 1 0 2 0 3 0 4 0 5 0 6 0 7 0 8 0 9 52.6667
35 35 0 1 0 2 0 3 0 4 0 5 0 6 0 7 0 8 0 9 46.6667
40 35 0 1 0 2 0 3 0 4 0 5 0 6 0 7 0 8 0 9 0
0 40 0 1 54 2 0 3 0 4 0 5 0 6 0 7 0 8 0 9 55.4286
5 40 0 1 0 2 0 3 0 4 0 5 0 6 0 7 0 8 0 9 56
10 40 0 1 0 2 0 3 0 4 0 5 0 6 0 7 0 8 0 9 58.2222
15 40 0 1 0 2 0 3 0 4 0 5 0 6 0 7 0 8 0 9 57
20 40 0 1 0 2 0 3 0 4 0 5 0 6 0 7 0 8 0 9 50
25 40 0 1 0 2 0 3 0 4 0 5 0 6 0 7 0 8 0 9 50.6667
30 40 0 1 0 2 0 3 0 4 0 5 0 6 0 7 0 8 0 9 48.8
35 40 0 1 0 2 0 3 0 4 0 5 0 6 0 7 0 8 0 9 0
40 40 0 1 0 2 0 3 0 4 0 5 0 6 0 7 0 8 0 9 0
0 0 0 1 0 2 0 3 0 4 0 5 0 6 0 7 0 8 310.273 9 0
5 0 0 1 0 2 0 3 0 4 0 5 0 6 0 7 0 8 309.323 9 0
10 0 0 1 0 2 0 3 0 4 0 5 0 6 0 7 0 8 299.128 9 0
15 0 0 1 0 2 0 3 0 4 0 5 0 6 0 7 0 8 267.879 9 0
20 0 0 1 0 2 0 3 0 4 0 5 0 6 0 7 0 8 216.812 9 0
25 0 0 1 0 2 0 3 0 4 0 5 0 6 0 7 0 8 171.3 9 0
30 0 0 1 0 2 0 3 0 4 0 5 0 6 0 7 0 8 136.571 9 0
35 0 0 1 0 2 0 3 0 4 0 5 0 6 0 7 0 8 0 9 0
40 0 0 1 0 2 0 3 0 4 0 5 0 6 0 7 0 8 0 9 0
0 5 0 1 0 2 0 3 0 4 0 5 0 6 0 7 0 8 303.328 9 0
5 5 0 1 0 2 0 3 0 4 0 5 0 6 0 7 0 8 299.88 9 0
10 5 0 1 0 2 0 3 0 4 0 5 0 6 0 7 0 8 283.695 9 0
15 5 0 1 0 2 0 3 0 4 0 5 0 6 0 7 0 8 246.737 9 0
20 5 0 1 0 2 0 3 0 4 0 5 0 6 0 7 0 8 200.273 9 0
25 5 0 1 0 2 0 3 0 4 0 5 0 6 0 7 0 8 159.511 9 0
30 5 0 1 0 2 0 3 0 4 0 5 0 6 0 7 0 8 125.667 9 0
35 5 0 1 0 2 0 3 0 4 0 5 0 6 0 7 0 8 0 9 0
40 5 0 1 0 2 0 3 0 4 0 5 0 6 0 7 0 8 0 9 0
0 10 0 1 0 2 0 3 0 4 0 5 0 6 0 7 0 8 271.579 9 0
5 10 0 1 0 2 0 3 0 4 0 5 0 6 0 7 0 8 266.226 9 0
10 10 0 1 0 2 0 3 0 4 0 5 0 6 0 7 0 8 245.835 9 0
15 10 0 1 0 2 0 3 0 4 0 5 0 6 0 7 0 8 213.152 9 0
20 10 0 1 0 2 0 3 0 4 0 5 0 6 0 7 0 8 177.124 9 0
25 10 0 1 0 2 0 3 0 4 0 5 0 6 0 7 0 8 143.472 9 0
30 10 0 1 0 2 0 3 0 4 0 5 0 6 0 7 0 8 0 9 0
35 10 0 1 0 2 0 3 0 4 0 5 0 6 0 7 0 8 0 9 0
40 10 0 1 0 2 0 3 0 4 0 5 0 6 0 7 0 8 0 9 0
0 15 0 1 0 2 0 3 0 4 0 5 0 6 0 7 0 8 217.727 9 0
5 15 0 1 0 2 0 3 0 4 0 5 0 6 0 7 0 8 214.256 9 0
10 15 0 1 0 2 0 3 0 4 0 5 0 6 0 7 0 8 199.278 9 0
15 15 0 1 0 2 0 3 0 4 0 5 0 6 0 7 0 8 175.609 9 0
20 15 0 1 0 2 0 3 0 4 0 5 0 6 0 7 0 8 147.508 9 0
25 15 0 1 0 2 0 3 0 4 0 5 0 6 0 7 0 8 108 9 0
30 15 0 1 0 2 0 3 0 4 0 5 0 6 0 7 0 8 0 9 0
35 15 0 1 0 2 0 3 0 4 0 5 0 6 0 7 0 8 0 9 0
40 15 0 1 0 2 0 3 0 4 0 5 0 6 0 7 0 8 0 9 0
0 20 0 1 0 2 0 3 0 4 0 5 0 6 0 7 0 8 166.92 9 0
5 20 0 1 0 2 0 3 0 4 0 5 0 6 0 7 0 8 164.36 9 0
10 20 0 1 0 2 0 3 0 4 0 5 0 6 0 7 0 8 154.815 9 0
15 20 0 1 0 2 0 3 0 4 0 5 0 6 0 7 0 8 136.842 9 0
20 20 0 1 0 2 0 3 0 4 0 5 0 6 0 7 0 8 117.333 9 0
25 20 0 1 0 2 0 3 0 4 0 5 0 6 0 7 0 8 0 9 0
30 20 0 1 0 2 0 3 0 4 0 5 0 6 0 7 0 8 0 9 0
35 20 0 1 0 2 0 3 0 4 0 5 0 6 0 7 0 8 0 9 0
40 20 0 1 0 2 0 3 0 4 0 5 0 6 0 7 0 8 0 9 0
0 25 0 1 0 2 0 3 0 4 0 5 0 6 0 7 0 8 129.2 9 0
5 25 0 1 0 2 0 3 0 4 0 5 0 6 0 7 0 8 128 9 0
10 25 0 1 0 2 0 3 0 4 0 5 0 6 0 7 0 8 116 9 0
15 25 0 1 0 2 0 3 0 4 0 5 0 6 0 7 0 8 0 9 0
20 25 0 1 0 2 0 3 0 4 0 5 0 6 0 7 0 8 0 9 0
25 25 0 1 0 2 0 3 0 4 0 5 0 6 0 7 0 8 0 9 0
30 25 0 1 0 2 0 3 0 4 0 5 0 6 0 7 0 8 0 9 0
35 25 0 1 0 2 0 3 0 4 0 5 0 6 0 7 0 8 0 9 0
40 25 0 1 0 2 0 3 0 4 0 5 0 6 0 7 0 8 0 9 0
0 30 0 1 0 2 0 3 0 4 0 5 0 6 0 7 0 8 0 9 0
5 30 0 1 0 2 0 3 0 4 0 5 0 6 0 7 0 8 0 9 0
10 30 0 1 0 2 0 3 0 4 0 5 0 6 0 7 0 8 0 9 0
15 30 0 1 0 2 0 3 0 4 0 5 0 6 0 7 0 8 0 9 0
20 30 0 1 0 2 0 3 0 4 0 5 0 6 0 7 0 8 0 9 0
25 30 0 1 0 2 0 3 0 4 0 5 0 6 0 7 0 8 0 9 0
30 30 0 1 0 2 0 3 0 4 0 5 0 6 0 7 0 8 0 9 0
35 30 0 1 0 2 0 3 0 4 0 5 0 6 0 7 0 8 0 9 0
40 30 0 1 0 2 0 3 0 4 0 5 0 6 0 7 0 8 0 9 0
0 35 0 1 0 2 0 3 0 4 0 5 0 6 0 7 0 8 0 9 0
5 35 0 1 0 2 0 3 0 4 0 5 0 6 0 7 0 8 0 9 0
10 35 0 1 0 2 0 3 0 4 0 5 0 6 0 7 0 8 0 9 0
15 35 0 1 0 2 0 3 0 4 0 5 0 6 0 7 0 8 0 9 0
20 35 0 1 0 2 0 3 0 4 0 5 0 6 0 7 0 8 0 9 0
25 35 0 1 0 2 0 3 0 4 0 5 0 6 0 7 0 8 0 9 0
30 35 0 1 0 2 0 3 0 4 0 5 0 6 0 7 0 8 0 9 0
35 35 0 1 0 2 0 3 0 4 0 5 0 6 0 7 0 8 0 9 0
40 35 0 1 0 2 0 3 0 4 0 5 0 6 0 7 0 8 0 9 0
0 40 0 1 0 2 0 3 0 4 0 5 0 6 0 7 0 8 0 9 0
5 40 0 1 0 2 0 3 0 4 0 5 0 6 0 7 0 8 0 9 0
10 40 0 1 0 2 0 3 0 4 0 5 0 6 0 7 0 8 0 9 0
15 40 0 1 0 2 0 3 0 4 0 5 0 6 0 7 0 8 0 9 0
20 40 0 1 0 2 0 3 0 4 0 5 0 6 0 7 0 8 0 9 0
25 40 0 1 0 2 0 3 0 4 0 5 0 6 0 7 0 8 0 9 0
30 40 0 1 0 2 0 3 0 4 0 5 0 6 0 7 0 8 0 9 0
35 40 0 1 0 2 0 3 0 4 0 5 0 6 0 7 0 8 0 9 0
40 40 0 1 0 2 0 3 0 4 0 5 0 6 0 7 0 8 0 9 0
0 0 0 1 0 2 0 3 0 4 0 5 0 6 0 7 0 8 296.986 9 0
5 0 0 1 0 2 0 3 0 4 0 5 0 6 0 7 0 8 295.068 9 0
10 0 0 1 0 2 0 3 0 4 0 5 0 6 0 7 0 8 285.412 9 0
15 0 0 1 0 2 0 3 0 4 0 5 0 6 0 7 0 8 254.03 9 0
20 0 0 1 0 2 0 3 0 4 0 5 0 6 0 7 0 8 207.164 9 0
25 0 0 1 0 2 0 3 0 4 0 5 0 6 0 7 0 8 163.353 9 0
30 0 0 1 0 2 0 3 0 4 0 5 0 6 0 7 0 8 127.701 9 0
35 0 0 1 0 2 0 3 0 4 0 5 0 6 0 7 0 8 97.8519 9 0
0 5 0 1 0 2 0 3 0 4 0 5 0 6 0 7 0 8 290.529 9 0
5 5 0 1 0 2 0 3 0 4 0 5 0 6 0 7 0 8 285.143 9 0
10 5 0 1 0 2 0 3 0 4 0 5 0 6 0 7 0 8 271.068 9 0
15 5 0 1 0 2 0 3 0 4 0 5 0 6 0 7 0 8 235.029 9 0
20 5 0 1 0 2 0 3 0 4 0 5 0 6 0 7 0 8 190.727 9 0
25 5 0 1 0 2 0 3 0 4 0 5 0 6 0 7 0 8 189.588 9 0
30 5 0 1 0 2 0 3 0 4 0 5 0 6 0 7 0 8 118.426 9 0
35 5 0 1 0 2 0 3 0 4 0 5 0 6 0 7 0 8 91.5556 9 0
0 10 0 1 0 2 0 3 0 4 0 5 0 6 0 7 0 8 257.829 9 0
5 10 0 1 0 2 0 3 0 4 0 5 0 6 0 7 0 8 253.714 9 0
10 10 0 1 0 2 0 3 0 4 0 5 0 6 0 7 0 8 234.247 9 0
15 10 0 1 0 2 0 3 0 4 0 5 0 6 0 7 0 8 203.111 9 0
20 10 0 1 0 2 0 3 0 4 0 5 0 6 0 7 0 8 167.824 9 0
25 10 0 1 0 2 0 3 0 4 0 5 0 6 0 7 0 8 136.119 9 0
30 10 0 1 0 2 0 3 0 4 0 5 0 6 0 7 0 8 107.786 9 0
35 10 0 1 0 2 0 3 0 4 0 5 0 6 0 7 0 8 82.6667 9 0
0 15 0 1 0 2 0 3 0 4 0 5 0 6 0 7 0 8 207.2 9 0
5 15 0 1 0 2 0 3 0 4 0 5 0 6 0 7 0 8 205.235 9 0
10 15 0 1 0 2 0 3 0 4 0 5 0 6 0 7 0 8 191.086 9 0
15 15 0 1 0 2 0 3 0 4 0 5 0 6 0 7 0 8 166.765 9 0
20 15 0 1 0 2 0 3 0 4 0 5 0 6 0 7 0 8 138.328 9 0
25 15 0 1 0 2 0 3 0 4 0 5 0 6 0 7 0 8 114.176 9 0
30 15 0 1 0 2 0 3 0 4 0 5 0 6 0 7 0 8 90.3333 9 0
35 15 0 1 0 2 0 3 0 4 0 5 0 6 0 7 0 8 71.1724 9 0
0 20 0 1 0 2 0 3 0 4 0 5 0 6 0 7 0 8 159.077 9 0
5 20 0 1 0 2 0 3 0 4 0 5 0 6 0 7 0 8 157.824 9 0
10 20 0 1 0 2 0 3 0 4 0 5 0 6 0 7 0 8 148.418 9 0
15 20 0 1 0 2 0 3 0 4 0 5 0 6 0 7 0 8 132.085 9 0
20 20 0 1 0 2 0 3 0 4 0 5 0 6 0 7 0 8 101.846 9 0
25 20 0 1 0 2 0 3 0 4 0 5 0 6 0 7 0 8 92.0784 9 0
30 20 0 1 0 2 0 3 0 4 0 5 0 6 0 7 0 8 73.4194 9 0
35 20 0 1 0 2 0 3 0 4 0 5 0 6 0 7 0 8 59.2 9 0
0 25 0 1 0 2 0 3 0 4 0 5 0 6 0 7 0 8 120.246 9 0
5 25 0 1 0 2 0 3 0 4 0 5 0 6 0 7 0 8 120 9 0
10 25 0 1 0 2 0 3 0 4 0 5 0 6 0 7 0 8 112.852 9 0
15 25 0 1 0 2 0 3 0 4 0 5 0 6 0 7 0 8 96.4138 9 0
20 25 0 1 0 2 0 3 0 4 0 5 0 6 0 7 0 8 86.0339 9 0
25 25 0 1 0 2 0 3 0 4 0 5 0 6 0 7 0 8 72.1538 9 0
30 25 0 1 0 2 0 3 0 4 0 5 0 6 0 7 0 8 58.2857 9 0
35 25 0 1 0 2 0 3 0 4 0 5 0 6 0 7 0 8 52.6667 9 0
0 30 0 1 0 2 0 3 0 4 0 5 0 6 0 7 0 8 92.1778 9 0
5 30 0 1 0 2 0 3 0 4 0 5 0 6 0 7 0 8 90.7907 9 0
10 30 0 1 0 2 0 3 0 4 0 5 0 6 0 7 0 8 85.2973 9 0
15 30 0 1 0 2 0 3 0 4 0 5 0 6 0 7 0 8 73.92 9 0
20 30 0 1 0 2 0 3 0 4 0 5 0 6 0 7 0 8 70.125 9 0
25 30 0 1 0 2 0 3 0 4 0 5 0 6 0 7 0 8 53.76 9 0
30 30 0 1 0 2 0 3 0 4 0 5 0 6 0 7 0 8 49.6 9 0
35 30 0 1 0 2 0 3 0 4 0 5 0 6 0 7 0 8 46 9 0
0 35 0 1 0 2 0 3 0 4 0 5 0 6 0 7 0 8 63.3043 9 0
5 35 0 1 0 2 0 3 0 4 0 5 0 6 0 7 0 8 64.3636 9 0
10 35 0 1 0 2 0 3 0 4 0 5 0 6 0 7 0 8 60.3077 9 0
15 35 0 1 0 2 0 3 0 4 0 5 0 6 0 7 0 8 58 9 0
20 35 0 1 0 2 0 3 0 4 0 5 0 6 0 7 0 8 53.4545 9 0
25 35 0 1 0 2 0 3 0 4 0 5 0 6 0 7 0 8 46 9 0
30 35 0 1 0 2 0 3 0 4 0 5 0 6 0 7 0 8 44 9 0
35 35 0 1 0 2 0 3 0 4 0 5 0 6 0 7 0 8 40 9 0
0 0 0 1 0 2 0 3 0 4 0 5 0 6 0 7 292.119 8 0 9 0
5 0 0 1 0 2 0 3 0 4 0 5 0 6 0 7 287.045 8 0 9 0
10 0 0 1 0 2 0 3 0 4 0 5 0 6 0 7 271.71 8 0 9 0
15 0 0 1 0 2 0 3 0 4 0 5 0 6 0 7 240.754 8 0 9 0
20 0 0 1 0 2 0 3 0 4 0 5 0 6 0 7 199.701 8 0 9 0
25 0 0 1 0 2 0 3 0 4 0 5 0 6 0 7 157.391 8 0 9 0
30 0 0 1 0 2 0 3 0 4 0 5 0 6 0 7 122.78 8 0 9 0
35 0 0 1 0 2 0 3 0 4 0 5 0 6 0 7 89.6471 8 0 9 0
40 0 0 1 0 2 0 3 0 4 0 5 0 6 64 7 67.7333 8 0 9 0
0 5 0 1 0 2 0 3 0 4 0 5 0 6 0 7 292.529 8 0 9 0
5 5 0 1 0 2 0 3 0 4 0 5 0 6 0 7 285.543 8 0 9 0
10 5 0 1 0 2 0 3 0 4 0 5 0 6 0 7 273.075 8 0 9 0
15 5 0 1 0 2 0 3 0 4 0 5 0 6 0 7 237.943 8 0 9 0
20 5 0 1 0 2 0 3 0 4 0 5 0 6 0 7 193.2 8 0 9 0
25 5 0 1 0 2 0 3 0 4 0 5 0 6 0 7 151.365 8 0 9 0
30 5 0 1 0 2 0 3 0 4 0 5 0 6 0 7 117.046 8 0 9 0
35 5 0 1 0 2 0 3 0 4 0 5 0 6 84 7 85.4118 8 0 9 0
40 5 0 1 0 2 0 3 0 4 0 5 0 6 0 7 67.6129 8 0 9 0
0 10 0 1 0 2 0 3 0 4 0 5 0 6 0 7 287.761 8 0 9 0
5 10 0 1 0 2 0 3 0 4 0 5 0 6 0 7 275.478 8 0 9 0
10 10 0 1 0 2 0 3 0 4 0 5 0 6 0 7 254.706 8 0 9 0
15 10 0 1 0 2 0 3 0 4 0 5 0 6 0 7 221.543 8 0 9 0
20 10 0 1 0 2 0 3 0 4 0 5 0 6 0 7 179.522 8 0 9 0
25 10 0 1 0 2 0 3 0 4 0 5 0 6 136 7 140.364 8 0 9 0
30 10 0 1 0 2 0 3 112 4 0 5 0 6 0 7 110.386 8 0 9 0
35 10 0 1 0 2 0 3 0 4 0 5 0 6 0 7 80.7143 8 0 9 0
40 10 0 1 0 2 0 3 0 4 0 5 0 6 0 7 61.1429 8 0 9 0
0 15 0 1 0 2 0 3 0 4 0 5 0 6 0 7 252.299 8 0 9 0
5 15 0 1 0 2 0 3 0 4 0 5 0 6 0 7 242.629 8 0 9 0
10 15 0 1 0 2 0 3 0 4 0 5 0 6 0 7 220.406 8 0 9 0
15 15 0 1 0 2 0 3 0 4 0 5 0 6 0 7 190.551 8 0 9 0
20 15 0 1 0 2 0 3 0 4 0 5 0 6 0 7 155.647 8 0 9 0
25 15 0 1 0 2 0 3 0 4 0 5 0 6 0 7 121.875 8 0 9 0
30 15 0 1 0 2 0 3 0 4 0 5 0 6 0 7 94.2222 8 0 9 0
35 15 0 1 0 2 0 3 0 4 0 5 0 6 0 7 76 8 0 9 0
40 15 0 1 0 2 0 3 0 4 0 5 0 6 0 7 56.9231 8 0 9 0
0 20 0 1 0 2 0 3 0 4 0 5 0 6 0 7 205.394 8 0 9 0
5 20 0 1 0 2 0 3 0 4 0 5 0 6 0 7 197.075 8 0 9 0
10 20 0 1 0 2 0 3 0 4 0 5 0 6 0 7 175.938 8 0 9 0
15 20 0 1 0 2 0 3 0 4 0 5 0 6 0 7 155.478 8 0 9 0
20 20 0 1 0 2 0 3 0 4 0 5 0 6 0 7 130.154 8 0 9 0
25 20 0 1 0 2 0 3 0 4 0 5 0 6 0 7 101.586 8 0 9 0
30 20 0 1 0 2 0 3 0 4 0 5 0 6 0 7 79.6757 8 0 9 0
35 20 0 1 0 2 0 3 0 4 0 5 0 6 0 7 69.3913 8 0 9 0
40 20 0 1 0 2 0 3 0 4 0 5 0 6 0 7 54 8 0 9 0
0 25 0 1 0 2 0 3 0 4 0 5 0 6 0 7 158.294 8 0 9 0
5 25 0 1 0 2 0 3 0 4 0 5 0 6 0 7 150.062 8 0 9 0
10 25 0 1 0 2 0 3 0 4 0 5 0 6 0 7 131.93 8 0 9 0
15 25 0 1 0 2 0 3 0 4 0 5 0 6 0 7 118.774 8 0 9 0
20 25 0 1 0 2 0 3 0 4 0 5 0 6 0 7 98.7826 8 0 9 0
25 25 0 1 0 2 0 3 78 4 0 5 0 6 0 7 81 8 0 9 0
30 25 0 1 0 2 0 3 0 4 0 5 0 6 0 7 69.1429 8 0 9 0
35 25 0 1 0 2 0 3 0 4 0 5 0 6 0 7 58.2222 8 0 9 0
40 25 0 1 0 2 0 3 0 4 0 5 44 6 0 7 51.3333 8 0 9 0
0 30 0 1 0 2 0 3 0 4 0 5 0 6 0 7 112.267 8 0 9 0
5 30 0 1 0 2 0 3 0 4 0 5 0 6 0 7 108.525 8 0 9 0
10 30 0 1 0 2 0 3 0 4 0 5 0 6 0 7 98.8966 8 0 9 0
15 30 0 1 0 2 0 3 0 4 0 5 0 6 0 7 85.9487 8 0 9 0
20 30 0 1 0 2 0 3 72 4 0 5 0 6 0 7 74.9412 8 0 9 0
25 30 0 1 0 2 0 3 0 4 0 5 0 6 0 7 66.7586 8 0 9 0
30 30 0 1 0 2 0 3 0 4 0 5 0 6 54.6667 7 61.7778 8 0 9 0
35 30 0 1 0 2 0 3 0 4 0 5 0 6 0 7 48.6667 8 0 9 0
40 30 0 1 0 2 0 3 0 4 0 5 56 6 0 7 44 8 0 9 0
0 35 0 1 0 2 0 3 0 4 0 5 0 6 0 7 79.8261 8 0 9 0
5 35 0 1 0 2 0 3 0 4 0 5 0 6 0 7 78.0571 8 0 9 0
10 35 0 1 0 2 0 3 0 4 0 5 68 6 0 7 70.1818 8 0 9 0
15 35 0 1 0 2 0 3 0 4 0 5 0 6 0 7 68.7273 8 0 9 0
20 35 0 1 0 2 0 3 0 4 0 5 0 6 60 7 59.2941 8 0 9 0
25 35 0 1 0 2 0 3 0 4 0 5 0 6 0 7 52.6667 8 0 9 0
30 35 0 1 0 2 0 3 0 4 0 5 0 6 0 7 48 8 0 9 0
35 35 0 1 0 2 0 3 0 4 0 5 0 6 0 7 0 8 0 9 0
40 35 0 1 0 2 0 3 0 4 0 5 0 6 0 7 0 8 0 9 0
0 40 0 1 0 2 0 3 52 4 0 5 0 6 60 7 61.3333 8 0 9 0
5 40 0 1 0 2 0 3 0 4 0 5 0 6 0 7 63.2727 8 0 9 0
10 40 0 1 0 2 0 3 52 4 0 5 0 6 0 7 54.5 8 0 9 0
15 40 0 1 0 2 0 3 0 4 0 5 0 6 56 7 53.3333 8 0 9 0
20 40 0 1 0 2 0 3 52 4 0 5 0 6 0 7 51 8 0 9 0
25 40 0 1 0 2 0 3 0 4 0 5 0 6 0 7 40 8 0 9 0
30 40 0 1 0 2 0 3 0 4 0 5 0 6 0 7 0 8 0 9 0
35 40 0 1 0 2 0 3 0 4 0 5 0 6 0 7 0 8 0 9 0
